#0.0000 0.0000 95.000000 -1 0.000 #x,y,theta,t,z
0.000 0.000 0.000 0 0.000
12.325 559.310 87.249 1 -10.801
16.192 784.925 87.566 2 -8.318
2.473 1183.767 90.759 3 -23.526
20.837 1568.735 84.560 4 -23.327
16.441 1973.186 89.913 5 -10.490
5.613 2393.705 90.614 6 -6.497
-12.983 2889.976 92.025 7 -4.808
-20.042 3436.358 89.374 8 -10.378
-32.345 3969.092 91.435 9 -26.298
-46.372 4507.226 92.634 10 -30.617
-43.834 4993.955 88.339 11 -32.986
-61.790 5543.454 92.084 12 -35.124
-79.915 6054.980 91.334 13 -62.033
-94.308 6584.984 93.727 14 -93.355
-99.715 7125.498 88.958 15 -111.302
-110.500 7645.385 86.491 16 -127.109
-119.673 8166.156 89.881 17 -141.651
-121.711 8647.383 85.640 18 -146.795
-124.823 9164.213 90.435 19 -178.789
-304.238 9522.584 91.175 20 -130.202
-282.627 9989.003 81.976 21 -120.402
-291.476 10449.688 90.451 22 -127.037
-362.711 10906.626 104.365 23 -69.133
-336.581 11431.405 82.715 24 -85.910
-530.397 11790.300 89.676 25 -122.198
-540.632 12287.487 88.524 26 -154.200
-551.883 12943.778 89.841 27 -179.585
-538.522 13560.223 83.326 28 -209.335
-744.995 14007.020 89.514 29 -184.980
-753.088 14525.386 90.287 30 -204.298
-774.844 15146.468 90.141 31 -216.172
-765.781 15736.102 86.793 32 -245.985
-955.940 16209.435 89.758 33 -202.283
-947.000 16765.074 87.171 34 -231.457
-976.225 17320.012 92.880 35 -259.477
-998.669 18017.967 92.398 36 -292.449
-1015.489 18604.955 87.337 37 -317.649
-1215.324 19302.155 88.013 38 -287.572
-1221.559 19859.988 89.630 39 -316.007
-1251.970 20475.357 94.285 40 -363.529
-1266.660 21045.077 91.349 41 -368.683
-1260.218 21715.503 88.060 42 -409.953
-1473.812 22228.902 90.427 43 -374.348
-1500.028 22838.686 92.596 44 -410.260
-1525.694 23406.284 94.717 45 -459.971
-1727.497 23879.734 96.419 46 -397.463
-1707.374 24361.677 83.918 47 -437.337
-1762.009 24808.883 99.466 48 -436.555
-1681.815 25331.631 82.403 49 -465.686
-1836.176 25718.068 91.495 50 -420.528
-1843.786 26224.907 93.050 51 -450.988
-1836.534 26689.466 90.816 52 -488.952
-1920.853 27008.602 90.894 53 -407.697
-1910.252 27283.861 86.477 54 -334.193
-1921.162 27558.432 92.846 55 -363.364
-2010.545 27476.659 87.493 56 -250.497
-1974.141 27527.527 1.887 57 -210.070
-1912.826 27521.229 -55.672 58 -129.442
-1865.082 27578.795 -4.799 59 -113.941
-1845.305 27562.573 -77.506 60 -90.563
-1822.597 27500.655 -69.376 61 -86.380
-1438.879 27753.238 -2.255 62 15.523
-1226.607 28183.126 -13.604 63 82.696
-935.097 28422.173 -0.853 64 112.931
-596.511 29085.181 -1.677 65 116.807
-181.946 29285.659 -7.879 66 165.712
353.388 29972.130 4.499 67 203.079
844.899 30207.435 3.367 68 270.424
1364.499 30602.510 -11.693 69 274.186
1801.710 30658.455 -6.820 70 340.185
2210.894 30750.365 0.128 71 409.835
2636.440 30790.441 -3.900 72 448.894
3188.374 31039.990 1.822 73 412.583
3603.896 31038.323 -8.223 74 465.354
3967.035 31049.014 -3.237 75 507.128
4120.647 31059.789 10.784 76 515.851
4485.284 31087.735 3.946 77 564.076
4905.639 31115.062 8.626 78 611.241
5292.854 31265.967 0.475 79 526.885
5788.642 31293.538 4.618 80 589.492
6245.020 31309.401 1.987 81 651.596
6624.884 31306.686 -3.080 82 739.360
6951.248 31380.728 1.052 83 631.904
7407.394 31413.067 5.109 84 698.548
7876.956 31409.809 -1.998 85 772.761
8283.908 31448.252 8.245 86 830.074
8876.682 31466.702 -2.712 87 889.656
9207.523 31540.317 0.761 88 744.831
9636.075 31534.006 -6.067 89 816.970
10104.218 31567.305 1.793 90 890.356
10437.826 31610.581 -3.665 91 743.686
10863.802 31622.522 3.976 92 801.829
11318.991 31630.953 -1.817 93 868.992
11760.227 31651.629 -0.115 94 931.108
12248.177 31723.175 -2.930 95 766.066
12679.687 31724.926 -0.900 96 829.545
13093.026 31742.281 -1.787 97 894.350
13630.648 31803.254 -2.938 98 744.686
14061.481 31818.633 2.903 99 799.670
14498.028 31811.143 -1.260 100 832.391
14926.223 31891.228 1.210 101 703.792
15468.459 31896.347 -0.724 102 777.773
16070.201 31920.162 1.693 103 844.058
16601.476 31971.166 -0.386 104 745.738
16962.242 31967.645 -4.579 105 790.616
17419.252 31904.112 -10.391 106 866.543
17915.701 31991.106 -2.055 107 742.131
18452.217 31964.809 -3.852 108 806.400
18978.154 31952.006 -0.662 109 873.188
19333.115 32017.132 -8.463 110 757.027
19754.757 32010.004 -1.287 111 811.751
19934.143 32013.931 -1.754 112 813.829
20136.791 31995.632 -0.593 113 851.208
20601.022 32069.196 -4.407 114 753.982
20921.943 32034.572 -6.868 115 800.508
21406.455 32049.082 -2.160 116 875.125
21861.167 32091.580 -7.361 117 744.722
22403.360 32046.151 -6.604 118 836.208
22823.742 32114.131 -8.545 119 735.407
23481.791 32085.832 -9.044 120 810.809
23865.964 32038.447 -10.134 121 930.529
24121.392 32159.112 0.164 122 794.374
24679.743 32153.763 -1.659 123 876.223
24924.591 32258.795 -6.837 124 755.916
25380.815 32256.885 -5.214 125 808.923
25618.706 32366.271 -3.136 126 702.988
26016.962 32345.610 -6.784 127 761.603
26443.927 32326.450 -6.530 128 818.902
26706.442 32456.429 -5.496 129 701.023
27187.644 32449.745 -6.115 130 760.419
27552.021 32569.812 -3.745 131 684.914
28043.879 32556.877 -7.828 132 775.176
28524.232 32545.803 -6.304 133 853.957
29445.046 32553.311 17.096 134 533.373
30316.569 32791.087 2.205 135 316.515
30909.916 32904.031 -2.706 136 267.041
31316.071 32884.077 -7.534 137 330.878
31599.130 32884.520 -2.011 138 362.391
32005.707 32882.083 -7.044 139 456.123
32398.929 32954.130 -5.701 140 374.557
32785.264 32921.454 -11.931 141 425.056
33222.688 32817.462 -20.778 142 578.888
33487.363 32922.510 -1.937 143 500.456
33970.398 32893.147 -6.852 144 573.844
34466.163 32893.082 -5.985 145 655.348
34728.433 32971.224 -7.815 146 575.303
35309.999 32946.585 -6.627 147 680.073
35741.056 32878.450 -10.643 148 785.917
36215.845 32999.219 -3.563 149 636.817
36828.880 32955.886 -8.038 150 718.221
37391.153 32924.317 -2.751 151 852.105
37956.265 33040.331 -8.255 152 737.958
38423.819 33030.009 -4.365 153 811.451
39128.326 33128.051 -5.201 154 718.124
39622.862 33101.233 -5.542 155 795.780
40139.885 33072.138 -8.660 156 877.527
40857.529 33193.228 0.109 157 764.934
41468.182 33166.761 -5.048 158 851.152
42272.145 33252.680 -8.401 159 753.390
42915.156 33241.183 -4.804 160 825.857
43375.150 33247.690 -4.196 161 893.673
43927.444 33374.632 -3.668 162 713.385
43894.726 33363.417 6.432 163 685.626
44179.516 33340.283 -8.400 164 717.548
44738.459 33462.748 -3.589 165 581.669
45351.102 33464.365 -3.784 166 660.353
46194.374 33468.629 -1.939 167 732.128
47047.261 33575.999 -5.761 168 661.878
47703.434 33547.089 -7.670 169 766.589
48443.585 33640.226 -5.113 170 685.955
48925.599 33655.857 -2.456 171 790.092
49465.109 33763.928 -2.276 172 691.857
50014.820 33724.990 -7.201 173 801.575
50487.119 33823.372 -4.302 174 694.274
51075.246 33798.291 -3.448 175 800.951
51441.450 33880.799 -3.928 176 722.697
51946.836 33905.479 0.368 177 790.537
52523.537 33972.413 -1.116 178 722.765
53124.304 33962.904 -1.550 179 813.879
53740.693 33941.483 -0.301 180 901.792
54299.948 34038.024 2.945 181 801.383
54851.085 34003.116 -5.168 182 895.226
55316.402 34048.086 -3.504 183 797.936
55706.571 34067.400 4.705 184 861.023
55958.284 34097.791 -5.132 185 793.779
56303.755 34088.345 -3.893 186 882.983
56550.393 34089.559 -11.354 187 799.839
57049.774 34017.125 -9.464 188 905.067
57271.865 34047.512 -7.481 189 792.553
57299.239 34152.797 24.875 190 389.488
56949.033 34328.654 171.233 191 131.362
57128.589 34379.320 -3.479 192 135.555
57395.148 34346.589 -5.371 193 190.934
57572.436 34364.999 -5.102 194 209.995
57642.419 34405.723 -2.035 195 200.933
57831.504 34367.595 -14.691 196 235.091
58049.037 34363.961 -7.097 197 234.876
58005.219 34393.374 -3.656 198 207.880
58047.574 34368.481 -15.797 199 218.722
58105.645 34271.854 -85.831 200 219.601
58309.243 34162.259 -72.965 201 212.258
58167.696 34155.902 -126.166 202 151.159
58190.071 33990.698 -89.293 203 112.198
58441.056 33578.602 -81.532 204 128.213
58718.903 33215.681 -94.966 205 143.962
59133.116 32816.505 -91.343 206 131.832
59423.033 32357.976 -87.161 207 122.952
59809.761 31934.264 -93.336 208 93.764
59920.024 31574.407 -92.255 209 91.912
60101.376 30904.828 -93.178 210 102.553
60464.711 30144.516 -90.780 211 74.955
60505.183 29857.585 -96.356 212 87.224
60563.711 29368.455 -98.111 213 99.710
60548.936 28922.771 -99.110 214 121.756
60753.747 28463.895 -99.397 215 86.245
60737.330 28000.835 -95.655 216 94.912
60691.505 27583.206 -103.167 217 89.256
60687.796 27159.979 -96.591 218 94.921
60689.481 26623.919 -96.648 219 102.290
60858.905 26202.251 -96.395 220 84.824
60833.586 25753.156 -97.484 221 97.065
60811.394 25343.622 -96.963 222 88.281
60800.963 25012.249 -101.791 223 91.489
60971.463 24799.476 -96.873 224 70.900
60951.935 24388.154 -99.204 225 75.945
60932.551 24022.443 -95.173 226 53.459
60903.631 23641.402 -105.692 227 49.277
61066.372 23410.251 -101.002 228 9.723
61010.074 22956.167 -103.831 229 -39.553
61077.692 22866.311 -111.432 230 -49.325
61011.907 22404.337 -107.487 231 -101.074
61296.083 21731.968 -51.676 232 575.998
61370.849 21479.060 -106.027 233 265.525
61437.250 21244.208 -108.190 234 112.681
61370.572 20782.349 -107.041 235 75.236
61289.950 20240.330 -105.227 236 45.458
61437.837 20027.088 -101.218 237 -12.283
61408.875 19445.893 -100.151 238 -47.763
61501.407 19074.282 -107.003 239 -82.203
61462.006 18357.884 -101.036 240 -123.066
61602.715 18015.612 -96.789 241 -154.887
61585.056 17398.104 -97.480 242 -205.562
61713.864 17072.246 -101.651 243 -203.514
61707.580 16468.803 -99.693 244 -255.132
61803.988 16149.695 -102.173 245 -272.883
61779.389 15449.260 -97.311 246 -322.359
61922.593 15122.858 -102.682 247 -314.571
61870.155 14521.944 -98.418 248 -336.498
62027.948 14068.406 -100.494 249 -291.926
61982.330 13460.147 -96.457 250 -370.055
62130.039 13036.702 -97.982 251 -379.600
62114.201 12465.793 -96.745 252 -431.943
62286.065 12012.382 -98.231 253 -430.240
62246.964 11444.113 -100.453 254 -472.845
62377.977 10899.240 -100.114 255 -464.618
62493.587 10424.955 -101.387 256 -467.660
62464.853 9808.882 -95.609 257 -536.230
62572.880 9166.948 -99.742 258 -515.478
62478.690 8572.561 -102.030 259 -595.316
62614.306 7910.464 -95.666 260 -577.471
62589.801 7557.020 -100.555 261 -646.786
62699.581 7150.091 -107.074 262 -394.020
62692.790 7113.538 -89.602 263 -374.640
62685.840 7130.545 113.192 264 -363.812
62674.043 7112.199 123.424 265 -369.192
62693.433 7144.822 35.335 266 -315.100
62838.309 7076.170 27.219 267 -208.926
62833.508 7022.180 -93.763 268 -215.692
62544.264 6861.944 -175.509 269 -267.742
62259.523 6416.127 169.813 270 -247.958
61821.091 6086.077 170.611 271 -346.688
61509.380 5435.227 161.024 272 -324.540
60945.670 5050.390 165.349 273 -430.763
60503.873 4337.116 161.511 274 -392.991
60106.759 4266.681 161.080 275 -460.306
59594.667 3833.899 165.825 276 -441.914
59123.057 3676.108 179.227 277 -508.256
58688.018 3591.685 166.642 278 -601.224
58150.292 3186.237 175.725 279 -532.817
57735.184 3172.060 169.440 280 -612.663
57256.247 3171.985 166.600 281 -683.351
56767.121 2938.599 172.384 282 -598.412
56518.397 2919.618 178.082 283 -604.298
56170.472 2922.233 174.452 284 -634.705
55638.670 3007.898 163.858 285 -717.427
55190.399 2887.625 164.344 286 -624.893
54769.366 2954.367 166.441 287 -708.699
54158.487 2937.025 158.403 288 -672.941
53662.582 2960.569 175.139 289 -720.377
53260.949 3020.485 165.333 290 -819.937
52825.058 2941.734 164.236 291 -747.759
52329.787 2908.090 162.955 292 -733.014
51860.511 2897.237 179.758 293 -726.655
51326.153 2968.648 169.647 294 -778.494
50918.481 2884.678 164.259 295 -736.572
50423.236 2942.336 166.377 296 -824.549
49964.767 2865.822 161.213 297 -715.491
49685.694 2672.516 -170.130 298 -618.311
49255.941 2701.633 172.401 299 -645.190
48886.516 2754.810 166.828 300 -743.473
48622.581 2635.493 168.592 301 -632.464
48108.590 2721.829 163.320 302 -732.862
47771.164 2651.830 168.086 303 -696.280
47380.274 2689.304 171.269 304 -754.041
47053.174 2646.919 165.899 305 -701.928
46516.423 2643.521 179.957 306 -740.464
46181.410 2706.728 166.817 307 -831.615
46021.950 2631.707 163.602 308 -770.893
45712.288 2659.135 175.926 309 -811.015
45582.433 2572.066 168.648 310 -749.092
45112.830 2581.781 175.356 311 -804.834
44874.756 2450.301 -179.889 312 -701.202
44551.764 2480.989 171.490 313 -759.597
44046.718 2469.409 -177.650 314 -838.933
43893.012 2352.667 173.612 315 -724.343
43464.234 2379.271 169.941 316 -777.468
43159.961 2289.879 171.640 317 -694.575
42730.243 2325.684 172.355 318 -776.060
42242.657 2228.583 -159.122 319 -758.494
41830.715 2248.038 172.428 320 -838.400
41406.124 2172.976 165.474 321 -690.335
41029.234 2188.915 178.145 322 -749.282
40633.523 2061.507 -173.279 323 -633.988
40326.090 2075.179 175.266 324 -694.012
39968.910 2089.429 175.503 325 -733.531
39694.288 2091.557 171.711 326 -807.195
39401.741 2013.739 172.007 327 -657.728
39057.229 2016.651 177.861 328 -725.066
38777.551 2060.400 166.878 329 -795.234
38416.062 2081.378 174.653 330 -838.038
37984.801 2015.243 173.307 331 -697.015
37671.322 2020.909 177.662 332 -746.334
37414.178 2045.896 170.189 333 -813.380
37128.386 1956.469 175.875 334 -706.418
36715.355 1986.778 173.033 335 -774.486
36355.746 2012.008 171.124 336 -848.911
35902.526 1962.090 168.105 337 -753.837
35574.847 1973.050 177.649 338 -815.448
35151.220 1955.873 -178.742 339 -864.243
34857.101 1882.162 176.171 340 -756.601
34737.371 1872.614 -177.462 341 -766.331
34397.199 1901.550 170.064 342 -810.134
33892.222 1969.274 164.093 343 -861.125
33585.907 1846.025 -176.586 344 -696.896
33178.959 1913.202 165.371 345 -772.022
32859.156 1889.973 -175.671 346 -783.020
32681.576 1775.895 -178.283 347 -609.843
32356.006 1780.641 178.233 348 -656.298
32007.431 1810.762 169.650 349 -712.747
31714.479 1850.045 166.930 350 -783.100
31486.936 1717.688 -174.620 351 -585.201
31107.797 1764.318 166.557 352 -640.295
30779.376 1800.637 165.740 353 -724.801
30478.976 1744.150 165.738 354 -615.250
30091.509 1802.049 166.399 355 -703.513
29687.072 1831.067 170.242 356 -796.279
29340.009 1755.855 163.526 357 -697.033
28997.260 1725.867 -173.508 358 -714.811
28797.476 1769.703 165.241 359 -780.229
28508.244 1675.813 166.379 360 -645.715
28225.414 1677.258 178.144 361 -657.505
27957.413 1645.166 -167.985 362 -672.966
27693.464 1693.526 164.082 363 -699.780
27525.291 1601.368 164.369 364 -578.286
27170.026 1385.593 -132.291 365 -359.817
26906.236 1406.606 169.091 366 -431.159
26576.850 1337.532 -159.753 367 -410.361
26162.043 1306.714 -173.601 368 -399.847
25849.185 1274.761 -171.656 369 -424.757
25467.240 1256.658 -173.606 370 -435.522
25077.899 1294.468 168.207 371 -502.008
24680.821 1257.414 -170.035 372 -445.859
24370.580 1278.607 172.036 373 -492.449
24122.761 1158.645 -170.218 374 -337.800
23827.712 1170.974 175.294 375 -400.158
23475.202 1190.833 173.749 376 -425.440
23302.290 1202.876 169.131 377 -436.920
23011.785 1251.924 162.080 378 -469.075
22531.750 1237.231 -174.525 379 -517.305
22320.137 1226.002 157.458 380 -422.193
21967.185 1261.614 168.778 381 -487.932
21580.303 1350.658 156.545 382 -584.615
21350.387 1277.472 174.797 383 -498.349
20904.597 1352.307 160.401 384 -569.898
20475.190 1430.264 161.140 385 -652.229
20010.860 1370.656 166.361 386 -598.564
19555.025 1441.512 164.133 387 -687.925
19036.484 1521.551 162.903 388 -753.674
18566.992 1421.852 169.392 389 -698.974
17983.194 1318.946 167.111 390 -622.237
17560.002 1368.601 166.758 391 -695.229
17189.044 1367.408 171.885 392 -790.110
16356.290 1246.627 173.005 393 -724.333
16007.205 1294.731 167.316 394 -788.378
15682.363 1355.601 167.210 395 -847.937
14859.941 1148.939 -171.903 396 -732.254
14483.314 1116.652 -169.456 397 -731.744
14072.116 1149.800 170.403 398 -802.931
13651.017 1172.084 166.353 399 -867.145
12830.690 1023.869 170.690 400 -735.820
12385.917 1116.094 161.773 401 -800.240
11725.025 1022.358 166.024 402 -690.706
11232.652 1012.100 -179.468 403 -752.677
10736.293 834.046 -165.411 404 -581.587
10287.433 870.989 172.286 405 -661.501
9831.541 928.907 165.938 406 -743.946
9322.817 960.531 177.910 407 -782.849
8863.081 807.498 -172.830 408 -637.989
8639.854 488.089 -131.950 409 -385.563
8131.045 519.048 172.480 410 -393.104
7768.167 545.501 171.234 411 -227.606
7278.111 349.509 -149.314 412 -354.404
6947.716 411.105 166.441 413 -432.579
6804.229 350.468 -173.349 414 -359.998
6621.141 332.833 -175.173 415 -411.486
6292.709 364.830 169.797 416 -506.557
6192.793 353.723 -178.116 417 -427.777
5930.266 394.215 169.719 418 -513.799
5644.700 290.155 -150.266 419 -506.855
5496.276 176.064 -157.600 420 -350.327
5400.079 164.271 -173.043 421 -411.785
5225.711 186.046 179.621 422 -462.099
5254.196 234.383 178.958 423 -395.154
5022.507 251.352 176.384 424 -460.977
4985.067 266.059 168.253 425 -490.173
4961.551 307.381 94.505 426 -467.313
4928.390 270.235 -104.436 427 -408.145
4881.095 277.061 130.218 428 -385.038
4931.230 322.243 72.109 429 -367.590
4875.626 329.047 18.307 430 -326.743
4934.348 375.773 66.291 431 -341.765
4983.268 613.252 83.043 432 -208.088
4664.213 1052.101 85.559 433 -214.451
4282.332 1310.250 86.355 434 -110.182
4157.009 1446.155 96.813 435 -133.655
3666.154 1671.129 85.256 436 -88.256
3136.635 2153.369 96.775 437 -83.696
2194.891 2725.113 89.016 438 -102.696
1770.348 3337.015 87.142 439 -96.947
882.946 4057.218 90.484 440 -105.472
633.095 4729.410 95.587 441 -127.827
264.019 5379.255 78.993 442 -112.386
174.820 5941.403 89.429 443 -114.408
81.924 6476.803 93.267 444 -130.436
-1.086 7170.965 87.652 445 -152.876
-30.052 7793.987 87.117 446 -172.445
-356.334 8460.495 95.850 447 -146.031
-383.439 8974.219 88.909 448 -175.566
-383.855 9409.576 88.373 449 -190.714
-423.076 9854.375 98.836 450 -200.562
-427.810 10220.902 90.263 451 -147.628
-478.917 10787.429 95.307 452 -176.092
-475.590 11362.923 86.618 453 -187.138
-445.491 11815.238 85.404 454 -163.449
-663.843 12277.797 93.521 455 -91.069
-669.148 12640.222 91.241 456 -39.753
-713.810 13093.135 98.218 457 -69.969
-730.993 13593.698 89.801 458 -95.546
-777.898 14121.168 98.008 459 -94.585
-798.439 14650.498 90.218 460 -113.185
-823.589 15210.175 92.010 461 -101.693
-1033.808 15605.542 93.848 462 -81.150
-1037.570 16168.829 86.959 463 -91.335
-1055.856 16701.733 91.553 464 -117.417
-1076.022 17288.886 93.387 465 -144.887
-1112.411 17880.415 94.429 466 -192.063
-1165.340 18495.022 94.876 467 -209.086
-1362.590 18927.688 95.742 468 -167.537
-1372.478 19482.964 90.118 469 -208.979
-1400.729 19955.503 95.833 470 -240.512
-1407.689 20242.677 90.699 471 -260.767
-1400.465 20697.654 85.131 472 -260.199
-1388.870 21152.712 88.133 473 -263.261
-1371.015 21563.656 81.821 474 -286.304
-1374.515 22301.992 84.711 475 -307.978
-1549.316 22608.440 89.382 476 -251.793
-1528.621 23062.022 84.968 477 -243.711
-1509.759 23604.895 84.697 478 -269.174
-1506.135 24075.001 88.984 479 -294.887
-1647.991 24322.217 86.278 480 -233.761
-1627.360 24858.956 84.359 481 -283.372
-1614.520 25358.804 86.285 482 -311.772
-1592.636 25900.245 87.230 483 -355.265
-1709.396 26267.206 84.997 484 -330.901
-1676.951 26714.602 84.133 485 -391.944
-1678.010 27162.836 84.815 486 -429.001
-1787.342 27371.924 85.412 487 -376.042
-1779.326 27606.135 84.261 488 -390.137
-1851.547 27817.916 105.158 489 -405.211
-1818.864 28004.151 80.290 490 -400.336
-1903.103 28053.897 80.261 491 -345.824
-1912.890 28192.739 93.697 492 -378.737
-1911.892 28393.673 90.339 493 -393.155
