0 4.0477065092925e+01 2.6351691401084e+02 5.4113280874228e+01 1.9199511868390e-03
1 -3.5321411013402e+01 9.8846067596744e+02 -1.0823195018859e+02 1.9199511868390e-03
2 7.7321404719067e+01 6.5133312333700e+02 -5.9871788824798e+01 1.9181815576713e-03
3 -1.5791684524349e+01 1.7512568689974e+03 9.1841370886211e+01 1.9823987023988e-03
4 -8.1049770393990e+00 8.6900683237677e+02 9.7924765930397e+01 1.9199511868390e-03
5 1.8181958444899e+01 6.8065807824667e+02 8.5482671862275e+01 1.9199511894752e-03
6 7.1104386992263e+00 1.3825924425884e+03 8.9742087003868e+01 3.7150759300789e-03
7 2.8382449348597e+01 1.4417400606297e+03 4.3264821000978e+01 1.9139572483912e-03
8 -6.0479430343008e+00 1.2465553936334e+03 8.9898165791201e+01 3.8191331821869e-03
9 7.8923633216033e+00 7.5763597138967e+02 8.9888277437121e+01 3.8160862386213e-03
10 -1.5353743443779e+01 1.2394042550974e+03 9.1698185242096e+01 2.0238019968648e-03
11 3.0570918919725e+01 9.0237482395273e+02 8.5569017055776e+01 1.9197122087019e-03
12 3.1021730506110e+01 9.6012621373010e+01 7.9832161450303e+01 1.9199511868390e-03
13 4.4908268252445e+01 5.3228050404865e+02 -5.8834603645069e+01 1.9199511868390e-03
14 -1.7142009188898e+01 1.1082007424084e+03 9.1262982099132e+01 2.3094587298676e-03
15 -4.4230114005369e+01 3.3062341757622e+02 1.0028756720399e+02 1.9199511868390e-03
16 3.4757273854703e+01 5.7512489498992e+02 8.4277941727884e+01 1.9199284012055e-03
17 3.3133361200364e+01 -1.7535631232309e+02 8.1008950325080e+01 1.9124138513505e-03
18 2.0142589641463e+01 1.1918018630655e+03 8.8074741291026e+01 1.9660849752951e-03
19 7.8587848636056e+01 5.0631508649057e+02 7.6792659719918e+01 1.9178856457970e-03
20 1.7732378681719e+01 3.2918171684919e+02 8.6367327049680e+01 1.9199547530275e-03
21 -1.7673221132678e+01 2.7907705534135e+01 9.8019462041627e+01 1.9199511868390e-03
22 -1.4274390614389e+01 1.1212053924870e+03 9.1149251309285e+01 2.4322264239179e-03
23 5.2422263261669e+01 7.2561671189234e+02 6.2508087171354e+01 1.9193314148963e-03
24 -1.5473154543286e+01 2.3694953119665e+02 1.1386184414579e+02 1.9199511868390e-03
25 4.7205753438257e+01 9.2288855238482e+02 8.2009236188688e+01 1.9183965822264e-03
26 3.3737964213393e+01 1.1186546554625e+03 8.6799988270063e+01 1.9161147835369e-03
27 2.5256726431771e+01 4.9133257645853e+01 8.4251733804211e+01 1.9199511868391e-03
28 1.7595034371293e+01 8.9107163500910e+02 7.5452748597615e+01 1.9196360014541e-03
29 5.9301085458485e+00 3.4637084674799e+02 -8.7068956824638e+01 1.9160181982180e-03
30 -6.4231292183034e+01 4.2887339709633e+02 1.0138385274149e+02 1.9199511868390e-03
31 7.7108676853863e+01 -1.9546282461230e+02 -7.8594980680837e+01 1.9113146214820e-03
32 -3.6802170209712e+00 2.9984434014849e+02 -8.9739840762807e+01 1.9199511868390e-03
33 1.2577736668009e+01 1.1374584674432e+03 8.7939716829231e+01 1.9469740858616e-03
34 3.6926961813526e+01 3.6519194241263e+02 8.2992092742923e+01 1.9199511868390e-03
35 -2.0681192265276e+01 7.0668733267162e+02 9.2739181901619e+01 1.9210097763278e-03
36 -8.7860013469390e+01 5.1349943023736e+02 1.2422377354114e+02 1.9199511868390e-03
37 -6.0879193994148e+01 1.1080458264713e+03 1.0214608619335e+02 1.9199511868390e-03
38 4.2799802332165e+01 1.8208337038480e+02 7.5648532120458e+01 1.9199501883716e-03
39 -3.0199572949503e+01 1.2088334063326e+03 9.3403818195628e+01 1.9199690337745e-03
40 -8.0884674297780e+01 1.0803483941748e+03 9.8667551179533e+01 1.9199511868390e-03
41 6.9624798528783e+01 7.9638533637320e+02 7.7441036294771e+01 1.9179610311457e-03
42 4.8800412224302e+00 1.3651090168038e+03 9.7631906508169e+01 1.9187590197476e-03
43 -1.7254477547165e+01 2.6509555843276e+02 9.3432726696325e+01 1.9199658332826e-03
44 -3.6342751649562e+01 1.1520430687492e+03 9.3388543739582e+01 1.9199709848494e-03
45 7.3689554065531e+01 3.2131863670887e+02 7.8866768996841e+01 1.9198707997150e-03
46 -7.8123808418384e-01 2.0772899584196e+03 8.9876069656263e+01 3.7984923836919e-03
47 4.7195680957453e+01 5.9252665300485e+02 8.5706586303736e+01 1.9193774956285e-03
48 2.3453046243307e+01 9.6069128547631e+02 -8.4010219801520e+01 1.9128080178172e-03
49 -4.1551141419994e+00 1.3172711109929e+03 9.0557754043505e+01 3.3261210038009e-03
50 -3.3707485550733e+01 9.9780087743570e+02 1.0773301394769e+02 1.9199511868390e-03
51 4.2115844603590e+01 1.6259402972161e+03 8.5070243414982e+01 1.9107108707648e-03
52 3.9836833934669e+01 8.2531801904016e+02 7.7455818879338e+01 1.9194783630143e-03
53 -4.0874470359471e+00 1.1208075833281e+03 -9.1337970000823e+01 1.9198627367001e-03
54 -1.0272319031753e+01 1.3307264904716e+03 9.3813258798356e+01 1.9191380109994e-03
55 -3.0878144537118e+01 7.1750528432177e+02 1.0922740318663e+02 1.9199511868390e-03
56 3.0203779183395e+01 6.6016000148699e+02 7.4555297184933e+00 1.9199511868390e-03
57 -1.7990318408985e+01 -2.5316855483866e+01 9.7964447199119e+01 1.7454136606733e-04
58 6.5047829499842e+01 1.0701036053105e+03 7.9854718949314e+01 1.9136493439728e-03
59 -9.2163996023548e-01 2.0688893628345e+02 9.9973722428060e+01 1.9199511868390e-03
60 -1.3706682114894e+01 4.5734025359939e+01 9.3113177872406e+01 1.9200698078531e-03
61 1.3428339215250e+01 1.2856136179042e+03 8.8882186652337e+01 2.4690669167047e-03
62 2.2185402229271e+01 5.1112021049655e+02 8.6341915322494e+01 1.9199541499112e-03
63 -2.5174737258914e-01 1.6910772065374e+02 8.9663389271442e+01 3.6342305220775e-03
64 7.3879959598213e+01 -1.1849926072802e+02 7.3005573547521e+01 1.9192979820402e-03
65 -1.9915224731133e+01 4.0292346564352e+02 -9.5681505806330e+01 1.9199511868390e-03
66 -3.5498335976831e+01 7.5783325661945e+01 1.1028656033448e+02 1.9199511868390e-03
67 5.4239213264635e+01 -1.2969198437786e+02 7.5525524876145e+01 1.9189942309164e-03
68 2.1777011216951e+01 9.9359123133242e+02 6.0940372905447e+01 1.9195682645013e-03
69 4.8502302823742e+01 1.6398797066945e+02 -5.9380743429962e+01 1.9199511868390e-03
70 1.2816906087293e+01 8.3889818175071e+02 8.8182516573852e+01 1.9905355642480e-03
71 -4.0545977359698e+01 1.6211114377203e+03 9.5465702323014e+01 1.9196916232833e-03
72 -2.6874427970331e+01 1.9962890655444e+02 1.1027031819832e+02 1.9199511868390e-03
73 1.0123711040944e+00 1.2717212655831e+03 8.8577272774470e+01 2.1727539710149e-03
74 2.7595011319825e+01 1.4980319858289e+03 8.8003013530591e+01 1.9511004949208e-03
75 1.0323584157337e+02 1.1341822410109e+03 7.2477083385161e+01 1.9089756602460e-03
76 1.0500925285455e-01 5.6053333916117e+02 -9.1516431930057e+01 1.9199511868390e-03
77 3.8439899535542e+01 1.3568610693832e+02 5.4247414250083e+01 1.9199511868390e-03
78 4.6459718858833e+00 6.3431362212748e+02 8.8432752943906e+01 2.0845961646824e-03
79 -3.5622954678386e+01 -1.6293803619113e+02 1.0712205972916e+02 1.7454136606733e-04
80 2.3688851738609e+01 3.6911138048007e+02 8.6607977933399e+01 1.9198550921531e-03
81 4.4541390815515e+01 9.9669802919450e+02 8.4875652300702e+01 1.9186373896389e-03
82 5.7589133885082e+01 5.0781411229491e+02 6.6393540476263e+01 1.9199036928174e-03
83 1.1032569078355e+01 9.2485293727121e+02 8.6588335342930e+01 1.9195833130725e-03
84 4.8878787956654e+01 -7.4535149539628e+02 -8.4172027567933e+01 1.5901482282487e-03
85 -3.0308665789944e+01 6.0287677765244e+02 9.4261871884983e+01 1.9199512116681e-03
86 -5.3436804678341e+01 7.7989922247951e+02 9.8565014706665e+01 1.9199511868390e-03
87 -4.7374172797103e+01 1.3498016302897e+03 9.4636103082068e+01 1.9199511877278e-03
88 6.8175088438695e+00 4.4945239147356e+02 8.7345623392209e+01 1.9216237205439e-03
89 2.4714517890745e+01 1.6553043827475e+03 8.5135425512551e+01 1.9128116597960e-03
90 3.3327882335974e+00 4.8740826639339e+02 9.0546582065747e+01 3.3440619706717e-03
91 -1.9997902199197e+00 1.0961582232770e+03 8.9566489851613e+01 3.5109562478582e-03
92 -6.2192469836955e+00 2.0029101999309e+01 -1.1191823031084e+02 1.9199511868390e-03
93 1.9945081982869e-01 9.8827842919748e+02 -9.3861127013864e+01 1.9199510595614e-03
94 -3.5887572729913e+01 -3.6284339387772e+01 9.3807680372826e+01 1.7454233591167e-04
95 -2.7225598397975e+01 7.5612874798079e+02 9.9145614957131e+01 1.9199511868390e-03
96 -1.4347125727446e+01 1.8916135978504e+03 9.0917490085467e+01 2.7434710803529e-03
97 1.7861029028700e+01 1.1474081797174e+03 8.7419962183097e+01 1.9214329602503e-03
98 9.0499209513754e+01 1.6268856695480e+03 7.8003883900508e+01 1.9012581729790e-03
99 3.7018534762295e+01 1.9234601063301e+03 8.7231713277936e+01 1.9039361637610e-03
100 4.3077670589254e+01 1.8293910947100e+02 7.2115065795981e+01 1.9199511868390e-03
101 6.2841627263123e+01 -7.6228415657397e+01 -7.7329554684550e+01 1.9199511868390e-03
102 6.2680803996067e+01 3.7484136232137e+02 8.2093819028422e+01 1.9198928808321e-03
103 -2.5714366205385e+01 2.0861648400945e+02 1.0578654803684e+02 1.9198361731373e-03
104 9.9643295863602e+01 5.9130772249393e+02 -2.6881093350076e+01 1.9085424266772e-03
105 2.1029548481651e+01 1.2876411711475e+03 7.8165448874711e+01 1.9172504009279e-03
106 1.9426382079135e+01 2.7892661212790e+02 8.7065414521619e+01 1.9203005172429e-03
107 -1.4898362554765e+01 5.6076758236896e+02 9.1686715362806e+01 2.0315651462054e-03
108 2.7371480856451e+01 1.7527885145258e+03 8.6209662542632e+01 1.9088806694042e-03
109 -9.3892271823625e+00 1.5070921814813e+03 9.0823287945346e+01 2.8937665697986e-03
110 6.4767480836134e+01 6.7298969204054e+02 8.3413924184422e+01 1.9192540073768e-03
111 6.7619500541562e+01 1.6437651856598e+03 7.5299964467879e+01 1.9049716862085e-03
112 1.2087867505778e+02 9.2351167984997e+02 -6.2628034265467e+01 1.9098236915616e-03
113 -2.5967688733367e+00 5.1234885638801e+02 9.0664472230746e+01 3.1540534423460e-03
114 2.3550275833475e+01 1.2496823716966e+03 8.6890030942500e+01 1.9183708834436e-03
115 8.4341628524806e+00 4.8299123732777e+02 8.9546838048127e+01 3.4834776253074e-03
116 -7.2678881415650e+00 4.5959147734632e+02 9.9967027487554e+01 1.9199511868390e-03
117 -1.2496054452860e+01 3.0692881351114e+02 9.3622877955743e+01 1.9198761707023e-03
118 1.9528798097860e+01 1.8013601307574e+03 8.5117371764338e+01 1.9121622534635e-03
119 -2.6829462555644e+01 1.4056091578265e+03 9.3812234224837e+01 1.9177226725384e-03
120 -2.7080884482697e+01 2.1136493076893e+03 9.1572422273177e+01 2.0770683372520e-03
121 1.8050456989220e+02 6.4348841330958e+02 -4.7810480035054e+01 1.9026410991916e-03
122 6.0398683872410e+01 4.6394676413280e+02 8.2921102313746e+01 1.9184876161607e-03
123 -2.9182713841846e+00 6.1465064908444e+02 9.0667945856587e+01 3.1484519675748e-03
124 2.4975616076180e+01 1.2362105791470e+03 8.6088181965488e+01 1.9183534386045e-03
125 -2.3606083130688e+01 2.1001698631554e+02 9.6202634322793e+01 1.9199511868390e-03
126 2.0041769092625e+01 4.3716848628888e+02 -8.5329731971226e+01 1.9199511868390e-03
127 -4.4399687141298e+01 1.5615697090508e+03 9.4370641148355e+01 1.9199381691007e-03
128 6.6319627587002e+01 2.7531364330125e+02 8.0873688519676e+01 1.9199511868390e-03
129 3.7821861605813e+01 4.6086275240798e+02 8.2793694890953e+01 1.9199511868390e-03
130 2.8190386835804e+01 2.0262671002505e+03 8.7581114270603e+01 1.9115805432056e-03
131 5.1968933925816e+01 9.7947990893324e+02 1.2778881379281e+01 1.9181965272906e-03
132 4.6857842172422e+01 9.7573339045429e+02 7.6534967942523e+01 1.9185915331033e-03
133 9.0317267702544e+01 5.5439860507568e+02 7.0412326148966e+01 1.9175900605824e-03
134 5.0846120334293e+01 5.7963263340918e+02 6.9200318181290e+01 1.9198123267808e-03
135 5.9124353439909e+01 6.5452657438482e+02 8.0900517292897e+01 1.9195488749779e-03
136 -3.0055969999342e+00 -2.0653312943136e+02 8.9876765098791e+01 2.0655544738497e-03
137 -5.5770274152881e+01 1.1011212846397e+03 9.7476537816337e+01 1.9199511868390e-03
138 1.0091935927959e+01 6.9016385325506e+02 8.5843992110232e+01 1.9199512473705e-03
139 -2.9015115230273e+01 1.3765578855296e+03 9.1634791854489e+01 2.0522563287371e-03
140 6.4058714042889e+01 8.4760373584206e+02 7.1319800802079e+01 1.9182488375423e-03
141 -9.0842599593019e-02 1.2583667950686e+03 9.0127379706198e+01 3.8079076783336e-03
142 -9.5102269261524e+00 4.4096861001473e+02 -1.3011899028284e+02 1.9199511868390e-03
143 -2.2688866597957e+01 5.2577123218533e+02 9.4139792209085e+01 1.9199512560865e-03
144 7.1754165559250e+01 5.7282527072480e+02 3.1678726557657e+01 1.9169318258453e-03
145 4.2162795219488e+01 4.1724316425494e+02 7.8923621751463e+01 1.9199504375277e-03
146 -1.4049737928357e+01 8.7223722845089e+02 9.6574697093644e+01 1.9199511868390e-03
147 6.5592417000104e+01 -6.8134722634341e+02 3.1421984274862e+01 1.6467454042830e-03
148 -8.3606126733923e-01 1.0784238971658e+03 8.6505588702656e+01 1.9192344214708e-03
149 3.9363857194842e+01 8.1697176774823e+02 8.1786895771115e+01 1.9195859435431e-03
150 -5.1482444603572e+01 1.6530008555758e+03 9.6727819834060e+01 1.9198339408432e-03
151 5.8164111904128e+00 1.1112752427827e+03 9.0255453094321e+01 3.7184750469328e-03
152 7.2125058880227e+00 1.4788163136144e+03 8.7387052197924e+01 1.9123353928857e-03
153 4.0343876332853e+01 3.0020777907371e+02 7.4795609099814e+01 1.9199511868390e-03
154 1.6814995180764e+01 6.0151352203542e+02 8.6602954446007e+01 1.9199698750263e-03
155 -3.3459620927782e+01 1.2827298784667e+03 9.3814569162608e+01 1.9199518371332e-03
156 3.4013972937848e+01 5.1474463245058e+02 8.7610029016695e+01 1.9262988931713e-03
157 -1.3467887471496e+01 8.7278030674446e+02 9.2625176337789e+01 1.9219025028780e-03
158 3.1105245663116e+01 8.9394328422188e+02 8.4822304707439e+01 1.9196476944524e-03
159 -5.3566992594629e+01 1.2259005038421e+03 1.3549219995019e+02 1.9199511868390e-03
160 -8.9830868807619e+01 1.2763384220309e+03 1.1991536309358e+02 1.9199511868390e-03
161 5.4077760921699e+01 -3.1276690097763e+02 -6.5851332556646e+01 1.8715877388358e-03
162 3.5544040543900e-01 4.8428024807171e+02 9.0137119593285e+01 3.8041407327612e-03
163 1.9267955247745e+01 1.3441145236698e+03 7.5281602217737e+01 1.9180472303375e-03
164 -1.6463883073873e+01 5.2985002920072e+02 -1.1171299678450e+02 1.9199511868390e-03
165 -3.8271200720385e+01 1.1318283761525e+03 1.1415264760015e+02 1.9199129907343e-03
166 -1.4150768629932e+01 1.4294114566664e+03 9.1096359645345e+01 2.4961309120754e-03
167 4.0605365419100e+01 1.4717753821367e+03 8.5001071929021e+01 1.9111629574561e-03
168 5.5020168600860e+01 1.1359778457306e+03 -3.0780583587026e+01 1.9147090066027e-03
169 -2.3213419618333e+01 9.6309230893197e+02 9.4323974333265e+01 1.9199512014068e-03
170 1.4060966278803e+02 2.5260243538476e+01 -7.4123218708954e+00 1.9199511868390e-03
171 2.9449491297918e+00 6.3089128482563e+02 8.9551382050718e+01 3.4898976168676e-03
172 2.7216936764110e+01 7.3026224991922e+02 8.7486693100407e+01 1.9233334526517e-03
173 6.5866761733237e+01 1.5921856178665e+03 -2.1277150225893e+01 1.9075757145998e-03
174 7.1238559059647e+01 1.1185952583758e+03 7.3701606417079e+01 1.9147272114743e-03
175 -4.5996773564870e+01 6.6707776574371e+02 9.6340847904786e+01 1.9199511868390e-03
176 -2.5040389931618e+01 9.0933931361348e+02 9.7917313080862e+01 1.9199511868390e-03
177 1.2141625725335e-01 -4.6591445760733e+02 9.1817697842103e+01 2.4507074856382e-04
178 -1.3763403366198e+00 -1.2040614976519e+02 9.0272491483433e+01 1.9570967676438e-03
179 -2.9520941802074e+00 1.1997821137252e+03 9.0238852883090e+01 3.7294771592101e-03
180 -4.8250211452400e+01 1.1701391684086e+02 1.0054476205852e+02 1.9199511868390e-03
181 -7.2881630017645e+01 9.6381104882866e+02 1.0178460280336e+02 1.9199511868390e-03
182 -6.4301789148383e+01 7.1236352396749e+02 1.1785660798866e+02 1.9199511868390e-03
183 2.8367485706445e+01 5.3085901663800e+02 6.6107158856496e+01 1.9199511868390e-03
184 7.6227661682891e+01 1.5089488157066e+03 3.2244807271839e+01 1.9066624637020e-03
185 -3.7932596244007e+01 1.1266828195462e+03 9.3651701457978e+01 1.9199542914443e-03
186 1.8679496906318e+01 1.4746904620412e+03 8.7248469235836e+01 1.9179177796111e-03
187 -2.7950124635224e+00 7.4381052475740e+02 8.8802375358243e+01 2.3774389140707e-03
188 -6.1501306431097e+00 1.1822394271961e+03 9.1753280649685e+01 2.0086826446715e-03
189 -3.2443247963144e+01 2.5687443185141e+02 -9.9404068850432e+01 1.9199511868390e-03
190 -4.9023858711005e+01 6.8317853325189e+02 1.1792563115538e+02 1.9199511868390e-03
191 9.1383655374022e+00 1.1191370723839e+03 8.9326055219394e+01 3.1388161273356e-03
192 -1.3964806753065e+01 7.7720086138384e+02 -9.5814148905137e+01 1.9199511868390e-03
193 4.4328638745972e+01 4.7649329889432e+01 7.3835168725110e+01 1.9199379505412e-03
194 2.1106247375799e+01 -2.9555849622405e+02 8.4131349398314e+01 1.8866765160461e-03
195 -2.7501127435078e+01 1.4280775922486e+03 9.3284388659352e+01 1.9196476610047e-03
196 1.7283337554191e+01 9.9030187002369e+01 8.7504862309445e+01 1.9237486860448e-03
197 1.9815870639536e+01 9.1814490771298e+02 8.6158298964947e+01 1.9195143294793e-03
198 1.8940220393550e+01 2.7555104650480e+02 4.7541673863718e+01 1.9199511868390e-03
199 5.7863219468051e+01 3.9069366757111e+02 -8.1629101236769e+01 1.9189712948353e-03
200 4.4018508114654e+01 6.1589649348191e+02 7.7883402090206e+01 1.9199295769101e-03
201 1.7606026655012e+01 5.9392950430500e+02 8.8795782007363e+01 2.3702511148272e-03
202 6.3058897587273e+01 -3.6144812263514e+02 -4.9567680552728e+01 1.8558693202296e-03
203 3.7130080297454e+01 1.8174000892805e+02 -4.6316212944087e+01 1.9199511868390e-03
204 -1.3555244021451e+01 6.0131519115142e+02 9.1855592994730e+01 1.9813155633147e-03
205 -1.7312083926306e+01 1.0179638304884e+03 9.1827317472327e+01 1.9880504025598e-03
206 -5.2693095795789e+01 6.1757241019986e+02 -1.0309930490675e+02 1.9199511868390e-03
207 6.2133550036754e+01 5.2593439689794e+02 7.9847508598193e+01 1.9197203526468e-03
208 -7.1779624481205e+01 1.7875700971398e+03 1.0651683326875e+02 1.9196702486218e-03
209 1.8435977485180e+01 -6.4576572742180e+02 8.4465106885830e+01 1.7454136606743e-04
210 1.1460217635697e+01 7.3114829827140e+02 8.8295067073512e+01 2.0248775244455e-03
211 2.9622071993023e+01 1.9776737457302e+03 8.4992212962544e+01 1.9079483190524e-03
212 -9.9455237136278e+00 3.6068805121161e+02 9.0689716106418e+01 3.1130944886166e-03
213 6.0667266890696e+01 9.1404093548771e+02 -2.8098779388488e+01 1.9176742219991e-03
214 6.5886924892537e+00 3.7483634527226e+02 7.2602303795514e+01 1.9199511868390e-03
215 9.0874257754852e+01 4.2453625457990e+02 7.5488699636116e+01 1.9191285358570e-03
216 -6.4184002111842e+01 1.9935300484927e+03 9.7377465446188e+01 1.9194024204285e-03
217 3.6083123984106e+01 -1.3091226427306e+02 8.5836018183646e+01 1.9184918114936e-03
218 -2.6412196855330e+01 1.0280433971784e+03 9.3235935778599e+01 1.9200055958486e-03
219 3.4395813304772e+01 5.2787766475774e+02 3.6719594308524e+01 1.9199511868390e-03
220 6.0070962004096e+01 2.3637283878368e+02 7.0001533542128e+01 1.9199511868390e-03
221 3.4925297168584e+01 3.1448448495179e+01 8.5386122622025e+01 1.9199511879307e-03
222 3.7005128264737e+01 2.9130312668377e+02 7.7442954247942e+01 1.9199511868390e-03
223 -4.1221850781983e+01 9.5791641657526e+02 -1.3189586326647e+02 1.9199511868390e-03
224 6.1175831116530e+00 5.3486246291844e+02 8.9564760665673e+01 3.5079791057740e-03
225 -5.9471882657546e+01 1.6059071719493e+03 9.7293073902277e+01 1.9199265718892e-03
226 4.1452550482920e+01 -8.0527967557675e+02 3.7781955730585e+01 1.5346263171803e-03
227 -1.4200216361037e+00 6.2194133501406e+02 9.0560276286653e+01 3.3226386945412e-03
228 1.9341579777029e+01 4.2606704976071e+01 8.5025576705798e+01 1.9199511868735e-03
229 -4.9134655534677e-01 4.8965235471293e+02 -9.2655392563705e+01 1.9199119041137e-03
230 -3.0992754389927e+01 3.0724393325863e+02 9.3336091899486e+01 1.9199793580610e-03
231 -6.6721897503493e+01 1.3502060887561e+03 -9.9722082464011e+01 1.9199511868390e-03
232 3.3528094991451e+01 4.7260489856543e+02 8.4457097335030e+01 1.9186436473312e-03
233 -4.9342529941005e+01 5.9486419224458e+02 1.3258215395130e+02 1.9199511868390e-03
234 -5.2466321334187e+00 5.4197723613883e+02 9.7851520706339e+01 1.9199511868390e-03
235 5.4772610319852e+01 4.3621582008921e+02 8.2873565344566e+01 1.9192985643383e-03
236 -2.2021921219795e+00 -7.0485989381535e+02 -8.9039303471364e+01 1.7454136606733e-04
237 4.1414964078474e+01 2.7845053175927e+02 -7.6083477020136e+01 1.9199511868390e-03
238 -2.7208523652510e+00 1.3526174971019e+03 1.0399518236080e+02 1.9193184866718e-03
239 1.8539767118297e+01 6.6261243645612e+02 8.4352338007450e+01 1.9199511868391e-03
240 -2.9541876952747e+00 7.8073899879840e+00 9.0461239175913e+01 3.4719722368163e-03
241 3.7317694841644e+00 1.1143337268748e+03 7.7231980179253e+01 1.9198126331933e-03
242 -4.4474458189008e+01 1.1432865866344e+03 9.4668740664748e+01 1.9199511874951e-03
243 1.3463761821379e+01 2.2126098404466e+03 8.8758979489291e+01 2.3178561657187e-03
244 -1.8718966470265e+01 1.0126200843722e+03 9.4168396588806e+01 1.9199512414391e-03
245 -5.2320780743143e+01 6.2177196563991e+02 1.0059536783198e+02 1.9199511868390e-03
246 2.0700750833968e+01 7.9551792671034e+02 8.7169608972660e+01 1.9205823701534e-03
247 -2.8643556677617e+01 -5.3434116776807e+01 1.0016163939780e+02 1.7454136606733e-04
248 -1.9999922106579e+01 7.4461817333423e+02 9.2884195117557e+01 1.9204195428173e-03
249 -5.9103571062264e+00 -1.0793766911584e+02 8.9689766925683e+01 1.9183210714630e-03
250 9.0997896590974e+01 -1.0347211550405e+03 -5.5455065484389e+01 1.2989076199676e-03
251 -8.7536983387463e+01 5.1866560513702e+02 1.1345658878906e+02 1.9199511868390e-03
252 -8.0433346387344e+00 1.2920813330690e+03 9.0934360903828e+01 2.7210152519477e-03
253 -4.2138183171972e-02 2.1221227723659e+02 -9.1017473408652e+01 1.9199511868390e-03
254 -1.9690431151258e+01 5.1774849398871e+02 9.6487270568514e+01 1.9199511868390e-03
255 8.8921747254330e+01 2.0256363141515e+02 -6.2330260136711e+01 1.9196828522296e-03
256 2.7206676619257e+01 5.0992570219782e+02 7.6120902524883e+01 1.9199511868390e-03
257 -5.6338157980108e+01 2.0129556211698e+02 1.0208512156256e+02 1.9199511868390e-03
258 -3.0318298659652e+01 9.4794831890631e+02 9.5780295817847e+01 1.9199511868390e-03
259 3.9523609711698e+01 4.2901760758929e+02 8.4333074768648e+01 1.9182826114207e-03
260 7.5453456342381e+01 -2.2036467975713e+02 -6.5755964853973e+01 1.9067041824257e-03
261 1.9461671973296e+01 1.0636054805102e+03 8.3291534548341e+01 1.9195240049446e-03
262 1.0192654763171e+02 1.5350767144467e+03 7.5803918698156e+01 1.9012077650158e-03
263 2.9774677489832e+01 1.7034830906774e+03 7.4709518998376e+01 1.9114944903429e-03
264 1.1423739700734e+01 5.1531720623826e+02 7.5545249003781e+01 1.9199511868390e-03
265 -4.1969452503184e+01 1.7385649007393e+03 -1.4488496853217e+02 1.9180320719678e-03
266 1.0885777715183e+01 1.3177446136491e+03 8.7830921170386e+01 1.9361991023620e-03
267 -7.6140796915469e+01 1.4601244360864e+03 9.3995313998835e+01 1.9199514111496e-03
268 5.2818076564702e+01 2.5962563903780e+02 -7.3610129117628e+01 1.9199511868390e-03
269 3.8204139753839e+01 6.2243497597040e+02 6.5020156759674e+01 1.9195099516658e-03
270 6.3448407181905e+01 1.6075500677790e+03 8.1461984146907e+01 1.9077735311859e-03
271 -5.1106189452047e+01 1.1309736131060e+03 9.7349620097147e+01 1.9198965156258e-03
272 7.2328004572432e+01 1.1070117646692e+03 -6.6510180868981e+01 1.9140491369556e-03
273 3.7493410898686e+01 1.7450228009138e+02 4.6944023022220e+01 1.9199511868390e-03
274 -3.7959832388741e+00 2.1346533726121e+03 9.1692290358823e+01 2.0165010652357e-03
275 -3.8337012835584e+01 1.0159420543870e+03 9.7549447756451e+01 1.9199511868390e-03
276 4.3377384172305e+01 1.7252871909573e+02 -7.3718740152047e+01 1.9199511868390e-03
277 5.8655134282157e+01 1.1585205153455e+03 7.8702945323760e+01 1.9155527426338e-03
278 -4.6473122283311e+01 2.1161691388884e+03 9.6348257894914e+01 1.9166107830405e-03
279 5.6010685867019e+01 5.7423849468744e+02 -4.9632333663503e+01 1.9196583495540e-03
280 3.9830850479454e+01 4.7170650200060e+02 5.5210085739092e+01 1.9199511868390e-03
281 9.2639413265495e+01 9.8231101455055e+02 6.7209696763929e+01 1.9099155211860e-03
282 4.6572414429451e+01 6.9837774903816e+02 -1.2984702527339e+00 1.9197706356211e-03
283 6.3234748855805e-02 3.6230233765870e+02 -9.0363941897303e+01 1.9199511868390e-03
284 3.9059109680098e+01 -8.5406543900847e+01 -4.3018503976960e+01 1.9199511868390e-03
285 2.3434521376463e+01 3.4183315020801e+02 8.4059586861396e+01 1.9199141208229e-03
286 -2.0877888630473e+01 1.1692794377249e+03 1.0317773239645e+02 1.9199511868390e-03
287 5.3842547099069e+01 1.6130355905221e+03 8.1322448518098e+01 1.9100008225785e-03
288 -2.9237691109646e+01 3.8753233906416e+02 9.4407055600980e+01 1.9199511938919e-03
289 -3.9528330418404e+01 8.7411741155824e+02 9.7274229932593e+01 1.9199511868390e-03
290 1.2698935167466e+01 9.1627773475144e+02 -8.1521426991600e+01 1.9198483932805e-03
291 2.1497098052098e+01 3.4741829556822e+02 7.5045049422531e+01 1.9199511868390e-03
292 3.9525494677571e+01 -4.3681013705968e+02 8.2405139536225e+01 1.8181000134709e-03
293 -3.9631697303849e+01 8.6243331412721e+02 9.9145961095529e+01 1.9199511868390e-03
294 2.4107349443383e+01 9.2278471596849e+02 8.8043113850273e+01 1.9614532387996e-03
295 2.1147868877306e+01 2.4861037282484e+02 -7.5191979360425e+01 1.9199511868390e-03
296 3.2420481921545e+00 3.3812805435617e+02 8.9713826444262e+01 3.6889332192221e-03
297 -9.2394174380009e+00 -1.1289980192572e+02 1.1893219721033e+02 1.7454136606733e-04
298 1.5323252841750e+01 6.4073587180619e+02 -8.1199230214085e+01 1.9199511868390e-03
299 1.7507945088056e+01 4.5029150726838e+02 8.6945172546169e+01 1.9199049499129e-03
300 5.0071520349356e+01 -8.3069137981376e+01 4.9490906821731e+01 1.9191715647468e-03
301 -2.8099464742294e+01 6.1035254439212e+01 9.7761350352183e+01 1.9199511868390e-03
302 -3.6593449861541e+01 6.0685964806068e+02 1.1263970501238e+02 1.9199511868390e-03
303 9.8643767690794e+00 5.4347404784019e+02 8.5823464201778e+01 1.9198892726071e-03
304 2.1734195181921e+00 1.8149162808909e+03 8.9365089901258e+01 3.1981272650420e-03
305 -2.4129943560670e+01 1.0157892720789e+03 9.4078853796532e+01 1.9199513011037e-03
306 6.2456408315834e+01 7.8054779903751e+02 -7.6928709456668e+00 1.9187078003508e-03
307 5.4074674721007e+01 -6.0742340776165e+02 -5.0034921538969e+01 1.7052311884592e-03
308 1.7614230800468e+01 9.3697970717193e+02 8.7189799159053e+01 1.9204320016211e-03
309 -1.6339412304377e+01 1.2808352658941e+03 9.2528200210469e+01 1.9231418922823e-03
310 -4.0390326534584e+01 7.8909767595778e+02 9.5772610834194e+01 1.9199511868391e-03
311 2.9544688143008e+01 1.6268923918552e+03 8.5708828498388e+01 1.9138632127555e-03
312 1.1264914420930e+01 9.5550915256532e+02 8.7994466459733e+01 1.9539826426103e-03
313 2.0448758156600e+01 1.1460032655627e+03 6.0237034688437e+01 1.9192185158228e-03
314 2.9167124978319e+01 1.2911514760833e+03 7.2513740784847e+01 1.9158604089170e-03
315 -3.9364777407659e+01 6.2122679112604e+02 9.4918790688044e+01 1.9199511868987e-03
316 1.7526504156167e+00 3.2555039697712e+02 9.0541204435006e+01 3.3524170251555e-03
317 -4.6397544197717e+01 1.3321835238582e+03 9.4766894090682e+01 1.9199511870989e-03
318 6.8403267414604e+01 6.0363804550130e+02 5.9199662197579e+01 1.9177787479221e-03
319 2.6785741966191e+01 1.0474451251855e+03 8.4292699363933e+01 1.9193425260321e-03
320 1.9019102280876e+00 4.1751528384403e+02 -9.0702451337345e+01 1.9199511868390e-03
321 -4.5967967439491e+01 1.8544275133336e+03 1.2163420326069e+02 1.9190427993777e-03
322 1.8037761254553e+01 4.6329235093901e+02 -6.1427538216360e+01 1.9199511868390e-03
323 -8.6849101624243e+01 4.5112223185292e+02 -1.2430237393000e+02 1.9199511868390e-03
324 3.1669508322079e+01 -2.6324744345337e+02 8.6972797679628e+01 1.8964768472231e-03
325 8.6288268937105e+00 2.0646073715239e+03 8.9393394470064e+01 3.2393575336891e-03
326 1.1038546131788e+01 1.3833886667541e+03 8.8219964997411e+01 1.9983281758085e-03
327 3.9509124854431e+01 2.2767189003079e+02 8.4103282159867e+01 1.9199511868390e-03
328 3.5537792198574e+00 1.2534545106577e+03 8.8929750646059e+01 2.5297958927549e-03
329 1.7982927500539e+01 -7.2151216454378e+01 8.8102593056188e+01 1.9724033580993e-03
330 1.5478517502269e+00 2.7813230871505e+02 2.6767488366585e+01 1.9199511868390e-03
331 2.4267489770136e+01 9.6934565125295e+02 -1.4343905989711e+01 1.9186729627791e-03
332 8.5648217836537e+00 1.2927196958823e+03 -6.3188005438950e+01 1.9190244772965e-03
333 -2.3429054921504e+01 8.6123373476284e+02 9.2307098872025e+01 1.9293196553405e-03
334 4.7126647792261e+00 7.9485621614611e+02 9.0774017726860e+01 2.9745876477198e-03
335 2.0429780061393e+00 8.2617362813118e+02 8.9461192992250e+01 3.3561308416317e-03
336 -4.8139810734821e+01 9.2229581241478e+02 1.0965390816454e+02 1.9198807859757e-03
337 3.7904539545152e+01 1.1502915929869e+03 7.5812089375771e+01 1.9177189250688e-03
338 6.5087894247987e+01 1.9110780419053e+03 8.1585707856408e+01 1.9011880514359e-03
339 8.8389874923343e+01 1.4505551327756e+03 7.6371651718322e+01 1.9055167661078e-03
340 -3.9957889875998e+01 4.3311359200247e+02 9.6439810586573e+01 1.9199511868390e-03
341 4.0950497676056e+01 3.2557343911042e+02 -5.1752372027148e+01 1.9199511868390e-03
342 -1.0579506273833e+02 -3.2152613715425e+01 1.0051227267368e+02 1.7454136606733e-04
343 1.7122531033169e+01 2.2933354963044e+02 -8.4503705341642e+01 1.9199511868390e-03
344 -1.6929743543211e+01 3.2460499348541e+02 9.1821846665142e+01 1.9894235881239e-03
345 -3.2350763161107e+01 5.0117041413220e+02 9.9821725931668e+01 1.9199511868390e-03
346 2.3273952554006e+01 2.6927671191787e+01 8.4861540692977e+01 1.9199511868456e-03
347 -1.9063385529468e+01 1.0091499749702e+03 9.4500771969608e+01 1.9199511898997e-03
348 3.1130688162947e+01 2.4049026463613e+02 8.0433291057430e+01 1.9199511868390e-03
349 2.7563082517848e+00 8.1618336491254e+02 8.9715927528788e+01 3.6910539689100e-03
350 2.1818272940703e+01 7.8774656535332e+01 -8.4298300332680e+01 1.9199511868390e-03
351 -4.5001102991133e+01 1.4472020339661e+01 9.5137987539333e+01 1.9199511868456e-03
352 6.1382100244501e+01 1.5071911893475e+03 -7.5327518918466e+01 1.9083663502397e-03
353 5.4197607476217e+01 1.3230416608585e+03 8.5981888130233e+01 1.9125396647162e-03
354 1.5745477036202e+01 1.0144402838269e+03 8.8246398030614e+01 2.0082790417002e-03
355 1.9977540762051e+01 1.2103434094930e+03 8.7916570895657e+01 1.9437958817089e-03
356 4.0315871401160e+01 1.2431572650122e+02 -7.6196298104472e+01 1.9199511868390e-03
357 3.7446579356798e+00 1.1091844802206e+03 8.6762238609070e+01 1.9199366126841e-03
358 5.4045992068253e+01 1.4735308794276e+03 8.0627628422679e+01 1.9117862585612e-03
359 -4.0412953962937e+00 5.4119424995685e+02 9.0660795474838e+01 3.1606178945431e-03
360 6.4479791553435e+01 1.3041497153866e+03 7.6827664426724e+01 1.9121965522415e-03
361 -4.8462014784931e+01 1.7372835172579e+02 9.7318314995819e+01 1.9199511868390e-03
362 -5.0951454651580e+01 9.8332421423086e+02 1.0126778135838e+02 1.9199511868390e-03
363 1.1198985020428e+01 8.4789270033624e+02 8.7478919242570e+01 1.9232852997681e-03
364 1.6645665383372e+01 9.7204086042436e+02 8.6889579241778e+01 1.9199578275900e-03
365 -2.5840471761297e+01 7.9676098588279e+02 9.5189422416569e+01 1.9199511868429e-03
366 1.0546713892250e+01 6.0152764555875e+02 -8.2518373287028e+01 1.9199511868390e-03
367 5.0435455762920e+01 3.0424123021072e+02 -3.9049220715394e+00 1.9190451927117e-03
368 4.9545504209112e+01 6.8522192712911e+02 -3.8075538233664e+01 1.9196776429733e-03
369 5.9476567943884e+01 -6.7128914680348e+02 -7.1402299008728e+01 1.6545407559952e-03
370 -2.5206552803982e+01 1.8213451654718e+02 9.1500050190371e+01 2.1222820446701e-03
371 -8.4328656554651e+01 1.2088259623145e+03 1.0099239975778e+02 1.9199511868390e-03
372 8.7166167962993e+01 7.3073992344095e+02 1.7267910575207e+01 1.9162829192823e-03
373 3.1587390480519e+01 9.7154095899801e+02 8.5729279209173e+01 1.9194306158653e-03
374 2.7997297640910e+01 -8.6000978351461e+02 8.5467695383372e+01 1.7454136836934e-04
375 -6.3859202587238e+00 1.8517249641631e+03 9.0470341514411e+01 3.4540238620902e-03
376 2.9848608979260e+01 8.1612222484747e+01 8.2220089836470e+01 1.9199511868390e-03
377 -1.2926785800950e+01 4.8528837851750e+02 9.5833305921998e+01 1.9199511868390e-03
378 3.5168916476333e+01 2.0916365374210e+02 8.4272635295187e+01 1.9199511868391e-03
379 -6.6557196326147e+01 1.1498666141173e+03 9.9606870299877e+01 1.9199511868390e-03
380 -1.3178251415561e+01 7.3650935569480e+02 9.2106273179771e+01 1.9414347075703e-03
381 7.1058707859833e+01 8.6201733489950e+02 -5.7567918331709e+01 1.9172431532556e-03
382 2.7987487307748e+01 9.5463134506317e+02 -5.1972801092527e+01 1.9196565151625e-03
383 -2.3070147226229e+01 9.6869594414115e+02 1.1177394153302e+02 1.9198146637688e-03
384 3.6872718317507e+01 4.7655604884867e+02 7.6160747828598e+01 1.9199511868390e-03
385 4.7206800120406e+01 3.2673143645608e+02 -6.9584767729569e+01 1.9199405438529e-03
386 -2.9377063585321e+01 6.3591157328798e+02 9.7580371690678e+01 1.9199511868390e-03
387 7.5339321183268e+00 7.0252950533746e+02 8.8685439494935e+01 2.2609863261136e-03
388 7.3862647596138e+00 7.2838238300357e+01 8.3324856993575e+01 1.9199511868390e-03
389 5.2109030798816e+01 8.9629968001142e+02 6.8650841258815e+01 1.9187472230865e-03
390 -3.6871237553911e+01 1.0433811978642e+03 9.8549057690199e+01 1.9199511868390e-03
391 -2.1535056524972e+01 -6.0710542519854e+02 9.6031119778573e+01 1.7454136606733e-04
392 -4.9446832007456e+01 1.1493005079903e+03 9.4647623115579e+01 1.9199511876377e-03
393 9.1308132357363e+01 4.2434121423501e+02 8.0802107560742e+01 1.9190821278059e-03
394 2.3308319853645e+01 7.1639487748960e+02 8.7982772732232e+01 1.9527649813504e-03
395 -1.8036876255339e+01 9.1381883597904e+02 9.3567503545219e+01 1.9199568883349e-03
396 -1.0175455567131e+01 1.2947369800037e+03 -9.8941835197595e+01 1.9197560828589e-03
397 -1.2158039561328e+01 9.6367988100833e+02 -9.7393137733239e+01 1.9199511868390e-03
398 -7.0049101206089e+00 4.5266205701409e+02 -9.3944629805836e+01 1.9199511868390e-03
399 4.2322465027817e+01 1.3270819541366e+03 8.3212590819795e+01 1.9127452443929e-03
400 4.0847119032284e+01 8.3052095440673e+02 8.4746455382250e+01 1.9187123601158e-03
401 -6.2169920109619e+01 1.4027063546792e+03 9.8256752699587e+01 1.9195249443043e-03
402 7.9562588551101e+01 -1.1869582759577e+02 -7.8283728021840e+01 1.9179399530841e-03
403 1.5043707220372e+01 1.5386782386788e+03 8.8299815030513e+01 2.0231195502551e-03
404 -4.1188132716900e+01 9.1334387779353e+02 1.0018184772340e+02 1.9199511868390e-03
405 -2.2966358671412e+01 3.3251003561646e+01 -9.4875272392850e+01 1.9199511868390e-03
406 -1.8079257289045e+00 6.5179064506039e+02 9.0386023590478e+01 3.5740979911268e-03
407 4.8464482027903e+01 7.6186141370103e+02 8.6557104908593e+01 1.9195575424032e-03
408 4.4093151629142e+01 1.2610843350023e+03 7.9622713621663e+01 1.9158166662850e-03
409 3.1378457828118e+01 -6.6190608764345e+01 -8.1674764334467e+01 1.9199511868390e-03
410 -4.6165591084401e+01 1.8872367217117e+03 9.4060081064392e+01 1.9189685396322e-03
411 -3.5181134860871e+01 9.9175963395150e+02 9.6847823673604e+01 1.9199511868390e-03
412 1.7412914747706e+00 6.9512239726055e+02 -8.9980224664819e+01 1.9199511868390e-03
413 -3.6410722736212e+01 1.1378575072481e+03 9.4083177808334e+01 1.9199512971413e-03
414 6.2745894742761e+01 -2.1277302149120e+02 7.5823758019033e+01 1.9081511664155e-03
415 -1.0965729410187e+01 9.5560949127130e+02 9.1476245356410e+01 2.1371372649380e-03
416 1.6049918257107e+01 9.9468175299506e+02 8.7616898815011e+01 1.9243716015219e-03
417 5.5836362269537e+01 6.1883904846047e+02 8.0654263882843e+01 1.9189383651912e-03
418 -7.4264651026346e+00 4.1550774970847e+02 9.1134505534818e+01 2.4499909521625e-03
419 5.1920495542788e+01 1.0385606596802e+03 8.0652690731490e+01 1.9166045198409e-03
420 -5.8729814916528e+01 1.0728788104594e+03 1.0232317288581e+02 1.9199511868390e-03
421 3.1791695191791e+01 1.4371331816803e+03 8.7457206072627e+01 1.9187809301147e-03
422 3.8900763926675e+01 1.1198545046421e+03 8.4364592379538e+01 1.9160365295874e-03
423 -3.2924888234340e+00 8.0004617761216e+02 9.0641225858680e+01 3.1913437297088e-03
424 -4.5936195413998e+01 8.6155409560421e+02 9.7069685871850e+01 1.9199511868390e-03
425 -6.8352892157457e+01 7.1539653475976e+02 1.0420394534325e+02 1.9199511868390e-03
426 2.0130293915831e+01 1.6977892158963e+02 -8.0224283526109e+01 1.9199511868390e-03
427 2.7348341379943e+01 1.2084843552227e+02 5.2322377307542e+01 1.9199511868390e-03
428 -1.4503464195396e+01 1.0115690900377e+02 9.2706332723567e+01 1.9212171307651e-03
429 -1.4317783464190e+01 8.9529489800561e+02 9.2672950203774e+01 1.9214660539183e-03
430 5.1550265836879e+01 7.6621519407165e+02 -1.1621428823828e+01 1.9173641242262e-03
431 4.7028784720945e+01 4.5342302372827e+02 6.6535358005402e+01 1.9199511868390e-03
432 -1.0727035583807e+01 5.7869542937227e+02 -1.1575679074172e+02 1.9199511868390e-03
433 3.0931464653075e+01 1.2994898368260e+03 8.2286136154827e+01 1.9173663795226e-03
434 9.8444980409707e+00 7.6912631578205e+02 8.8362857277808e+01 2.0515579682909e-03
435 5.1205561641907e+01 1.2942253930843e+03 8.5295593152527e+01 1.9144069002575e-03
436 1.2923704873869e+01 8.7953032310696e+02 7.5685827352825e+01 1.9199202906271e-03
437 7.0893204101281e+01 2.3265719932708e+02 -1.4555928936215e+01 1.9199496525203e-03
438 7.2852750911309e+01 1.0901788431865e+03 8.0252387984901e+01 1.9145108979332e-03
439 3.7405017032051e+01 6.9305349290937e+02 7.0807518602112e+01 1.9190311720659e-03
440 5.2116256540526e+01 7.5527217371940e+02 8.4674374751963e+01 1.9191263920866e-03
441 4.8311898864767e+01 1.1431109240757e+03 7.1243787927540e+01 1.9166280530742e-03
442 -7.8132752598985e+01 1.5729268354601e+02 1.0020889802173e+02 1.9199511868390e-03
443 1.2957284959935e+01 9.3555313365206e+02 -8.6602028004064e+01 1.9199069005645e-03
444 -1.0728480323543e+01 -1.1930626721546e+02 9.5573875948255e+01 1.7454136606739e-04
445 -1.5579280253867e+00 4.1836088519869e+02 8.8589928762824e+01 2.1747030045819e-03
446 -2.4691086159894e+01 2.0293920843771e+02 1.0309365660721e+02 1.9199511868390e-03
447 -1.5153735452524e+01 1.2808422027205e+03 9.0457568133526e+01 3.4763974034166e-03
448 4.2887445973262e+01 8.8732682675290e+02 8.5249972017125e+01 1.9193013027171e-03
449 4.5866555763378e+01 -1.5935485249033e+01 -6.8994764013855e+01 1.9199511868390e-03
450 2.0182051006791e+01 1.0692069863197e+03 8.4861851238783e+01 1.9163014716251e-03
451 -6.9267710308260e+01 1.0142345342890e+03 9.9664092528585e+01 1.9199511868390e-03
452 2.0253080936197e+01 1.6059344539876e+03 8.5818031880067e+01 1.9135590596334e-03
453 -1.7025667501732e+01 2.7312709474693e+02 1.0093198536774e+02 1.9199511868390e-03
454 1.4964486664434e+01 7.1456388453222e+02 -7.8419195678344e+01 1.9199511868390e-03
455 -5.5271779490580e+01 1.0753801058274e+03 9.3868191457389e+01 1.9199517963520e-03
456 -4.3446700298264e+01 5.9043283517970e+02 9.7079014397406e+01 1.9199511868390e-03
457 -1.3039641574675e+01 1.0628045062359e+03 9.0536910317339e+01 3.3590640742336e-03
458 1.5776380433036e+01 7.5010554644581e+02 8.2616725054495e+01 1.9194486632496e-03
459 1.1866014529526e+01 4.9344845991887e+02 -7.4547118365222e+01 1.9199511868390e-03
460 4.1742338134035e+01 7.9095569729347e+02 8.6660654059428e+01 1.9187178578185e-03
461 -2.0177266486319e+00 8.6933237505778e+02 8.8817185778557e+01 2.3938554660595e-03
462 3.1014941896099e+00 1.5907724715539e+03 8.2016321991385e+01 1.9158983097032e-03
463 -1.9942255915355e+01 1.0110418675023e+03 9.3066452837325e+01 1.9201095161510e-03
464 -2.8252463307405e+01 1.8403823900960e+03 -1.6217447167292e+02 1.9171855772130e-03
465 -2.4610181675135e+01 1.1032727299098e+03 1.0024931958966e+02 1.9199511868390e-03
466 3.9118211014221e-01 -2.6741369112296e+02 8.8768770399650e+01 5.9617151794250e-04
467 1.9747283762839e+01 9.2143523810287e+02 8.7460634433278e+01 1.9228059228242e-03
468 7.3232508498923e+00 -3.8133199581622e+02 8.7742230170414e+01 1.8627583106311e-04
469 -1.8002033386620e+01 1.1246424933427e+03 9.2650644306104e+01 1.9216513239698e-03
470 5.7800673475119e+01 1.1680833286154e+02 -7.2755616963294e+01 1.9199511868390e-03
471 -9.5924733197315e+00 9.8362491728298e+02 9.1707509165908e+01 2.0239591317414e-03
472 1.1957852965197e+01 1.7082748631497e+03 8.6776317311177e+01 1.9152559656950e-03
473 -1.2239914881683e+01 1.4715974750548e+03 9.1134394790053e+01 2.4479399765714e-03
474 -4.4469894947210e+01 1.3846143049852e+03 -1.4819641232509e+02 1.9199511868390e-03
475 -3.9675859932443e-01 9.8812493826489e+02 9.0604337624472e+01 3.2524761325178e-03
476 3.1846317988371e+01 1.0028472237471e+03 8.5868586360961e+01 1.9191225950609e-03
477 8.7533453806277e+01 -9.2024200099442e+02 -4.2526368061515e+01 1.4184154855072e-03
478 1.5663992234902e+01 2.0739994640883e+02 8.7240262886247e+01 1.9208963751732e-03
479 3.6769610820859e+01 1.7376325321388e+03 8.6963210355111e+01 1.9111447829961e-03
480 6.5949601706606e+01 2.4363212951478e+02 4.4761420259404e+01 1.9199246010543e-03
481 3.0884512217243e+01 8.3187001994477e+02 7.8324624923415e+01 1.9198236366000e-03
482 4.4583012532097e+01 2.4810772110554e+02 7.8156483927177e+01 1.9199511868390e-03
483 1.9288478696889e+01 7.9341153696356e+02 8.8861845566076e+01 2.4452511224835e-03
484 3.4607226506227e+01 5.2578741832925e+02 8.6257235097884e+01 1.9199527701545e-03
485 -1.5948480077970e+01 1.2865042103458e+03 9.0611003896021e+01 3.2416770955253e-03
486 -4.3485326409135e+01 1.5928264808796e+03 1.3328504238130e+02 1.9198358138997e-03
487 7.5324118557658e+00 -3.2333603474862e+02 8.6371773362964e+01 1.7454504926605e-04
488 5.1602034227893e+01 6.2004532034531e+02 5.4259251617500e+01 1.9193300300148e-03
489 2.8826105207509e+01 1.6629371353777e+03 8.5845330280852e+01 1.9131855434476e-03
490 7.1960143063408e+01 9.8178605963728e+02 7.8592983212161e+01 1.9122326436669e-03
491 8.1812488119360e+01 3.2431877786038e+02 4.9818666449366e+01 1.9198207744944e-03
492 -3.1440047072136e+00 1.8878263658898e+02 8.9964328549061e+01 3.8374604973286e-03
493 4.1883009018661e+01 1.2384984131653e+03 8.7403192987075e+01 1.9171346836892e-03
494 -4.8961320832017e+01 5.7710269744631e+02 9.9291610578326e+01 1.9199489746231e-03
495 -3.4752145108545e+00 3.2665966008376e+02 -1.4538397739141e+02 1.9199511868390e-03
496 7.1745264510215e+01 -3.2294984238677e+02 8.5796837198949e+00 1.8734705308160e-03
497 -1.8966195063103e+01 1.7906057163701e+03 9.1625742384268e+01 2.0540570360655e-03
498 1.0244683317345e+02 6.2638942425108e+02 7.2580649074423e+01 1.9164235242696e-03
499 -2.7333610612448e+01 1.2837044362372e+03 9.3560211035510e+01 1.9199328353581e-03
