0 5.0191874222890e+04 2.4838917707566e+03 1.5662801168708e+02 3.5375959088171e-03
1 4.8542116417924e+04 2.8188464185161e+03 1.6032284288261e+02 2.3653198177956e-03
2 4.8334025066862e+04 1.8866105807496e+03 -1.7652853326474e+02 1.9573756264731e-03
3 4.5873881072695e+04 3.9666373044462e+03 -2.3942307338007e+01 8.2432925232773e-04
4 4.3969567504830e+04 3.4126829808436e+03 1.3694687385722e+02 1.1117868169509e-03
5 4.7365475420007e+04 4.0776702674619e+03 1.6382139219011e+02 7.7525994123183e-04
6 4.5249345577257e+04 2.4562043454627e+03 1.6798825621462e+02 3.0172011080577e-03
7 4.3819999826397e+04 2.4028466439285e+03 -1.7184356627559e+02 2.4886138683019e-03
8 5.0345960610962e+04 1.0235017759443e+03 -5.6909331200627e+01 1.3152085565469e-03
9 5.5840754086044e+04 2.1117001040696e+03 1.3542824100798e+02 3.5609545400288e-03
10 5.5406919113992e+04 1.8903955196986e+03 -1.5797990940414e+02 1.4096267668730e-03
11 5.5243780939370e+04 2.6120152333614e+03 1.6007744303439e+02 2.0020177452887e-03
12 5.5474279174544e+04 2.1518470648875e+03 -1.1920455722281e+02 3.3792859668611e-03
13 5.4316514742209e+04 2.6119149205367e+03 -1.6049189694285e+02 5.0099627459781e-04
14 5.5067882660673e+04 2.7565918525194e+03 -1.7789856238066e+02 3.1245066295277e-03
15 5.3339986755492e+04 3.1144051287111e+03 1.6953793217664e+02 2.7669554263378e-03
16 5.4318323354384e+04 3.4658075369119e+03 2.4319282154599e+01 1.7789810480483e-03
17 5.5506596951847e+04 2.7647592481095e+03 -6.8179207986685e+01 2.1892338261772e-03
18 5.5812505194492e+04 2.2443330114299e+03 4.2593341170813e-02 3.3453881962951e-03
19 5.4236919440784e+04 2.8140252380254e+03 -3.5846184663823e+01 2.0688946160937e-03
20 5.6094295210219e+04 2.0177085130904e+03 -1.6453626108561e+02 1.2554189223104e-03
21 5.7609917565253e+04 2.3781392321748e+03 -1.5068449654722e+02 2.2577635912374e-03
22 5.4280937703999e+04 2.9549021246178e+03 1.2573563092897e+02 2.1195134267903e-03
23 5.3837218213108e+04 2.9439544269902e+03 1.2725234581358e+02 3.1158576072341e-03
24 5.4962890632204e+04 2.0588634894685e+03 -1.4724568758684e+02 2.8470827896905e-03
25 5.5587826192678e+04 2.9485610050690e+03 -3.8722224561860e+01 3.2245227421471e-03
26 5.4085995519593e+04 3.6291419709635e+03 1.3863795096820e+02 1.7137653825599e-03
27 5.4454964124937e+04 2.8544990919788e+03 1.0485537112935e+01 3.1526383569173e-03
28 5.5873829572342e+04 2.0686051962397e+03 1.7071313645607e+02 3.6649399468790e-03
29 5.7761528593067e+04 1.9517504921960e+03 -3.4953878053214e+00 1.5166953041238e-03
30 5.5629172117405e+04 2.0957765781792e+03 -4.9870071970800e+00 3.6416436178978e-03
31 5.0737013436747e+04 3.0878654541513e+03 -2.5085962389642e+00 2.5850611249854e-03
32 5.2547894988443e+04 2.1216145021789e+03 -6.1494206028486e+00 1.2390681256723e-03
33 5.4351147718032e+04 2.5074573499829e+03 1.7502988980059e+02 3.6414765791399e-03
34 5.1905344432585e+04 3.1955412443882e+03 1.5620250585123e+02 2.4759496791630e-03
35 5.0578785220775e+04 2.2193219629502e+03 1.7898836657320e+02 4.3931641449429e-04
36 5.2740618307381e+04 1.9291270491707e+03 1.5333962711829e+01 2.0826335881105e-03
37 5.0163304126642e+04 1.8738253530041e+03 -1.7714230483301e+02 6.1182773307057e-04
38 5.6993698910378e+04 3.8352586615899e+03 1.4061474463952e+00 7.1119723556791e-04
39 5.4893711917731e+04 2.5753668470242e+03 -1.6232598095352e+01 3.3289655940438e-03
40 4.9320443200273e+04 2.6838861863000e+03 1.7726267240428e+02 3.3514595267134e-04
41 4.8910900332938e+04 2.6563151220815e+03 -1.5780006077728e+02 3.3555256168982e-04
42 5.5486032227455e+04 4.6130221924536e+02 -7.8430115505944e+00 9.7434356397412e-04
43 5.6240780473807e+04 2.3946889048053e+03 1.5956128799347e+02 3.6863317371803e-03
44 5.3073805410172e+04 3.5789883017881e+03 1.4590592182273e+02 1.6974995355664e-03
45 5.3629042739625e+04 3.0128024429969e+03 1.4986208344896e+02 2.9323849502587e-03
46 5.3363287294625e+04 2.8348871484371e+03 9.8677214434089e+00 3.0732422812084e-03
47 5.2165093559385e+04 2.4555006264389e+03 1.6429939963047e+02 3.4525334350921e-03
48 5.4764147497559e+04 6.1434075322267e+02 1.0782397147577e+02 1.2275565133660e-03
49 4.7738124957557e+04 2.2098226310409e+03 1.6685146947860e+02 3.6529305379001e-03
50 4.8770503381875e+04 2.0395676341237e+03 1.5026618907188e+02 3.4997931146935e-03
51 4.6114722896045e+04 2.8159681709492e+03 1.6889792191214e+02 1.9184216332965e-03
52 4.7794631678649e+04 2.7115041081364e+03 4.5281209914603e+00 1.9320459315735e-03
53 4.8606736957362e+04 2.4043766316934e+03 -6.4398589924545e+01 3.4872279411436e-03
54 4.3587646664665e+04 2.5004954223907e+03 1.6595518294260e+02 3.4748428639411e-04
55 4.5035763059503e+04 1.5231273872879e+03 -1.6243640050086e+02 2.1422078110542e-03
56 4.4135136781092e+04 2.8262286047531e+03 1.6548874222828e+02 2.5226139173419e-03
57 4.5944077679879e+04 2.6173337781271e+03 1.7408926515260e+02 2.8852679598405e-03
58 4.6198184076154e+04 2.9662124021680e+03 8.2998294600081e+01 2.4062471244649e-03
59 4.3284766415668e+04 2.6121948516804e+03 -1.7569994136291e+02 1.2988285299551e-03
60 4.5320419447324e+04 2.7019939890134e+03 1.7029025668165e+02 7.7112041091436e-04
61 4.7568864374523e+04 2.8249866210491e+03 1.7516568736375e+02 9.0851406248918e-04
62 5.0945418551046e+04 2.0861011000820e+03 -5.0898704972843e+00 2.4243241425222e-03
63 4.4197771476022e+04 2.7567246514936e+03 1.4299563608168e+02 2.3742187560253e-03
64 4.6790640638020e+04 1.9006899207365e+03 1.6521700936481e+02 3.3180425279752e-03
65 4.8645316511578e+04 1.8465132516090e+03 1.4663521310992e+02 3.4280663760017e-03
66 4.5162838743112e+04 2.3936459871989e+03 1.7144394569775e+02 3.7241875433976e-03
67 4.4505215853585e+04 2.0761885307486e+03 1.6262910662596e+02 3.6317107788350e-03
68 4.4358890733802e+04 2.1849461845928e+03 1.2837871616381e+02 8.6892032236241e-04
69 4.7488933980010e+04 2.1125230701499e+03 2.3592286980121e+01 3.6815543522774e-03
70 4.7310337888681e+04 2.6026860590136e+03 1.3805469109044e+02 1.1498924398999e-03
71 4.6429644691070e+04 1.3388603718684e+03 -2.7085134400491e+01 4.0606060521377e-04
72 5.0545712613033e+04 8.5316429756487e+02 -1.4677238984823e+02 2.0501442947595e-03
73 4.8537905587199e+04 1.8566287362330e+03 1.7494585395025e+02 5.4825623614231e-04
74 4.7165153250029e+04 2.0131861236101e+03 -1.1034850597664e+02 3.9562841063443e-04
75 4.8153765817335e+04 2.4989596855457e+03 1.7647110412702e+02 2.4377155793494e-03
76 4.7784552895035e+04 1.9228977624940e+03 1.8626457729942e+01 3.4192404992025e-03
77 4.6234746609333e+04 1.9362426088580e+03 -1.7262719626104e+02 2.4303158038013e-03
78 5.4127234898699e+04 2.7708537117580e+03 -3.2040911926498e+01 2.8068697902313e-03
79 5.3226625608966e+04 2.3419671974767e+03 -5.3994586634972e+01 2.5990450138213e-03
80 5.1161091136346e+04 2.6312836108707e+03 1.6790111781070e+02 1.1382959568136e-03
81 5.1713256988897e+04 2.8246323496404e+03 5.7866931767947e+01 8.0192636396470e-04
82 4.7857064357348e+04 3.2822459789385e+03 4.1213945871128e+01 1.5290906556278e-03
83 4.7076530067282e+04 3.0241164473416e+03 1.6265391897333e+02 2.3849249295710e-03
84 4.6879083897250e+04 5.3901898215482e+03 1.5600860794082e+02 3.4748665816718e-04
85 4.7839010044088e+04 2.9243457922398e+03 -1.7029680168732e+02 1.0139673867578e-03
86 4.8916660880265e+04 2.4777697448086e+03 -2.7269949194289e+00 3.9677328255985e-04
87 4.6401678020085e+04 3.0190224904876e+03 1.7371429055383e+02 1.1441546823117e-03
88 4.5326203991321e+04 3.5683004333675e+03 1.5724612417564e+02 6.1097827438313e-04
89 5.0093540969782e+04 3.5796866647662e+03 1.5041862694353e+02 1.2778831838071e-03
90 5.0018533986189e+04 3.2989340679389e+03 -2.3655228194364e+01 2.1091326916424e-03
91 4.9865847193530e+04 2.8833229793579e+03 -5.2591912355940e+01 2.6513783717094e-03
92 4.9512922415682e+04 2.2262648027775e+03 -1.5440016868497e+02 2.8944924872205e-03
93 4.9864284430206e+04 2.7341361132008e+03 1.7252740155426e+02 2.4212126126758e-03
94 5.3153558017200e+04 4.5611319634412e+03 2.6892235379685e+00 3.4890239566660e-04
95 4.2179409340220e+04 2.6830349375981e+03 -1.6664820585179e+02 4.3688680305676e-04
96 4.2631652863493e+04 2.6576548409251e+03 1.1872527286409e+02 2.3455031449316e-03
97 4.3706485795614e+04 2.6897745507974e+03 4.6524118768629e+00 2.6955707492603e-03
98 4.3274120099365e+04 2.8899954954190e+03 5.0208692743642e+01 4.1252326195470e-04
99 4.8019844158536e+04 3.0022030335664e+03 1.6735224734224e+02 1.6861980300011e-03
100 4.7833976417102e+04 3.6130426158713e+03 -8.0582385133130e+01 1.3344449166139e-03
101 5.0530982803570e+04 3.8091525260219e+03 2.7262587223942e+01 6.0014283940881e-04
102 4.7625452607219e+04 2.4162231115678e+03 -1.7827182899395e+02 1.2247100806050e-03
103 4.9455488764948e+04 2.7185720457107e+03 1.7938532663416e+02 3.0473861915718e-03
104 4.6647651973038e+04 2.0026158526057e+03 -1.7234875624615e+02 7.2855151391719e-04
105 4.6721489581145e+04 1.6650467881586e+03 -1.0674551341647e+02 3.5174429216188e-04
106 5.0584205392116e+04 1.4512564811615e+03 -8.3040046270814e-01 8.9808219563275e-04
107 4.9306948072503e+04 2.4723684449369e+03 8.5097010042650e+00 3.8546788895546e-03
108 4.8337189398270e+04 3.5157133327985e+03 1.4768652976211e+02 1.3756032328888e-03
109 5.2813185425976e+04 3.8674750517895e+03 1.5420681234178e+02 1.1499472366514e-03
110 4.4602619433648e+04 3.2705037065185e+03 1.7859103459858e+02 3.4519094501606e-04
111 4.7065230291691e+04 3.9624647759881e+03 4.1722502381114e+01 8.4767841824170e-04
112 4.7281920574240e+04 2.3799900005217e+03 -6.2303741691378e+00 1.1017373207954e-03
113 4.6760525420573e+04 2.7673064722381e+03 1.6603962743234e+02 2.4626830222227e-03
114 4.2661319472589e+04 2.9360189692691e+03 1.6040845391981e+02 1.0381342245491e-03
115 5.2374286912392e+04 4.2398259326284e+03 -1.1328170739977e+02 7.7565112751178e-04
116 5.1974730810613e+04 2.4371468550315e+03 -1.5008543002541e+01 3.0936181470032e-03
117 5.1985921376153e+04 3.1662808011477e+03 -1.3782057246175e+02 1.8672348073533e-03
118 5.2583100830300e+04 3.7646460689770e+03 7.4528881214464e+01 1.3105073343773e-03
119 5.5448357717726e+04 3.1234162320402e+03 -1.0861767658590e+01 1.9358875138215e-03
120 4.7677730408011e+04 1.9589767611852e+03 -1.7992102003003e+02 3.9001553386735e-04
121 4.8458491005908e+04 2.5863707825170e+03 -1.5940373889383e+02 3.2134801979835e-03
122 5.0550378522143e+04 2.6667877284741e+03 -1.7996149398260e+02 2.6711592089074e-03
123 5.0280521984998e+04 3.1876844466352e+03 1.7317667952839e+02 1.3298577432069e-03
124 5.3395231241642e+04 2.1709872263593e+03 -1.3527972116254e+00 1.7701601404043e-03
125 4.8420852409794e+04 2.1165145189300e+03 -2.5708022139631e-01 2.5659552698843e-03
126 4.7469219652742e+04 2.1072109838254e+03 1.8051698907041e+00 4.5825877682059e-04
127 4.8346653005759e+04 3.5350864587115e+03 1.7803975549052e+02 6.5631799947408e-04
128 5.5366638216793e+04 1.7651614214027e+03 -1.4294747523847e+01 5.0252438807360e-04
129 5.3203666046322e+04 1.3678426885127e+03 8.7025894529603e+01 2.8134542313191e-03
130 5.4560798009502e+04 2.2691698673496e+03 -1.2291786931325e+02 1.9290512040606e-03
131 5.2435935654255e+04 2.3332294798391e+03 -1.7847736127014e+02 3.5431785217249e-03
132 4.5459994616929e+04 3.6065892382475e+03 1.6653351745143e+02 3.3512678739996e-04
133 4.6862675320295e+04 2.7966950717514e+03 1.7097461488434e+02 3.4920080467268e-04
134 5.0553345098827e+04 2.5614050584206e+03 -9.3218641158055e+01 3.4703105328473e-03
135 5.0497960518718e+04 9.3294340048679e+02 -3.9911114599664e+01 1.6789559605212e-03
136 4.9958513037057e+04 2.5407077154428e+03 -6.1218665772775e+01 3.4279592256681e-03
137 4.9035443279988e+04 2.4250950122533e+03 1.7307118083507e+02 3.5443889684913e-03
138 4.5179292152323e+04 2.5930981760091e+03 -3.7250845757687e+01 2.0907885088104e-03
139 5.0771164497678e+04 2.1506827823298e+03 -1.7158447572238e+02 2.7353994850550e-03
140 5.0350302208831e+04 7.0412747669218e+02 -1.3529112745611e+02 1.0159291076410e-03
141 4.8301095766982e+04 1.9302949884479e+03 -1.7948583024550e+02 2.8940039725799e-03
142 4.7987318888187e+04 1.6843286232674e+03 -1.2294901043799e+02 2.8257327005263e-03
143 4.7149957747898e+04 3.6047739599122e+03 1.3493696672600e+02 7.9072545106961e-04
144 4.7608218644683e+04 2.0908218854227e+03 -1.4499870065877e+01 4.7036375580626e-04
145 4.8748067103467e+04 3.7279366602920e+03 1.4804956527630e+02 1.2520011324890e-03
146 4.9669590566245e+04 2.9211638276455e+03 1.3349069091740e+01 2.7009900234338e-03
147 5.0422168804432e+04 2.7144868078608e+03 1.7410776017536e+02 2.2630081872238e-03
148 5.0794857710950e+04 2.5727226366890e+03 2.7440572895578e+00 3.0285773541770e-03
149 5.3918991920821e+04 2.7309658391658e+03 1.6635534922461e+02 1.1451013118673e-03
150 4.8136906953172e+04 3.5396842081979e+03 1.5465360332586e+02 1.1802006166391e-03
151 4.4621671642394e+04 3.5209713376252e+03 1.6641833025551e+02 4.3201836880723e-04
152 4.8697974132238e+04 2.7769762730739e+03 1.4506389570433e+02 1.5903920938725e-03
153 4.7275169797167e+04 2.2992905188388e+03 -1.7926450051632e+02 1.7164030501621e-03
154 4.8167489067590e+04 3.5400700052067e+03 -1.7385560032779e+02 1.5165911497183e-03
155 5.5235956799305e+04 2.2491397979075e+03 1.7991069627559e+02 3.3504528211587e-03
156 5.5267758671439e+04 2.1721159662341e+03 -2.0103065629675e+01 3.6844718540099e-03
157 5.1169461395190e+04 2.7341427757426e+03 -1.1879485583293e+02 2.4741091724478e-03
158 5.4485158994112e+04 3.1341049559432e+03 1.0989173156498e+02 8.1804227228221e-04
159 5.0513816410207e+04 2.7879551685110e+03 -1.7941221190563e+02 7.9174635083364e-04
160 4.9415482752035e+04 2.6682144987333e+03 -3.3405473020363e+01 3.2103152583596e-03
161 4.5116820967070e+04 3.0612833948389e+03 -1.4909174827486e+02 1.0042398628027e-03
162 4.5670851642844e+04 3.2280019138819e+03 1.5659540157634e+02 1.8927613243936e-03
163 5.1571467759677e+04 1.1662842538599e+03 -1.9593408627216e+01 2.0651922296179e-03
164 5.0884582905685e+04 1.1883137958479e+03 1.6918358183324e+02 1.9710543356382e-03
165 5.1135158824217e+04 1.6345116610963e+03 9.1049433207924e+00 3.2048578632221e-03
166 5.1595456080138e+04 1.6545767086735e+03 1.2756669205471e+02 3.3757795735352e-03
167 4.4776521012841e+04 3.4752643231001e+03 -4.5840433292969e+00 7.9870613109955e-04
168 4.5750482668424e+04 4.4610203932610e+03 1.5873482561345e+02 4.8339915641668e-04
169 5.1747459454598e+04 2.2959171586977e+03 -5.8012045417015e+01 3.0308152904771e-03
170 5.2752079269547e+04 1.8484174237703e+03 -1.1887093239852e+02 7.4821616271737e-04
171 5.0677127381029e+04 8.8794518372968e+02 1.7301352696499e+02 2.1381576150188e-03
172 4.9839486085675e+04 4.1615510402974e+03 6.9844757167783e+01 7.9465842381152e-04
173 4.9154554812654e+04 3.5761948577001e+03 1.6583252738133e+02 1.5277426527856e-03
174 5.1399375011296e+04 4.2339694195068e+03 3.9113407903586e+01 5.2218219005897e-04
175 5.0278013161394e+04 2.6624490034446e+03 -1.2613403114716e+02 2.6910019952527e-03
176 4.9305980793193e+04 3.2155603658235e+03 1.5738015245577e+02 1.7130787420455e-03
177 4.7813220981566e+04 3.6508930307135e+03 1.6553511188740e+02 5.9002224498061e-04
178 4.8134217951654e+04 3.0942169120117e+03 -9.9433425788740e+01 9.6476923695531e-04
179 4.9128945668904e+04 2.8670922070245e+03 1.5473944701933e+02 2.4656624905213e-03
180 4.7939502568899e+04 3.3551337226405e+03 -1.6934118373861e+02 9.2722013586460e-04
181 4.9985715452837e+04 2.7841710008918e+03 -1.6963562790665e+02 3.1175811905303e-03
182 5.0928530217378e+04 3.1863593896386e+03 1.7062410709441e+02 1.8998488504203e-03
183 4.8547333538362e+04 2.7682559090137e+03 -1.7292091868509e+02 4.7725992392813e-04
184 4.9570152414366e+04 3.3713917498061e+03 1.6766126731600e+02 1.4815079125795e-03
185 5.0330624232786e+04 2.9585030995127e+03 -1.3785733538604e+02 2.3436284281950e-03
186 5.4039052611724e+04 3.4166047937905e+03 6.2370627567560e+01 2.0608674103870e-03
187 5.4011799506982e+04 3.5366360361030e+03 5.5700950140438e+01 1.9086732655079e-03
188 5.2460077265947e+04 3.5728317844897e+03 1.7911224293494e+02 1.6997274151486e-03
189 5.2065311464810e+04 3.5912788971440e+03 1.5280243657218e+02 1.6200196250544e-03
190 4.7806960010667e+04 4.3100085401347e+03 1.6823214818253e+02 6.1556260699765e-04
191 4.7421005142695e+04 3.1628404024760e+03 1.6158419720880e+02 1.6202609544960e-03
192 4.8579853547866e+04 2.3793748400411e+03 1.4936910233539e+02 3.5656820079948e-03
193 4.4596091417360e+04 2.7183518018847e+03 1.5678961917953e+02 3.4596868659579e-04
194 4.9768999668816e+04 2.3952803734426e+03 9.2610517547633e+01 3.5159593288569e-03
195 4.7539520221909e+04 1.5381490027430e+03 -1.7698818434923e+02 1.4149681161031e-03
196 5.1428075253355e+04 1.1093431727664e+03 -1.4714355949179e+02 1.5204981726391e-03
197 5.6348283437094e+04 1.3088378446423e+03 -1.1614318586423e+01 1.5753256090124e-03
198 4.9038652138890e+04 4.8008725169829e+03 1.5878827426676e+02 4.1609688124115e-04
199 5.0031853710260e+04 1.4778797097654e+03 -4.0901125676104e+01 2.3010206188913e-03
200 5.0795808188153e+04 1.9885696202272e+03 1.5249941054038e+02 3.6447448385325e-03
201 4.9378347417929e+04 1.2143493072730e+03 -1.9026254260486e+01 2.0878150507703e-03
202 4.9632139975135e+04 1.4937485023418e+03 1.3699141957190e+02 3.3380693559714e-03
203 4.7135105462250e+04 2.9232888441104e+03 -9.3969738936567e+00 2.6357987477363e-03
204 4.6169527336240e+04 2.1694195555114e+03 -1.7839807087409e+02 7.4978677157859e-04
205 4.7843168343911e+04 2.9082865646946e+03 1.7158974628241e+02 6.3263810375878e-04
206 4.9271625557398e+04 3.6662066169168e+03 1.6852061998873e+02 1.2077227333844e-03
207 4.8461577629362e+04 3.2460641154839e+03 -1.6575453427148e+02 2.0525813650431e-03
208 5.1219837135189e+04 2.4293031565729e+03 -7.9154977821679e+01 2.6933700257979e-03
209 4.6429344347820e+04 2.3242541468424e+03 1.7724465825187e+02 4.6049377268390e-04
210 4.5255310906176e+04 1.3310305340198e+03 4.4649541470254e+01 1.7278929069383e-03
211 4.3974476080099e+04 2.3233581730837e+03 -1.5147017296043e+02 8.6874059732251e-04
212 4.4181823607582e+04 1.7412345427480e+03 -1.7403240979115e+02 2.4471847664749e-03
213 4.2282707190154e+04 2.4106800660971e+03 1.5142732470745e+02 2.0677717853323e-03
214 3.8987698127219e+04 2.8351931541074e+03 1.4931180866278e+02 1.9764474190432e-03
215 4.4331894814794e+04 1.2863102442562e+03 -2.1175110999600e+01 1.9216449402559e-03
216 4.4509465151632e+04 2.8838307138883e+03 1.6686397707178e+02 1.7090190149217e-03
217 4.6314851072402e+04 1.9385837406898e+03 -1.8088966889883e+00 3.3835137345022e-03
218 4.6492576420674e+04 2.8841390180053e+03 1.0179128934617e+02 4.0140187153423e-04
219 4.5072494901524e+04 3.4211423638979e+03 1.2366054834896e+02 1.5060879444593e-03
220 4.2987934320387e+04 2.1880415966173e+03 -1.7730470846185e+01 3.0231339499288e-03
221 4.3652627372423e+04 2.3373475995942e+03 1.5114509859703e+02 3.2068738059516e-03
222 4.1019392493005e+04 3.4409873830111e+03 1.5620936905460e+02 6.8228740985924e-04
223 4.5224054303637e+04 1.6105215580669e+03 -1.6104619973985e+02 3.5261809151129e-03
224 4.7310532969879e+04 1.3393283079929e+03 -2.9443413771287e+01 3.2277263147485e-03
225 4.5689521483434e+04 1.6220157579840e+03 -1.1573017106584e+02 3.5439992059776e-03
226 4.5466478879783e+04 1.9014078765111e+03 2.4112065454049e+01 3.4762987813267e-03
227 4.4852906404237e+04 3.2046243065816e+03 -1.3348023127073e+01 1.3218513506537e-03
228 5.5391774542729e+04 2.3356738704698e+03 -1.4350012229789e+01 1.6093258950482e-03
229 5.2274387450943e+04 3.0555278183568e+03 1.7810229461887e+02 2.2394495119532e-03
230 5.0570401605137e+04 2.3592910042710e+03 1.7926728944933e+02 3.6425982947740e-03
231 4.9475687864286e+04 2.4019923409543e+03 -1.7516585346285e+02 1.7905546956928e-03
232 5.3867949189404e+04 1.9727395308606e+03 -2.3598209375913e+01 2.9161877026709e-03
233 4.9998520315962e+04 2.5220282611400e+03 1.5027279458835e+02 7.7582088256154e-04
234 5.0718212558019e+04 1.8629266687803e+03 -1.6482461473413e+02 2.7776633012584e-03
235 5.2884886377801e+04 2.8445585286646e+03 1.3510626848240e+02 3.1832717964153e-03
236 5.2483150193473e+04 2.9100610503529e+03 -3.1512532676771e+01 3.0444265852507e-03
237 5.0392427580994e+04 3.2711396034829e+03 1.7235805864741e+02 3.8236857578931e-04
238 5.0544126417038e+04 1.0067676470807e+03 -1.6887046118567e+02 1.3403721106048e-03
239 4.8300214841809e+04 1.5545807036013e+03 -1.6487979437659e+02 3.4805652783507e-03
240 5.4547489410418e+04 2.1298089378212e+03 -1.6220133365421e+01 3.4737507583715e-03
241 5.5718875683182e+04 4.3940707152403e+03 -3.6837231452911e+01 7.0990276343657e-04
242 5.3570530870563e+04 3.4014996192540e+03 1.7274378988034e+02 3.9985426322624e-03
243 5.6998611765657e+04 3.6592375182227e+03 -2.5813078305733e+01 1.1512654510202e-03
244 5.0799238331105e+04 2.0265597348429e+03 -1.7905749681387e+02 1.5584356037706e-03
245 5.2883328481099e+04 1.8739923865376e+03 -2.4481068956195e+01 3.2790781865858e-03
246 4.7449409677618e+04 3.0529972460983e+03 -1.7100165021376e+02 2.2374085048377e-03
247 5.1907506335311e+04 2.0276727225429e+03 -5.3620519676264e+01 2.3756797033389e-03
248 5.2740509381256e+04 1.8582600670700e+03 -1.5683931003101e+02 3.5131057646810e-03
249 5.1870737624821e+04 2.3794226143851e+03 -4.0113197964994e+00 3.2527905427907e-03
250 4.9227638204547e+04 1.9013336829601e+03 1.7198820072553e+02 1.8473660865787e-03
251 5.1937794095746e+04 2.0412372833235e+03 -6.7744018185380e+01 2.3923096515609e-03
252 5.3401170471371e+04 2.1486260976143e+03 -4.2526440817980e+01 3.5434392598915e-03
253 5.3037734893380e+04 1.8025341562701e+03 1.4374034241857e+02 1.4520560697664e-03
254 5.3972998331461e+04 1.4388587244937e+03 -6.5515646989053e+00 2.9563122474699e-03
255 5.2179337995428e+04 2.4818519680569e+03 1.5142929972328e+02 3.3329428420674e-03
256 5.2740961546147e+04 2.3422922481583e+03 1.4924209740538e+02 3.4684435371079e-03
257 5.0921589480862e+04 1.7435020220063e+03 1.5867397162732e+02 1.6911935485572e-03
258 5.1142628486040e+04 1.9795056509734e+03 1.7075174139786e+02 3.1162379328464e-03
259 5.4376253930394e+04 7.2396656203549e+02 -1.4616112162222e+01 1.5368702136634e-03
260 5.2036488256316e+04 1.8632118983679e+03 2.2094719104447e+01 3.0212060927276e-03
261 5.1906855002370e+04 1.6084834614092e+03 -1.3832066447311e+02 3.3698055777045e-03
262 4.9556984963795e+04 2.4295737741426e+03 1.6303580176336e+02 6.6811992463042e-04
263 5.2586976236527e+04 2.6231269480962e+03 -2.3168226035013e+01 2.3843207620856e-03
264 5.3622967109735e+04 1.3144313810614e+03 -1.1834351511031e+01 1.1319355183241e-03
265 4.7672045499734e+04 2.4056546914896e+03 -1.6697489199217e+02 1.5976484976902e-03
266 5.0584580648015e+04 2.5358610199779e+03 5.5685892608636e+00 2.4140866487431e-03
267 4.7294230739732e+04 2.3068550596859e+03 -1.7994934701828e+02 3.5621953491745e-03
268 5.1489954901299e+04 2.9238532121476e+03 -6.4972545118533e+01 2.8704187232238e-03
269 4.8019191340356e+04 2.8153937435609e+03 1.6644287437669e+02 1.0811687775287e-03
270 4.9578503741828e+04 2.7430803628785e+03 1.5419313047060e+02 2.8193039986678e-03
271 4.8210053964005e+04 3.1402164102251e+03 5.3956408040026e+01 1.9758327824343e-03
272 4.8692440317242e+04 2.5582681531829e+03 -1.6450688155424e+02 2.4143757697426e-03
273 5.0735729058749e+04 1.6494028986414e+03 -1.4604671544723e+02 3.2846361847740e-03
274 4.9070141013268e+04 1.9155510643518e+03 1.6976907717637e+02 3.4809391163570e-03
275 4.8957223600386e+04 3.1903621930633e+03 -1.5733064222666e+02 1.6807079638942e-03
276 5.0292135118351e+04 2.6954508528536e+03 1.6600974431210e+02 3.1759338633821e-03
277 5.1497240874312e+04 3.2992303398924e+03 9.7386276173770e+01 2.2365775763438e-03
278 5.0791676552489e+04 2.6270027401245e+03 1.7941423503759e+02 2.1429703833905e-03
279 5.0796741171100e+04 2.1537444768680e+03 -6.7347579152391e+01 4.2736135974825e-04
280 4.9440389947909e+04 1.4159259818152e+03 1.5499566253138e+02 7.5870155353683e-04
281 5.1223271811602e+04 3.0271864014098e+03 1.6964119639126e+02 2.5271918520751e-03
282 4.5853342409664e+04 2.9812999687059e+03 1.0756805473611e+02 2.3663131918993e-03
283 4.4064928724476e+04 2.6897917552499e+03 -1.7556559771344e+02 1.6296036237360e-03
284 4.5913047659225e+04 3.4074580919778e+03 -1.7460079639092e+02 1.2154982392202e-03
285 4.0682542691792e+04 2.3874823554508e+03 -1.6811440092964e+02 6.6479382743258e-04
286 4.1878522414987e+04 1.2417579418714e+03 -1.7326756890195e+02 3.4153831405698e-04
287 4.6361852246373e+04 2.0041626260266e+03 8.6937430082280e+01 3.6861293658610e-03
288 4.3540840922227e+04 2.2474347455433e+03 -1.1637834727010e+02 5.7528530883133e-04
289 4.4491475164451e+04 2.1497156870999e+03 4.0598523869881e+01 3.0657571925172e-03
290 4.9110322202014e+04 2.9478917453435e+03 1.7256183459178e+02 5.6446693947552e-03
291 4.9633341847113e+04 2.1408398513163e+03 -1.5410100364983e+02 1.2157892427183e-03
292 5.1734768817916e+04 2.4249051116195e+03 -3.0641240688353e+01 2.1991705813462e-03
293 4.9659212858978e+04 2.4011777079676e+03 1.5155648315963e+02 3.5523316530937e-03
294 5.0672518523182e+04 2.5384948661507e+03 -1.1109843172814e+02 3.2583506169027e-03
295 5.0394125112205e+04 2.9133475830264e+03 -1.3419630228244e+01 2.8734214449207e-03
296 5.1924836342893e+04 3.6990965827527e+03 1.5273930980765e+02 3.7929984551888e-04
297 5.0558229274670e+04 2.5941257467432e+03 1.6575339393182e+02 3.2056424736036e-03
298 5.3863792501202e+04 2.1950642849363e+03 1.5951712266046e+02 1.9047926537417e-03
299 5.2766912786038e+04 2.5337745457268e+03 1.6020987014219e+02 3.5756293901260e-03
300 5.2772914824566e+04 2.4691264609251e+03 -1.7648113943404e+02 3.6319688545606e-03
301 5.4936454542093e+04 2.6970787066666e+03 -9.3981912173971e+01 6.0143223359715e-04
302 5.0251566742544e+04 2.1983859237283e+03 1.5003225594651e+02 1.9270559874898e-03
303 5.0918213653177e+04 2.6473395649684e+03 1.6243269084474e+02 3.3808510297000e-03
304 5.0358195842873e+04 2.5120946752322e+03 1.6659762929251e+02 2.5721721824618e-03
305 5.1192233990428e+04 2.8446833060938e+03 -1.3845022671584e+02 2.8844834061660e-03
306 5.1487453094444e+04 3.6498169654472e+03 1.5806286445291e+02 1.5507557609664e-03
307 4.9474242911163e+04 3.2894852794592e+03 1.3396434430125e+02 1.8223177601967e-03
308 4.4299373130434e+04 2.5158169697166e+03 1.7880540994486e+01 2.6976022371628e-03
309 4.4807185261477e+04 1.9007747270995e+03 1.6685726272843e+02 2.1119613927714e-03
310 4.8618463120813e+04 2.0746998527360e+03 -1.2673704260642e+01 1.9433547177734e-03
311 4.6417079687896e+04 3.1212947518311e+03 1.2993402739439e+02 2.0023517848800e-03
312 4.2692509579590e+04 1.6076297388344e+03 1.7960193862261e+02 7.6996129279915e-04
313 4.3226776546670e+04 2.3478583742866e+03 1.6179177057901e+02 1.6501734535924e-03
314 4.4965965821793e+04 2.3046718690498e+03 1.2126973368593e+02 3.4690377957987e-03
315 4.4573374894725e+04 2.6638546683788e+03 1.7524981968267e+02 2.2331537955311e-03
316 4.1435460378636e+04 4.5356040978347e+03 1.6322880005281e+02 3.9630736892018e-04
317 5.2566067074786e+04 3.2948037790604e+03 -1.7233999833041e+02 1.8588669874945e-03
318 4.9946977778490e+04 2.5147180501208e+03 -1.4035969272678e+02 4.1690698108660e-04
319 5.0690951762277e+04 3.2248342317687e+03 -1.1323287489291e+02 2.2375235481695e-03
320 5.2132784343979e+04 2.5405139530789e+03 1.5783506875372e+02 2.1178671799027e-03
321 5.2745991419689e+04 2.6130868080009e+03 1.2125008918278e+02 1.4719381319073e-03
322 5.5352804520050e+04 2.4081025638457e+03 -2.7867672048502e+01 3.6839317373296e-03
323 5.2954776593902e+04 2.6025919817244e+03 -1.7987789422762e+02 3.5208105705141e-03
324 5.1315501525124e+04 2.9865363371649e+03 1.7302657952238e+02 6.0355069003369e-03
325 5.1601149938728e+04 2.7077334030139e+03 1.7856705423407e+02 2.8688663821888e-03
326 5.2421927091787e+04 3.3000066973835e+03 8.8080935733294e+00 1.6683847320588e-03
327 5.4238677962508e+04 2.2846830587211e+03 -1.5678346751508e+02 8.4657034414635e-04
328 5.3527459889430e+04 2.4456202838013e+03 1.6922837008194e+02 7.7437420459393e-04
329 5.3736791586773e+04 2.5179630747792e+03 -1.7886199128108e+02 3.0476411021032e-03
330 5.3322600082136e+04 2.7248930617308e+03 1.7221235237132e+02 3.2782203188895e-03
331 4.9499423612826e+04 3.5639142627691e+03 1.6526520612654e+02 6.4882855678867e-04
332 5.2691910054994e+04 2.1292934511451e+03 1.5075034061879e+02 3.5767605015776e-03
333 5.3913617213134e+04 2.5851323996236e+03 1.5573528074456e+02 3.5425461257148e-03
334 5.3843898300847e+04 2.3176153041418e+03 1.6583420913390e+01 2.3725030338059e-03
335 5.2504412454569e+04 1.5681411870237e+03 2.5547887591213e+00 6.3722056075766e-04
336 4.9441064922571e+04 3.4365882751594e+03 8.8733147317777e+01 1.3988080156656e-03
337 5.2968562238525e+04 2.0329444165161e+03 -1.2943250009224e+02 2.7016118845008e-03
338 5.1536978667189e+04 2.1480453587610e+03 -1.6796891924994e+02 3.6857485956328e-03
339 4.6870034170242e+04 2.7160827240831e+03 1.4706516061848e+02 2.3586231576229e-03
340 4.4830587220340e+04 2.3623524021580e+03 -1.7516187020916e+02 3.6514861058623e-04
341 4.9258347726158e+04 1.7996251718863e+03 1.7489297792278e+02 7.5780885715199e-04
342 5.1961880801448e+04 1.6949867709713e+03 -1.6204721516777e+02 3.4117649310237e-03
343 4.3625228556278e+04 1.7122178979289e+03 -1.1309552116109e+02 6.6165408185933e-04
344 4.3638292190851e+04 1.5164704892234e+03 -1.6127663613385e+02 1.1573769677738e-03
345 4.7237186298262e+04 2.3800309845455e+03 1.7775839195843e+02 3.2734487406493e-03
346 4.7465791852411e+04 1.6900173219127e+03 -6.2603804481044e+01 2.2418161105087e-03
347 4.6154970334457e+04 2.3828528999809e+03 4.9921345549591e+00 3.2333743220169e-03
348 4.4958520985010e+04 1.6995436734249e+03 4.0054626446539e+01 3.6692250515253e-03
349 4.5126506026548e+04 1.6723079989273e+03 -6.3082342221943e+01 1.6864995872952e-03
350 4.6250935724641e+04 2.5283309324241e+03 1.7225951077533e+02 2.5259604438119e-03
351 4.7941811405517e+04 1.5713071122699e+03 1.7203119586987e+02 3.4923137920122e-03
352 4.8266541532863e+04 2.4054574970069e+03 7.7975709142587e+01 3.0675753433875e-03
353 4.5900333351208e+04 2.9269980863011e+03 1.7049122013133e+02 4.7082134594019e-04
354 4.6207620765069e+04 3.7274396645839e+03 1.4180936585904e+02 3.7898960518378e-04
355 4.6916051233132e+04 2.9639928414149e+03 1.7426573262841e+02 1.3594301131145e-03
356 4.7207763059635e+04 2.6159705117884e+03 1.5679436351049e+02 4.4441907194639e-04
357 4.9411949263927e+04 1.8445454625412e+03 -1.7972152832435e+02 3.0884132718014e-03
358 4.8532125908013e+04 2.0591643083380e+03 1.6807651979288e+02 3.6739613472882e-03
359 4.6917184855186e+04 2.1110784816789e+03 2.1098689125855e+01 2.7259545557206e-03
360 4.9416102750095e+04 2.8684594381122e+03 6.2154625492755e+00 2.5343677319691e-03
361 4.7700719330290e+04 2.4670241990616e+03 -1.6590617872206e+02 2.7256680618567e-03
362 4.7204446477922e+04 3.0433265261736e+03 1.7851974058964e+02 1.8647724565083e-03
363 4.8150365333168e+04 2.9488448325607e+03 1.6887230963345e+02 2.2352095184419e-03
364 4.5894996017110e+04 2.7064559346018e+03 1.7526163307008e+02 2.0665380807790e-03
365 4.7514734920205e+04 3.7108916127104e+03 -1.5134497594558e+02 7.5803374126857e-04
366 4.9406160605676e+04 2.0213377271037e+03 -3.3456561109457e+01 3.6820088389823e-03
367 4.6183199562814e+04 2.8848448237474e+03 1.7903872783188e+02 5.7441437876658e-04
368 5.0541504309909e+04 2.9058692514405e+03 -8.0411206837112e+00 2.2017578399867e-03
369 4.9471312259122e+04 1.7133536883203e+03 -5.4402411755759e+01 3.5461538658530e-04
370 5.2696051694845e+04 1.7502893112294e+03 -1.6383148278622e+01 3.4452347366738e-03
371 5.2301625241105e+04 2.3938825092171e+03 -1.6951406798042e+01 2.3657869175049e-03
372 5.2192467914821e+04 3.4166800706074e+03 -1.7284338340954e+02 1.6391315006855e-03
373 5.3912574806453e+04 2.9150988160816e+03 -2.0335100856362e+01 3.0742032649557e-03
374 5.1676340724836e+04 3.7281346898296e+03 1.6108227011132e+02 1.4286582362111e-03
375 5.1541255519125e+04 2.8537259221376e+03 -5.8709138327171e+01 1.9589881264804e-03
376 5.0434574414302e+04 3.2605757227902e+03 -1.7955697499063e+02 2.1132446785641e-03
377 4.8933154411755e+04 2.6635324504785e+03 1.5689289304216e+02 3.2313781897324e-03
378 4.8987663359534e+04 2.5588958850849e+03 -7.7881405708954e+01 2.1282661000979e-03
379 5.3340357084927e+04 2.5029815486786e+03 1.7809395506946e+02 1.7202955479283e-03
380 4.6765117280259e+04 3.4100499840840e+03 1.0825444349544e+02 3.5007695381103e-04
381 5.0091028005390e+04 2.1924018006597e+03 1.3747653032536e+02 3.6762930477650e-03
382 5.2045586139096e+04 1.0144567217902e+03 -5.5970016588850e+01 2.2595078771913e-03
383 5.0811795217296e+04 1.0963619690798e+03 -1.5851558171784e+02 1.1346016896154e-03
384 4.6034817887005e+04 3.4553589205158e+03 1.6952015426718e+02 8.4122390234141e-04
385 4.9877455927450e+04 2.7428690027477e+03 -1.6081459985407e+02 7.7239792302033e-04
386 4.9354754874133e+04 1.6085665427466e+03 1.1196119558948e+02 3.4995908911097e-03
387 4.8363128523162e+04 1.8692169828936e+03 1.5423597441576e+02 3.6731672840663e-03
388 4.6644585060870e+04 3.2789492662736e+03 1.6463623383473e+02 3.5084489427551e-04
389 4.8241923305841e+04 1.3500504610674e+03 1.3107103946313e+02 3.1539119251406e-03
390 5.1384614949706e+04 9.8414805238275e+02 5.4246169090535e+00 5.0850342523217e-04
391 4.7914288427451e+04 2.3492967722566e+03 1.6435114302590e+02 3.3844460614081e-03
392 4.8029614498594e+04 3.2055678704305e+03 1.2320209111480e+02 1.6511895677175e-03
393 4.7083123171698e+04 2.0837953824525e+03 -1.2651816889080e+02 5.0962259161357e-04
394 4.5761530630803e+04 3.0406006636170e+03 4.6097814689301e+01 6.2413803365804e-04
395 4.6720026872686e+04 2.0445847999159e+03 1.7860728007509e+02 4.7833948403339e-04
396 4.7866744553611e+04 1.8836347468623e+03 -1.1309290373117e+02 3.5739373815395e-03
397 4.8736304543099e+04 1.4639040604094e+03 -1.6948145489261e+02 3.3126838166951e-03
398 4.7826757052570e+04 1.1005517737550e+03 -8.2172388555164e+00 2.5094442803301e-03
399 4.5275664617193e+04 2.9178772536988e+03 -1.7599405297149e+02 2.3176125284279e-03
400 4.7234920428470e+04 2.3272417945136e+03 -1.7863581009763e+02 1.6158693465820e-03
401 4.4834231085230e+04 1.7561686724670e+03 2.2661692061282e+01 1.2437881578110e-03
402 4.5701149906330e+04 2.0602620825864e+03 -1.1827780011485e+02 3.6607769115679e-03
403 4.2377608977349e+04 2.5230784892885e+03 -1.6930373030240e+02 1.1527168217215e-03
404 4.5350458570950e+04 2.5993024580709e+03 -1.7457325917999e+02 3.5561548188944e-04
405 5.5947505237669e+04 1.8870822738057e+03 -1.3899675290049e+02 3.1750608623809e-03
406 5.4248293801367e+04 2.9496004117919e+03 -1.5937673340059e+02 1.0035346642805e-03
407 5.3941859998171e+04 3.9841409248513e+03 1.4458013405084e+02 1.1481938241618e-03
408 5.1316007995979e+04 2.9896657179224e+03 -1.7709942879429e+02 1.5768811720715e-03
409 5.3480655363006e+04 3.6175870180764e+03 4.6792755038898e+01 1.7479135294228e-03
410 5.6283528873245e+04 3.1553673263961e+03 -5.6870961606397e+01 6.2450622764725e-04
411 5.2907423317390e+04 2.6123011422052e+03 1.7938523376958e+02 2.1501560598345e-03
412 6.1313998613735e+04 1.4873723276287e+03 1.6586048262097e+02 1.2485320616072e-03
413 5.3709247690147e+04 3.7522353975860e+03 -1.7179144107499e+02 4.1467050339884e-04
414 5.5367797295783e+04 3.2483309947050e+03 -2.2324068618934e+01 2.6520510407027e-03
415 5.1781607989086e+04 3.6858775195965e+03 1.3648731439193e+00 1.2329626290833e-03
416 5.2728520538277e+04 2.2754963775115e+03 5.7797801617194e+01 7.2956366025371e-04
417 4.9800308091577e+04 2.6762110186226e+03 1.7142489383537e+02 2.0034684316137e-03
418 5.1176090856355e+04 3.0952487057302e+03 1.0595169014969e+02 1.9819764787424e-03
419 4.9388901774326e+04 3.2947743926797e+03 1.6741278757731e+02 1.0820470830451e-03
420 5.4727549479157e+04 2.8832692834091e+03 1.5427303684256e+02 3.2739555446164e-03
421 4.9912671549969e+04 3.5395203363970e+03 1.7043776329604e+02 1.0023739721564e-03
422 5.4258593625662e+04 2.5995033773767e+03 -5.1608123444713e+01 3.5449851239651e-03
423 5.2599054352711e+04 3.1823973437332e+03 1.6593564868723e+02 2.0478203657502e-03
424 5.0092990251413e+04 2.9259734005586e+03 -2.1558009255064e+01 1.9904699216104e-03
425 5.2540113008276e+04 1.6526873744792e+03 -2.5445694040903e+01 2.7239402504414e-03
426 5.1630857890042e+04 1.7438764098593e+03 -1.6683977746382e+02 1.3902558866408e-03
427 5.2102721280324e+04 2.6163475697338e+03 1.4308003517696e+02 1.7725781637003e-03
428 5.5167046595252e+04 1.2643032273944e+03 -1.1984065119831e+02 1.4098659403406e-03
429 5.2606653360736e+04 2.1500344654257e+03 -1.6860056846252e+02 2.1242414584973e-03
430 5.3300387496775e+04 2.4827319777460e+03 -1.3291041929541e+02 2.1697014283696e-03
431 4.7836394428242e+04 3.0394223458777e+03 1.7354488408433e+02 3.4104920478532e-04
432 4.9073247473343e+04 1.6928428967290e+03 -3.6929182038626e+01 6.4353084131175e-04
433 4.4304076389988e+04 2.8990100344452e+03 1.7762892684598e+02 4.5122292684620e-04
434 4.0408042704170e+04 2.2288323581397e+03 1.6300948165850e+02 3.3720107540923e-04
435 4.4512046822176e+04 2.4727174990624e+03 1.7435438507729e+02 4.6980876652109e-04
436 4.6867444423250e+04 2.1940810767972e+03 -8.7270505353648e+01 2.8732610363965e-03
437 4.6315360792595e+04 2.9933959098435e+03 8.5754786981195e+01 2.1675105381218e-03
438 4.5466657596285e+04 3.3841816855086e+03 4.7767585979683e+01 6.6347697079036e-04
439 4.7844539872660e+04 3.0756663119512e+03 -7.4014165406494e+00 1.8848745811789e-03
440 4.7130289904299e+04 3.5265638699975e+03 1.7768338560602e+02 6.8759198347614e-04
441 5.1270931749052e+04 1.5706840403863e+03 -1.5672748233527e+02 1.7420518594809e-03
442 4.8491199763047e+04 1.9711987645766e+03 1.5608595513548e+02 2.3724064194703e-03
443 4.7104307520679e+04 1.7242651492867e+03 -1.6773091045354e+02 1.6009794299364e-03
444 4.7344982584182e+04 2.4073417890562e+03 1.7266696742354e+02 5.7806108256253e-03
445 4.8878465375910e+04 2.9580433977406e+03 1.7884956479461e+02 2.2755820244662e-03
446 5.1308990988284e+04 3.5817334075584e+03 -1.6737163888217e+02 1.6737103491281e-03
447 4.8370434256954e+04 2.9997678507348e+03 -1.5993968397210e+02 1.7008533917570e-03
448 4.5608031360688e+04 3.2281095618139e+03 -1.7110281252207e+02 1.5313546253435e-03
449 4.7132072753126e+04 2.3060631143245e+03 1.5850610354108e+02 1.2429804768232e-03
450 4.9702324014469e+04 2.2276399059913e+03 1.6527803715028e+02 3.6697376534721e-03
451 5.4177310879874e+04 1.2894727107702e+03 -4.7290778581641e+01 5.2220805050178e-04
452 5.3012932279702e+04 2.4940034383143e+03 1.4161714821554e+02 1.1310447331583e-03
453 5.2154891803155e+04 3.0902466945621e+03 -1.3409234540151e+01 1.6874764647985e-03
454 4.9039441154873e+04 2.3637441093146e+03 1.7944333841619e+02 3.5966659131579e-03
455 5.0307036760889e+04 2.8140479381677e+03 1.6968217570428e+02 2.6493537772101e-03
456 4.9662292065237e+04 1.8686691988405e+03 1.7348838886329e+02 4.0667339695597e-03
457 5.0522777675092e+04 2.4657027122882e+03 3.5507319312304e+01 3.5379930523385e-03
458 3.9654210479823e+04 1.8817199307902e+03 1.7384118283369e+02 2.7524786815758e-03
459 4.2569863060623e+04 1.2406525986951e+03 1.3062487866948e+02 3.3967315265210e-03
460 4.0945318936213e+04 1.2560222607923e+03 -1.7105281020524e+02 2.4911063472678e-03
461 4.5880432700680e+04 2.6097161546932e+03 1.7949462081531e+02 4.8710810999751e-04
462 4.9274492484802e+04 2.5217581991388e+03 1.6873162789604e+02 3.4409348013091e-03
463 4.9021747462374e+04 3.1758906766672e+03 -1.5748094454783e+00 2.0821670724090e-03
464 4.9380268799177e+04 3.0638653062677e+03 1.1882639610473e+02 2.2115133265948e-03
465 4.9799672543200e+04 2.6496203598025e+03 -1.7365112769120e+02 2.2527626328689e-03
466 4.7485753158425e+04 3.7760433005600e+03 -1.7432133319302e+02 9.4479673234190e-04
467 5.0977266399847e+04 3.0368380860916e+03 1.7797989982388e+02 1.1444995318869e-03
468 5.1110635726594e+04 2.1734479253502e+03 -1.7115608081483e+02 2.4921643562107e-03
469 4.8615847682687e+04 1.3382955157979e+03 -1.7962590274185e+02 1.0673073809507e-03
470 5.2426923454507e+04 1.3886493837729e+03 -1.2019214132739e+02 1.8474123116069e-03
471 5.1738493119460e+04 3.9932429340025e+03 6.3571844196027e+01 1.0063378199311e-03
472 4.9476912128729e+04 3.2357744025911e+03 -1.6183388365857e+02 1.2050117735730e-03
473 4.9920079709061e+04 3.0063185697127e+03 -1.3158012725562e+02 1.4999451327218e-03
474 5.0819305920185e+04 2.4529344569867e+03 -1.4850520091913e+02 2.4594709093664e-03
475 4.9174802819638e+04 4.5977430207452e+03 1.7412690659936e+02 3.6191097372197e-04
476 5.6099974080436e+04 2.6789555030610e+03 1.6896972528192e+02 3.5816913759406e-03
477 5.1547760866328e+04 3.1063567151587e+03 1.7810802934681e+02 7.2700565065808e-04
478 5.3041515995141e+04 3.9694155585439e+03 1.7651539666167e+02 6.3812461261731e-04
479 4.7050210227122e+04 1.5327225685740e+03 1.7136848767797e+02 2.4359333681328e-03
480 4.6524048011160e+04 1.9069849379696e+03 1.7616894268182e+02 3.6013755735121e-03
481 4.8558899851351e+04 1.4725747742357e+03 -1.5845921141048e+02 3.2790849020476e-03
482 4.5169091007375e+04 1.8507291922232e+03 1.7354203253603e+02 4.2168480920003e-03
483 4.8194910015058e+04 3.6174565332796e+03 1.3896834807807e+02 1.3514991650601e-03
484 4.8779549806150e+04 4.2288784396825e+03 1.5433811830954e+02 6.4013316555955e-04
485 4.5266923239881e+04 1.3830971170069e+03 -1.7762303178988e+02 1.6128084147155e-03
486 4.6676420893093e+04 1.2192728420233e+03 -1.7662396641147e+02 2.5537777650255e-03
487 4.8904049027780e+04 -1.1452453630333e+02 -4.9921236210306e+01 6.0138579415574e-04
488 4.5679415533360e+04 2.3842979178498e+03 -1.2195946980218e+02 8.7678614763851e-04
489 4.5168893659306e+04 3.3489986564492e+03 -1.7802026925175e+02 5.5268223563150e-04
490 4.5450119151633e+04 3.3931749208354e+03 1.6078140361346e+02 4.3606269522351e-04
491 4.5744038377149e+04 2.8487557902296e+03 1.7446014169833e+02 5.4145393406995e-04
492 4.3602627994294e+04 3.0666851015666e+03 1.6817681756634e+02 1.0833068655328e-03
493 4.5707034559431e+04 2.2588891885673e+03 1.6107879672197e+02 1.8712651104186e-03
494 4.4390739997664e+04 2.5889859960947e+03 -1.7570914279033e+02 1.9809984724072e-03
495 4.7278362500223e+04 1.9302251262774e+03 -1.6833792787963e+02 3.2891081977549e-03
496 4.6804079964603e+04 1.7892346734689e+03 -1.7096937313529e+02 6.7342455739026e-04
497 4.2591175846047e+04 2.7384138331252e+03 1.6400723045804e+02 5.9784391500507e-04
498 4.1708925834123e+04 3.0554068750240e+03 1.7629043752371e+02 9.3945613517380e-04
499 4.5757442129352e+04 2.3095597718731e+03 6.1877454740823e+01 3.1332615034797e-03
