0 4.5886321639404e+04 2.3030407426289e+03 -3.2049687287550e-01 2.2694471245895e-03
1 4.4737254540684e+04 4.3081336715668e+03 1.3871179374333e+02 4.5304658859453e-04
2 4.5430385936437e+04 2.7908283649704e+03 -1.7857989601223e+02 1.3968087197917e-03
3 4.6673070310131e+04 6.7893412517380e+02 -1.4732004206655e+02 1.8167647011743e-03
4 4.6844921679268e+04 1.0339593224626e+03 1.7514511363465e+02 2.4709084894433e-03
5 4.7347441703811e+04 1.1342290922050e+03 1.4063231106129e+02 2.5514040569037e-03
6 4.5158379117955e+04 2.6967997967151e+03 -3.0779209963667e+01 2.5565752753674e-03
7 4.2234399234117e+04 2.7783084666379e+03 1.3018171942579e+02 1.8172108650405e-03
8 4.4332501283703e+04 2.2575198810241e+03 -4.7418900138027e+01 2.9441701051904e-03
9 4.4141169597330e+04 2.4368319386523e+03 1.6520788204102e+02 2.9069591888757e-03
10 4.9489753518738e+04 2.0355444005983e+03 -1.7189816491838e+02 3.3468893471777e-03
11 4.8928202229794e+04 2.5060057043549e+03 1.6723975369491e+02 3.0879301672815e-03
12 4.9869759582257e+04 2.3435965615603e+03 1.3353188849495e+02 8.8660729746469e-04
13 4.9194901358964e+04 2.5086353112737e+03 -1.0111700182175e+01 1.7335059632934e-03
14 4.5780071688570e+04 1.6120590842258e+03 -4.1306769616625e+01 3.2283305492567e-03
15 4.5630417049480e+04 2.1270969129710e+03 1.7419835789076e+01 2.9069641485526e-03
16 4.1225693044269e+04 2.5088604051217e+03 -1.6823531269148e+02 1.1880197173432e-03
17 3.8154032787031e+04 2.3914147999309e+03 1.6011852816437e+02 2.6505757073117e-03
18 4.0453770841906e+04 1.2830754834491e+03 1.7095473219963e+02 3.2760568072572e-03
19 4.1828083077351e+04 6.9220328561754e+02 -7.1914010621715e+01 1.8480933090648e-03
20 3.8617865798019e+04 1.9207117686010e+03 1.6815766401296e+02 3.3034961867806e-03
21 3.9558885299179e+04 1.8444120276695e+03 1.5977711408607e+02 3.0866180260457e-03
22 3.8661184422626e+04 3.2824065889550e+03 1.2088876245446e+02 1.1907021336342e-03
23 3.9564156263867e+04 2.5309940851488e+03 -2.5476064297470e+01 2.4313953639303e-03
24 3.6330662942671e+04 2.4315542914632e+03 -8.3454156564533e+01 2.3681553693680e-03
25 4.1321877645099e+04 1.2134714155427e+03 -4.3698455463198e+01 2.3759920554538e-03
26 4.0529904659159e+04 2.0169866317333e+03 1.1836463774573e+02 3.3167287678455e-03
27 4.0288970734218e+04 1.7077292566144e+03 1.5109413968564e+02 3.2118159120172e-03
28 4.0719868739470e+04 6.4896137293061e+02 -1.0390574921088e+02 1.8137068735786e-03
29 3.9984744230239e+04 1.5793835298358e+03 3.4522562502063e+01 3.4085060138598e-03
30 3.8271702506922e+04 3.1399698853897e+03 1.0082099958215e+02 4.7354379095577e-04
31 4.0052755720585e+04 2.5306845504231e+03 1.6834533257580e+02 2.2586575246382e-03
32 4.2958562087726e+04 7.1409716977928e+02 -6.5068607014537e+01 2.0249866702063e-03
33 4.2958990437301e+04 1.1626644792746e+03 -2.7521162048178e+01 2.5778687344885e-03
34 4.3000060588048e+04 2.0021940646484e+03 -5.4165823218933e+01 3.3749784134107e-03
35 4.3281821580687e+04 2.9852350171927e+03 2.5935648988430e+01 1.5520044578470e-03
36 3.6973938409442e+04 3.5642417223853e+03 1.6556424525462e+02 5.5360229301383e-04
37 3.9160561703373e+04 1.7595591948115e+03 2.7663883161033e+01 3.2708718870043e-03
38 3.7544276902964e+04 2.5181481976382e+03 1.5254551528944e+02 2.2088883515280e-03
39 3.8183911210353e+04 2.5768109950254e+03 1.1947766405886e+02 2.3886489465602e-03
40 3.6455694879438e+04 3.3083889314479e+03 1.1081860168316e+02 8.3632650066947e-04
41 3.6410098073416e+04 3.2586438514143e+03 1.4683779649683e+02 9.5511177489883e-04
42 4.0106807962226e+04 1.5087544258969e+03 1.6997260181180e+02 1.2620921718683e-03
43 4.1947957048554e+04 1.4648731907283e+03 1.3920104611572e+02 3.2325267867199e-03
44 4.2913145894681e+04 1.4900688935325e+02 -6.1092344156047e+01 1.2702938983738e-03
45 4.1105573985968e+04 3.9044708253078e+03 1.5276494148975e+02 5.8184479917248e-04
46 3.6766833231248e+04 1.3707797076414e+03 1.2166018748021e+02 2.0107165977849e-03
47 3.4060345840083e+04 2.1043122969787e+03 1.7367775282112e+02 1.1560709268694e-03
48 3.3882052197650e+04 2.2597357290034e+03 1.7424118363535e+02 2.1000470941533e-03
49 3.3697287527320e+04 2.1935937598430e+03 -1.7619718262582e+02 2.7425982202635e-03
50 3.7212303657210e+04 8.3810235894769e+02 -7.1990409528424e+01 1.6792413009374e-03
51 4.0388531940896e+04 1.7761445865801e+03 -7.7183702717832e+01 3.3235492797322e-03
52 3.3904837696257e+04 4.3810492451918e+03 1.5867864183431e+02 3.5212536550132e-04
53 3.5419449240827e+04 2.8438507010524e+03 1.5874866557617e+02 1.5876662100901e-03
54 3.7230194528906e+04 6.5613197853444e+02 1.6689586680547e+02 5.8316845920812e-04
55 3.6457155670893e+04 9.0958977173503e+02 1.5240641374681e+02 1.9554493413114e-03
56 3.5550676904222e+04 2.6275552412093e+03 1.6573383465117e+02 2.0896162147548e-03
57 3.6784697136601e+04 1.5726097388284e+03 1.3901119737927e+02 3.4059324208713e-03
58 3.6832128998637e+04 1.1491212112557e+03 -1.4581810432926e+02 3.2082077679735e-03
59 3.6149387522514e+04 1.2049428171798e+03 -9.6298287020792e+01 3.3441454058003e-03
60 3.5695030255059e+04 2.4390370439714e+03 1.3040563993938e+02 2.4521529671843e-03
61 3.4499939180647e+04 1.0215233695490e+03 -1.6614660746910e+02 2.0130772671903e-03
62 3.4108885257604e+04 1.6014090925024e+03 1.6205106282403e+02 2.0708625920144e-03
63 3.2213303691049e+04 3.6906081027148e+03 -1.7689625091082e+02 4.4120602970986e-04
64 3.8886945377325e+04 1.5690862036532e+03 8.8090085354612e+01 2.9570917351353e-03
65 3.5671175771261e+04 1.9179464226601e+03 1.6721356492916e+02 1.4083592334925e-03
66 3.4619624433875e+04 2.8487818658947e+03 -1.6806418824244e+02 6.7997850647854e-04
67 3.6118878289451e+04 1.5864736757322e+03 1.7923547486431e+02 1.3288272968619e-03
68 3.6982694298089e+04 9.1043101675899e+02 -1.1717035730485e+02 8.1084930570818e-04
69 3.5553396030139e+04 2.2899924221717e+03 -1.6371169022256e+02 2.7019309284911e-03
70 3.4402745774361e+04 2.5132606161902e+03 -9.0384705005178e+01 2.1823303813782e-03
71 3.8972184142564e+04 1.3270143335969e+03 8.4056323618038e+00 1.2883949887179e-03
72 3.6550726236955e+04 2.8705395509211e+03 -1.5411716197243e+02 1.5616069554864e-03
73 3.9604797805282e+04 1.8695637649276e+03 1.7480812914754e+02 1.7157857511910e-03
74 4.1069962354124e+04 2.4269511024924e+03 -3.8532669585032e+01 1.5223357281608e-03
75 4.2697356388403e+04 6.7444620992037e+02 -1.3968346127468e+02 2.1148889790792e-03
76 4.1197088952623e+04 2.2549826596103e+03 1.6974859447624e+02 2.0356140878019e-03
77 4.1016514286932e+04 2.3985747726809e+03 1.6367025258719e+02 2.1478828639673e-03
78 4.0616865245271e+04 1.5253534448306e+03 -1.1592403430486e+02 2.5157449038034e-03
79 4.0896539571450e+04 2.3432932235592e+03 -1.7257111425743e+02 2.8645300603347e-03
80 4.0876307539834e+04 2.2983968453699e+03 -1.6693158878557e+02 2.3417559421191e-03
81 4.0429687133808e+04 2.4480133020692e+03 1.3863312846528e+02 2.7584929005062e-03
82 4.0380644073787e+04 2.4913113872173e+03 1.3862815442457e+02 2.6041608009780e-03
83 3.9789712013480e+04 1.6855074070553e+03 -1.7234022466251e+02 3.3064596633668e-03
84 4.0227280032927e+04 2.3001788464912e+03 8.6571775544354e+01 2.8571228608560e-03
85 3.3848999276149e+04 3.5298442396043e+03 1.6000678510694e+02 3.6709354109771e-04
86 3.7465123812440e+04 2.4976349910372e+03 1.6580088020956e+02 1.8219674867013e-03
87 3.7042270836636e+04 2.5784719877423e+03 1.4551817879099e+02 2.0789058285677e-03
88 3.8244663700639e+04 1.6453823547096e+03 -8.8839726589339e+01 2.0974175406251e-03
89 3.6140723465122e+04 2.0720433627857e+03 1.7542824174663e+02 3.0535276711271e-03
90 3.7294730602408e+04 2.3663478661486e+03 -1.5655613862253e+02 1.8437905889503e-03
91 3.6998644184200e+04 2.0379558507027e+03 1.3397196855567e+02 2.5452376189633e-03
92 3.7733948447235e+04 7.5845924012829e+02 -1.2004992333936e+02 3.3855934709984e-04
93 4.0946165171782e+04 6.9079182605644e+02 -1.0595953438159e+02 6.4583066388786e-04
94 4.1241198463707e+04 1.4429696250595e+03 1.0400504129299e+01 9.7422834638130e-04
95 3.8504397998243e+04 1.7172268186224e+03 -7.1164231259617e+01 3.2061929512632e-03
96 3.5913566274550e+04 3.1183113012025e+03 1.7288622854628e+02 5.1020317464794e-04
97 3.6613426814534e+04 2.7889248379738e+03 1.5573494988340e+02 1.7013121048058e-03
98 3.5563667129751e+04 3.4308319915605e+03 1.5117360767331e+02 6.7746975966581e-04
99 3.7895801390729e+04 1.1802347289479e+03 1.5917267837593e+02 3.2779094438401e-03
100 3.8166584840273e+04 3.1127915470577e+03 1.5359373809721e+02 1.3493906009293e-03
101 3.7796669721376e+04 2.5252022389611e+03 -1.0608520851887e+02 2.4413635241783e-03
102 3.7129959092209e+04 2.7529673803397e+03 1.6441674365253e+02 1.9677857481186e-03
103 4.3132044840691e+04 2.9382217936695e+03 1.7329050877040e+02 4.5551109311200e-04
104 4.3370865271533e+04 2.0110575317711e+03 -1.3915923341141e+02 1.3210715647515e-03
105 4.3424750877562e+04 3.7293999575245e+03 1.1986036213448e+01 8.5325564181944e-04
106 4.2429819302497e+04 1.2096995227300e+03 -1.4220280006265e+01 3.1026393275315e-03
107 4.0700574855140e+04 3.1332126930570e+03 1.5804051765381e+02 1.4709115623847e-03
108 4.2984759511273e+04 9.2530006578378e+02 6.8158813965999e+01 2.3824029585070e-03
109 3.3825829731438e+04 2.3212922414585e+03 -1.2627159480888e+02 2.4500148974785e-03
110 3.5560404295147e+04 2.7273393085112e+03 1.6848103205108e+02 1.8752517001812e-03
111 3.3976833243308e+04 2.6295478292766e+03 6.5007066313852e+01 1.3190390120143e-03
112 3.4698461987070e+04 1.1273300122195e+03 1.3193368765202e+02 1.8768906134623e-03
113 3.3845363470780e+04 1.5809366848894e+03 -1.7660915717507e+02 2.2996916063523e-03
114 3.3026287115545e+04 1.5518297592879e+03 -1.7770865200850e+02 2.9756488179405e-03
115 3.3529438110233e+04 9.8086944575582e+02 1.7857986484778e+02 1.4462294888186e-03
116 3.7214843632310e+04 1.2478205073884e+03 -8.3284625589964e+00 3.2532470281506e-03
117 3.6104100877632e+04 1.4301446345697e+03 3.7160799884704e+01 3.0428204241089e-03
118 3.5081299879496e+04 1.7671001571642e+03 1.4492339810987e+02 3.1303977722379e-03
119 3.6045756809286e+04 1.0602344444903e+03 -3.8242189307720e+01 2.6357584466541e-03
120 4.0155342591784e+04 2.0433805292397e+03 2.2728461812476e+00 2.0214469074468e-03
121 4.2643694340189e+04 7.9483333568622e+02 1.0802848316133e+01 1.8897111849565e-03
122 3.9189163699369e+04 2.3473478818949e+03 1.1091115709719e+02 5.7468446542590e-04
123 4.3120347633132e+04 1.7059809323788e+03 -1.7740566384145e+02 3.1197334528121e-03
124 3.9216565339535e+04 1.9406345224473e+03 -1.2007851004429e+02 3.8393599839376e-04
125 4.9941681116608e+04 2.6448178160713e+02 -2.3242283008123e+01 1.0073124768741e-03
126 4.7680178978104e+04 1.7296127321087e+03 1.5570876014300e+02 3.3460318337778e-03
127 4.6448362496470e+04 2.0139701833389e+03 -1.7347659178778e+02 3.0834622515350e-03
128 4.7269566753199e+04 2.7017774214014e+03 1.2151224290710e+02 2.2031916505218e-03
129 4.6774703547925e+04 2.8187010996839e+03 1.2142130854154e+02 2.3492997560307e-03
130 4.6620022174576e+04 1.8968093316837e+03 -1.5827881932411e+02 3.3250857856411e-03
131 4.5738271218776e+04 2.8456179963186e+03 1.5568418187842e+02 1.6610933771559e-03
132 5.0898313186340e+04 9.6478990882710e+02 -1.7750194770615e+00 1.4344413795957e-03
133 4.8114757950422e+04 9.6128625678532e+02 -1.7787827273443e+02 2.2812089701333e-03
134 4.0179227176986e+04 2.5484405871960e+03 1.7699065912656e+02 5.8821231957033e-03
135 3.7137552968445e+04 2.3977424311959e+03 1.7625275755863e+02 7.5742680240614e-04
136 3.8092590540708e+04 2.2566502719705e+03 1.7987682864297e+02 1.8211276761521e-03
137 3.9252077907824e+04 2.2305272583392e+03 2.6492222760040e+01 2.3054840078241e-03
138 4.0349909061740e+04 1.6393356623948e+03 9.5430444921750e+01 2.6877735683840e-03
139 4.2134993604072e+04 1.2862093024667e+03 1.3828431187092e+01 3.0416396132556e-03
140 4.1316976113872e+04 3.2681474286410e+03 -6.9209052266932e+01 1.3685051347951e-03
141 4.0522524177290e+04 2.5641862168140e+03 1.4970349421125e+02 2.5763525732300e-03
142 4.1315587434486e+04 1.3791893666388e+03 -1.5171965113097e+02 1.7133260150223e-03
143 4.1714604283263e+04 1.5420369722992e+03 -1.4635532164918e+02 1.3974068933763e-03
144 4.1443417242615e+04 2.9710648546456e+03 1.7066522404057e+02 1.8769373950436e-03
145 4.3613128002406e+04 6.5153876210312e+02 -3.3379790112617e+01 1.6070515631281e-03
146 4.7027953074583e+04 2.5924199588065e+03 1.5038599123180e+02 2.7467509310026e-03
147 4.8897409721042e+04 2.0584349138285e+03 -1.2005003507695e+01 1.5772087203199e-03
148 4.4253242497115e+04 2.8405609133931e+03 1.5915496042304e+02 2.1692816397727e-03
149 4.1466434516868e+04 3.1285512799861e+03 2.7549535186218e+01 1.6171717592737e-03
150 4.0067629717444e+04 1.5687893257833e+03 1.6270700317945e+02 9.2239282122606e-04
151 4.0628691059906e+04 2.2266899378586e+03 1.6469835221042e+02 1.5798927314279e-03
152 4.2972822507987e+04 1.5484649097576e+03 1.6850674613586e+02 3.3284587952472e-03
153 4.4407561642911e+04 9.0334608019475e+02 -3.0611001203291e+01 2.4166636735343e-03
154 4.1505337382225e+04 3.1117885439562e+03 1.7408281843295e+02 1.5517437160819e-03
155 4.0452646675587e+04 2.7190485251553e+03 1.6372882800807e+02 9.9570203248198e-04
156 4.5554570521467e+04 1.9720673819297e+03 -1.5694093024082e+02 2.6085822978739e-03
157 4.4746454426387e+04 2.1902981725199e+03 1.6798674530631e+02 2.4235196325986e-03
158 4.8649480763986e+04 1.4216816614416e+03 -1.6231444492173e+02 2.7245732681512e-03
159 4.8002593285348e+04 1.5324552336879e+03 -1.7810128111745e+02 2.3213609962222e-03
160 4.9587227535028e+04 5.2095820294019e+02 -6.6495609636184e+01 1.0555269328807e-03
161 4.7387424104578e+04 2.1004491294020e+03 -1.7394911830649e+02 3.4062861860068e-03
162 4.7689524686854e+04 1.9635104333942e+03 -1.3143225162071e+02 3.1274663321594e-03
163 4.4799450827100e+04 2.1029504884133e+03 -1.6493500264989e+02 1.8583549562395e-03
164 4.5510202212301e+04 2.7423639896823e+03 1.1579165434377e+02 2.6116964793399e-03
165 4.4129810084111e+04 1.0852175282837e+03 -1.6865302515528e+02 4.4774573065048e-04
166 4.4265492629902e+04 2.7602361824428e+03 -1.7641508050156e+02 1.1036341569100e-03
167 4.4537934828716e+04 2.4321024198833e+03 -1.7601144495512e+02 2.6514008543528e-03
168 4.7059040112733e+04 2.7813570827654e+02 -1.3891224553229e+02 1.0174345347953e-03
169 4.5529413617843e+04 1.7531254120215e+03 -7.8526380548501e+01 2.9799024904637e-03
170 4.5138940419150e+04 2.0421813860482e+03 -1.6534691246541e+02 3.0901865646385e-03
171 4.6502619162906e+04 1.6628743361218e+03 -1.7201237528545e+02 1.7294093277919e-03
172 4.6610609263248e+04 2.2798637355543e+03 1.3830112783092e+02 2.9292905581591e-03
173 4.5838746111253e+04 2.9976984282756e+03 1.3248557067416e+02 1.2659751892692e-03
174 4.4959734462954e+04 2.9459592221383e+03 1.2530950611464e+02 2.1133120376396e-03
175 4.5334355999722e+04 2.2207296769134e+03 -8.0428661306550e+01 3.2088387192879e-03
176 4.4891544152445e+04 3.7920715080686e+03 1.5794484885745e+02 7.2168038462472e-04
177 4.8753767955857e+04 3.2525651229235e+03 6.4756936432257e-01 1.9516994268888e-03
178 4.7777828343376e+04 3.2583341997681e+03 1.7922026796978e+02 1.4273655970142e-03
179 4.3799019988068e+04 2.2532579878448e+03 1.0649899716656e+02 3.2110856598681e-03
180 4.3645736407034e+04 2.6736404120029e+03 1.0865923812587e+02 1.8640545939164e-03
181 4.3999700665935e+04 2.3975994982415e+03 -1.5113110846599e+02 3.0449884612844e-03
182 4.4381475345645e+04 2.7892897689793e+03 7.8644340815385e+01 2.1095578035536e-03
183 4.7542083806061e+04 9.9021753350751e+02 -1.2811592848502e+02 9.6652392106952e-04
184 4.3626868984770e+04 2.9128826866774e+03 -1.4568134977207e+02 2.0957570381090e-03
185 4.1377929145802e+04 2.9871190713937e+03 1.7352686446154e+02 1.2908560278619e-03
186 4.4545626891675e+04 2.6670301243099e+03 1.1490893208934e+02 9.3840114132951e-04
187 4.3295680217426e+04 3.7919580537871e+03 1.2766926473020e+02 8.0581687022461e-04
188 4.4632832438783e+04 2.2445028014950e+03 -7.2407451331743e+01 2.9794032206904e-03
189 4.0589031325155e+04 3.4244294219700e+03 -1.6080417548790e+02 9.7589439782301e-04
190 4.1345694652372e+04 2.2524994614710e+03 1.7556603185854e+02 2.7478324424717e-03
191 4.1881291310753e+04 1.6335648934939e+03 -1.4358797242749e+02 3.0500063445067e-03
192 4.2036433114365e+04 2.2752068833008e+03 -1.6533231197356e+02 2.7631332627943e-03
193 3.9460444626678e+04 3.6097138307408e+03 1.1363354838028e+01 8.0112806117955e-04
194 4.1783609506068e+04 1.3447485478458e+03 1.6140753627716e+02 1.3173779332882e-03
195 4.4939210397537e+04 1.3065940059102e+03 -1.6952725124986e+02 3.0807810276829e-03
196 4.3015430791960e+04 3.5494518452347e+03 1.0758213843236e+02 4.1613701011489e-04
197 4.2940462890511e+04 2.2378946823338e+03 1.7114467373042e+02 2.4628034678532e-03
198 4.1968721952954e+04 1.5821815953708e+03 1.7936456822865e+02 3.2078801682926e-03
199 4.0496289335456e+04 2.9766601892616e+03 1.3718880805122e+02 1.7169936879358e-03
200 4.0546388405006e+04 1.7573970392672e+03 -1.3784087874575e+02 8.7069979195699e-04
201 3.9608759911406e+04 2.6074887569456e+03 -6.1868621297409e+01 2.3373566259590e-03
202 3.9513072955294e+04 2.3330278851210e+03 -4.0937299256515e+01 2.6648719548973e-03
203 3.8129725612774e+04 3.2479473252841e+03 1.5396544478709e+02 1.1672955990148e-03
204 4.0497435704165e+04 2.4646959204015e+03 -1.3338532695725e+02 2.6474775810788e-03
205 4.2282461094424e+04 2.4187336678200e+03 -4.4610210974934e+01 2.9403136313345e-03
206 4.0737060937242e+04 3.6161604146220e+03 1.7907311382056e+02 8.1787659864608e-04
207 4.0843904852572e+04 2.8628906247933e+03 1.6475930212677e+02 1.6650137067264e-03
208 4.1015864687707e+04 4.8990814703759e+02 -1.1273749673724e+02 1.9722233993535e-03
209 3.9971301263585e+04 8.5259210741933e+02 1.6784481939949e+02 2.0069205203447e-03
210 4.0639756154955e+04 7.6666162771076e+01 -1.2849143950224e+02 8.8893424600487e-04
211 3.6326894316270e+04 3.6282208081349e+03 1.4187765630974e+02 6.3801474710229e-04
212 3.7331623867030e+04 3.0184230013941e+03 1.4058063955526e+02 1.5111551206507e-03
213 3.7399848407434e+04 3.1473450243942e+03 1.3125339000851e+02 1.1387456521583e-03
214 3.7527239824226e+04 2.8940832299823e+03 1.3794149920706e+02 1.6072818615863e-03
215 3.8162010005168e+04 2.5031556837850e+03 -1.0814847702968e+02 2.4987327782982e-03
216 3.6480682959126e+04 1.0338204983239e+03 1.7193328229934e+02 1.0182684749512e-03
217 3.9619344308514e+04 1.5108901010397e+03 -4.6331458370470e+00 3.0600842422382e-03
218 3.6125734639525e+04 2.9974830399899e+03 1.7342114411133e+02 6.2892535384205e-04
219 3.8458155767881e+04 2.1850302722319e+03 1.7999102984279e+02 2.1688121793296e-03
220 4.0565288502238e+04 1.5365553047595e+03 -1.4723824964984e+00 2.2131859477024e-03
221 3.3715589615360e+04 2.0176777583356e+03 -1.6932401646614e+02 1.0519082736916e-03
222 3.5146777289893e+04 1.6411807435080e+03 -3.6064177212154e+01 2.1347067827292e-03
223 3.5510104505288e+04 1.6050992099466e+03 -1.3800762166229e+02 9.8380955673173e-04
224 3.8446999111354e+04 2.2554189780741e+03 -4.4482506520630e+01 2.6745914535157e-03
225 3.5628470992610e+04 2.6359812742312e+03 -1.3822587793381e+02 1.8834989317578e-03
226 3.9068551250206e+04 1.1857460713908e+03 -2.9073256479558e+01 3.2277930844256e-03
227 3.8299871525257e+04 1.8105981892871e+03 1.5909792758878e+01 3.3827275382885e-03
228 3.7249412754155e+04 9.9381371910199e+02 -1.5993473895693e+02 2.0217000606032e-03
229 3.6544719446664e+04 2.1184945339335e+03 1.4609360493742e+02 1.0017194929576e-03
230 3.5836576649306e+04 1.8614692121929e+03 1.6705976255019e+02 8.3512195442225e-04
231 3.7921062819446e+04 2.1299861099641e+03 4.2405964911916e+01 2.8877092648949e-03
232 3.6154737205239e+04 7.3615427277991e+02 6.7538807441713e+01 1.7388309530325e-03
233 3.8745424245474e+04 4.8279450259135e+02 1.4667325809275e+02 3.6003437761146e-04
234 3.4042459122251e+04 2.2433530010744e+03 -3.0878276651125e+01 2.3340784147092e-03
235 3.1293591014757e+04 2.8738807566622e+03 1.7718065373589e+02 5.2989786144531e-04
236 3.2565399204262e+04 2.0297262592604e+03 1.7981289943770e+02 1.8178768144682e-03
237 3.1863132063545e+04 2.3579576572752e+03 1.6127971611645e+02 2.1627533940274e-03
238 3.3551884104310e+04 2.0022143566447e+03 9.9360067203380e+00 1.9950661302703e-03
239 3.2693730764958e+04 2.4833041291740e+03 1.2467903450237e+02 1.8738093568786e-03
240 3.3785138578919e+04 1.5746343139119e+03 -6.3956801062642e+01 3.3434169181384e-03
241 3.6372717779913e+04 4.2016227711532e+02 1.1616996892325e+02 1.0815986033026e-03
242 3.4002654670643e+04 2.0346339166765e+03 -2.6348486877842e+01 2.8770373542350e-03
243 3.3402527497796e+04 2.2057865245124e+03 1.7614770153434e+02 2.4364847244042e-03
244 4.0301519624868e+04 2.2745005888348e+03 -1.7815950012659e+02 2.1824810237802e-03
245 3.9936763182891e+04 2.9741365829130e+03 1.5789031764434e+02 1.7090017149353e-03
246 4.1176664697476e+04 1.9738521423308e+03 -6.7969399817876e+00 1.6393542100691e-03
247 3.9345258029845e+04 1.9027025814198e+03 -1.6969705370128e+02 3.3556318334404e-03
248 4.0250730646475e+04 1.1733146822810e+03 -1.6375837185641e+02 8.0227090214066e-04
249 4.5256538378034e+04 1.1892736536436e+03 1.6434493817388e+02 2.5427289404532e-03
250 4.5228707598063e+04 1.3057744143849e+03 1.5428766539287e+02 3.0054436184371e-03
251 4.1131509182174e+04 3.1235121692997e+03 1.2541578436859e+02 1.6105839524971e-03
252 4.5823731726575e+04 1.7499562708418e+03 -2.5054343267283e+01 3.3133195669646e-03
253 4.5179976246366e+04 2.5137522285504e+03 -1.7150805388622e+02 1.3364065178176e-03
254 4.3184986957896e+04 3.8904757264634e+03 1.5781795436877e+02 6.8760417272751e-04
255 4.2664670582691e+04 3.2421842933360e+03 1.6953299857937e+02 9.2615292732083e-04
256 4.3400866451171e+04 2.4030649086662e+03 -1.4532104750485e+02 1.8085758947962e-03
257 3.9699914542949e+04 1.3147584203993e+03 -1.7757654312868e+02 3.2475025797296e-03
258 4.1355838603171e+04 6.4528678586390e+02 -8.9567136436597e+01 2.2424485818036e-03
259 3.9788520803321e+04 1.6198785325648e+03 1.5804554007296e+02 2.9712093207841e-03
260 3.7910093720326e+04 2.0160532818603e+03 1.4910479701271e+02 3.0151261714420e-03
261 4.4834311127835e+04 1.1343784028292e+03 2.7108739145214e+01 2.4344144789498e-03
262 4.1496477208627e+04 2.4344183311995e+03 -3.4608444154792e+01 2.1577545926094e-03
263 4.1527135882219e+04 2.9102000040496e+03 3.2991913414592e+01 1.5968214599251e-03
264 4.2382582836288e+04 9.0136121639899e+02 1.6694679147651e+02 2.6379901018522e-03
265 3.8162537198396e+04 2.9568066373941e+03 1.3555645971919e+02 1.5063825311203e-03
266 4.2265215017217e+04 1.6338088747056e+03 1.7012520024644e+02 2.9348615081783e-03
267 4.2816962646285e+04 4.4930445368268e+02 1.7661452796117e+02 1.3446461526668e-03
268 4.1553035082331e+04 2.2435851300170e+03 1.5697400689411e+02 1.3863185651619e-03
269 3.8416735654304e+04 2.2819803191329e+03 -1.6686512225248e+02 3.3942566845453e-04
270 4.4080083631980e+04 3.1543993155711e+03 1.5516949923118e+02 1.7524903976188e-03
271 4.2994823464696e+04 2.4442948833057e+03 1.6831404878933e+02 2.9580695184177e-03
272 4.2162442975936e+04 2.3812587491246e+03 1.7753853003633e+02 4.4889357947315e-03
273 4.5851206219487e+04 2.8781849028231e+03 1.3610920286082e+02 2.0722374509265e-03
274 4.5231116227699e+04 1.3188489962250e+03 -1.6932899513379e+02 2.9666410482073e-03
275 4.6204761317899e+04 1.4589707375092e+03 -2.0519329656232e+00 3.1835037208795e-03
276 4.4857967643099e+04 1.4469050036940e+03 -1.7162178112848e+02 1.5003773835022e-03
277 3.9763974769902e+04 3.3162823954463e+03 1.5845255254155e+02 3.2225525017057e-04
278 3.9486533746814e+04 1.9703013259011e+03 -6.5659681031936e+00 2.5087931426989e-03
279 4.4078628473467e+04 2.9158523243315e+03 -4.7602363581630e+01 2.2056499095013e-03
280 4.7145023840473e+04 1.4793496760045e+03 1.7971609950880e+02 8.7558174997593e-04
281 4.3738104401484e+04 2.8299074408761e+03 1.6022021204942e+02 2.1836335462698e-03
282 4.2493938879503e+04 2.0904833971664e+03 -4.5865219820358e+01 3.1419772195000e-03
283 4.1296527091721e+04 3.0056307103199e+03 1.4912380618847e+02 1.3821617793063e-03
284 4.0859077185603e+04 2.4509036370116e+03 -1.7385875053028e+02 1.9136573313291e-03
285 4.3293110819116e+04 1.8740831015887e+03 -2.1743778758935e+01 1.4326598750663e-03
286 4.2385305227512e+04 2.2726505867214e+03 8.1703879799526e+01 3.1536467682252e-03
287 4.1649307786867e+04 2.8958201379063e+03 1.2219069921409e+02 1.9864556434502e-03
288 4.2197054979685e+04 1.9915262512275e+03 -1.7370576734123e+02 3.0913753158776e-03
289 4.1503474716231e+04 2.7458464476512e+03 1.5030443464507e+02 2.2863116368724e-03
290 4.3368933379256e+04 1.8694676152226e+03 1.5802130188202e+02 3.3798344145428e-03
291 4.2248633865555e+04 2.0818544245505e+03 1.6476496643028e+02 3.0604765629026e-03
292 3.9952814610812e+04 2.7664122766183e+03 4.6108795524899e+01 2.1565387407612e-03
293 4.3380317616083e+04 3.2345652200719e+03 1.8616244117643e+01 3.9906164876061e-04
294 3.8688957870813e+04 3.0530820227576e+03 1.5506100339835e+02 1.3441837677555e-03
295 4.1668755768327e+04 2.6985450450334e+03 3.3558271986620e+01 1.8021006979793e-03
296 4.1816606201961e+04 1.8796177814636e+03 1.2929699028095e+02 2.6504524517352e-03
297 4.1612101909018e+04 9.2878680870183e+02 -1.1798409134736e+02 2.3083895040558e-03
298 4.0799819186976e+04 2.9519307126112e+03 1.3819130821758e+02 1.3680943691175e-03
299 4.1304637331417e+04 1.9625291552076e+03 -8.3753103629414e+01 3.3102235250397e-03
300 4.1382933307849e+04 1.5094315334159e+03 1.4915947495098e+02 2.5695729753237e-03
301 4.4304899416034e+04 3.7394989828736e+03 1.5560273405395e+02 9.0653614522498e-04
302 4.6372488545973e+04 1.6517129745548e+03 -3.1956111052307e+01 2.6052648752400e-03
303 4.2935025912748e+04 2.5052257706679e+03 1.7439031201883e+02 2.4924614152034e-03
304 4.5872437125440e+04 1.4880165354284e+03 1.3175212318819e+02 3.1998302596375e-03
305 4.5157738044072e+04 1.2597997035538e+03 1.2801585596392e+02 2.7709474238726e-03
306 4.1330520250158e+04 2.0426749770789e+03 -1.2870803205348e+02 4.3994078783049e-04
307 4.3741778506316e+04 3.1367282391799e+03 1.4163232512709e+02 1.3234029844802e-03
308 3.9634731464797e+04 3.0458647278883e+03 1.6640456606154e+02 6.6659091117977e-04
309 4.6551416756476e+04 1.5511177634232e+03 8.4042732262244e+00 3.1882110402687e-03
310 4.4080955065631e+04 1.8044378842067e+03 1.6649224252288e+02 2.5820854595322e-03
311 4.2589896036529e+04 2.5498817074953e+03 1.7929443249912e+02 2.1978707347135e-03
312 4.5558786479903e+04 1.6055628969549e+03 -4.0285973246758e+01 2.0709082282783e-03
313 4.5051088806818e+04 2.0953480284074e+03 1.1789921113513e+02 2.8917933964027e-03
314 4.2245089871079e+04 2.0914100656803e+03 -1.5568740017450e+02 3.1958538274801e-03
315 4.2997809239283e+04 2.0261117909601e+03 -1.2800112851788e+01 1.4645171552318e-03
316 4.4508578452892e+04 2.2823031635483e+03 1.5267678824959e+02 3.2363554608386e-03
317 4.5665128304465e+04 2.3974615168896e+03 2.6904503702374e+01 2.1588224285498e-03
318 4.4782598446939e+04 3.5063523136806e+03 1.4003559750637e+02 8.3218173013836e-04
319 4.0737568562157e+04 3.6665706641592e+03 1.5821019031162e+02 8.4395128532044e-04
320 4.5995419118142e+04 2.6527079280748e+03 1.6634179886499e+02 1.6587860285968e-03
321 4.3707964582657e+04 3.6442853604175e+03 1.6497052781214e+02 1.0032090447815e-03
322 4.3115925696025e+04 2.7470411843846e+03 1.6451754801163e+02 8.7710998515353e-04
323 4.5717113757631e+04 2.9472486655275e+03 1.3118121051709e+02 2.2759055592253e-03
324 4.5549317515085e+04 1.7225147836667e+03 -1.5928735475362e+02 1.2520401282988e-03
325 4.6802004440555e+04 2.9335433854832e+03 -1.8022038461085e+01 2.3079140777501e-03
326 4.7686912897290e+04 2.2181661121751e+03 -1.2560381317424e+02 3.0392512502351e-03
327 4.6460245135112e+04 1.8796960586605e+03 1.6626236187112e+02 3.2637375176375e-03
328 4.8760924447397e+04 1.1712867208092e+03 -1.8499402151979e+01 2.1656022410941e-03
329 4.2705019298086e+04 4.9171430735865e+03 1.4041370912764e+02 3.1213136046282e-04
330 4.1611985705717e+04 3.5085895523984e+03 -9.9252805099601e+01 9.9748992925537e-04
331 4.5925026169523e+04 1.1506735102604e+03 2.5990969009054e+01 2.8089625369630e-03
332 4.5976010828039e+04 3.1886982831236e+03 -7.0481378526275e+01 1.8441120226167e-03
333 4.0859242599727e+04 1.7792679649668e+03 -1.5632935686432e+01 2.1268918348722e-03
334 3.7365015727137e+04 3.9941839483603e+03 1.1925120316860e+02 4.8145369544968e-04
335 4.0731248481808e+04 2.4837615926665e+03 6.1491433565163e+01 2.0830019976965e-03
336 4.0122166749123e+04 2.3433519620925e+03 1.0808666913850e+02 1.2832267860315e-03
337 4.1358944148754e+04 1.7257090532329e+03 -9.7296206196622e+01 3.0258937366583e-03
338 4.0738015029295e+04 1.6412354170338e+03 1.6816379312758e+02 2.6924965401406e-03
339 4.1717225331669e+04 1.7446331329221e+03 1.1288314178841e+02 3.2678555404858e-03
340 4.1934981714912e+04 9.5617103784729e+02 1.6388963761788e+02 2.7641257228684e-03
341 4.4411503155737e+04 2.0323413621700e+03 1.9558482645459e+01 3.0258075178638e-03
342 4.4014064559832e+04 2.0741957361423e+03 1.6759795754555e+02 3.3563300679008e-03
343 4.2016577350282e+04 3.0546704969217e+03 1.4089929181136e+01 1.1717414971122e-03
344 4.3083393795036e+04 2.3295076446289e+03 -1.6098837141519e+02 1.5202790716166e-03
345 4.2785669456781e+04 1.4619487121569e+03 -3.2525212602120e+01 3.3295305447724e-03
346 4.2313485258330e+04 1.2433040495798e+03 -1.0471755391320e+02 2.7593722690130e-03
347 4.0934466384275e+04 2.2565347988362e+03 1.4838940674109e+02 2.8809507039258e-03
348 4.1261978447010e+04 2.0512974876520e+03 1.5011264802078e+02 3.2202951107676e-03
349 4.1082161147889e+04 2.9288386434471e+03 -1.6456005518533e+02 1.9497255540183e-03
350 4.0203331715679e+04 2.2777306971561e+03 -1.3583468806749e+02 3.0252831089381e-03
351 3.9684988338180e+04 2.5296602516313e+03 1.7414559421413e+02 2.2978267265096e-03
352 4.1043309048276e+04 2.1636906008738e+03 -5.5362539575195e+00 2.9087013152412e-03
353 4.2246605732508e+04 1.9645269479214e+03 -1.9904552922703e+01 2.5482887086645e-03
354 4.5452663319244e+04 3.6310691143516e+03 -1.1535151096293e+02 1.1121136795221e-03
355 4.2962992245470e+04 2.4178736843902e+03 -8.5836877654201e+01 1.6151247278098e-03
356 4.3576654916159e+04 1.6849523883942e+03 -5.5274040375227e+01 1.4277961795528e-03
357 4.5705791559728e+04 1.2234164042153e+03 -9.3968385440410e+01 6.6844365114835e-04
358 4.2828049127951e+04 2.0344005182259e+03 1.0412121750116e+01 1.9433449798502e-03
359 4.0045940795606e+04 2.1837721152955e+03 1.6644097908682e+02 3.0728933937000e-03
360 4.1233690323856e+04 1.9587684325274e+03 1.5175858720225e+02 2.6248296892368e-03
361 3.9402859119805e+04 2.2682782616685e+03 -1.1850735219834e+02 2.8144209064602e-03
362 3.9812216790291e+04 2.3755425429188e+03 1.7342983543616e+02 2.7831169791223e-03
363 4.0830397703792e+04 2.2391520224532e+03 -9.1710755869120e+00 1.9746761278756e-03
364 3.8942323580028e+04 1.2879610811393e+03 -1.6532221053731e+02 2.9373056452277e-03
365 3.7907445744035e+04 1.3560661986743e+03 -1.7780359931729e+02 2.5076789608339e-03
366 3.9359642370045e+04 1.3557119468037e+03 -1.0943604931699e+02 1.2064903009885e-03
367 3.9118676510012e+04 3.2127447817159e+03 1.6230527729514e+02 1.2429117321367e-03
368 4.0354639000432e+04 1.3878248243048e+03 -4.3917290015024e+01 2.7097666077495e-03
369 4.4891668128890e+04 3.4861265769973e+03 2.7771766654867e+01 6.8609206283216e-04
370 4.4536811300256e+04 1.6905957363536e+03 -1.5420738129360e+02 8.8683002346859e-04
371 4.3959719336314e+04 2.8290301718301e+03 1.5033662846846e+02 2.3107759812598e-03
372 4.3779946244981e+04 2.1307608518955e+03 1.6963754312252e+02 4.5480406306017e-04
373 4.6085580402960e+04 1.2695917122913e+03 -6.0555287833516e+01 1.6949941165059e-03
374 4.2642233523487e+04 2.8363257055537e+03 -1.5449315699252e+02 1.6095837762231e-03
375 4.1879245746643e+04 1.6305879720253e+03 1.5985836116343e+02 1.8024054595813e-03
376 4.0369881253468e+04 3.7395394087724e+03 1.5863857412337e+02 6.5854582297214e-04
377 3.9764896522160e+04 2.3400846485896e+03 -2.9372496150433e+01 1.9190477820542e-03
378 4.2486963948220e+04 6.4718071420646e+02 -2.1447037196332e+01 2.0236019516540e-03
379 4.1538489817534e+04 1.1044554410095e+03 1.5030854954171e+02 2.6494843994503e-03
380 3.7380934488725e+04 3.2557070804030e+03 1.6139453109550e+02 6.7997748238233e-04
381 4.2689910892963e+04 1.1610453361627e+03 -3.3126011702401e+01 3.0068093357342e-03
382 3.8307991623180e+04 1.5314362272752e+03 -1.6628547003636e+02 6.5990423591134e-04
383 3.8596823393096e+04 1.7829792226053e+03 1.7198640856157e+02 1.8791686047609e-03
384 3.8537892504346e+04 1.8447811312502e+03 1.4968915319681e+02 2.8789868766782e-03
385 3.6824493235230e+04 1.5772421818841e+03 1.6874377839687e+02 8.3003289979168e-04
386 4.1121812339732e+04 1.5838125731780e+03 -1.7979197046099e+01 3.3975158084737e-03
387 3.8531705087470e+04 1.8057066244457e+03 -1.7850651518825e+02 1.3292951151151e-03
388 3.7013665089940e+04 1.2610130842475e+03 1.5405923323260e+02 3.1562095856368e-03
389 3.5630454368914e+04 1.5748033758303e+03 1.6489473747716e+02 2.3168927737791e-03
390 3.8986684928635e+04 2.9825597843532e+03 1.6966969717808e+02 1.3409282805029e-03
391 3.8221892621555e+04 3.2656776276261e+03 1.6720342013205e+02 1.1650175840560e-03
392 3.9651497917247e+04 7.1790404133159e+02 -1.4538342079084e+02 1.2684964405961e-03
393 3.7074258686606e+04 2.6858664400867e+03 1.6888578425302e+02 1.0296887666163e-03
394 4.0107677979184e+04 3.2983963162827e+03 -1.2504572451070e+01 1.2394657598884e-03
395 4.5342258643373e+04 2.9132234742197e+03 1.1236281973103e+01 2.2502384827906e-03
396 4.2447116739682e+04 2.8273693318208e+03 1.2246701637141e+02 1.1130407802946e-03
397 4.4276630298565e+04 2.9874734828938e+03 6.8661536951932e+01 1.6289251680183e-03
398 4.4308082415340e+04 2.1520895219504e+03 -5.0145577699638e+01 2.8846706752824e-03
399 4.3819773563313e+04 2.7917901154815e+03 -1.1779045848864e+01 2.1363843688852e-03
400 4.5786298607496e+04 1.3311954501460e+03 -1.3118509017101e+01 1.0804787159613e-03
401 4.3368596989569e+04 1.7437281343702e+03 1.7396390240761e+02 3.2735356108271e-03
402 4.3109668297497e+04 1.5054469848326e+03 -1.5905344541181e+02 3.3519432793039e-03
403 4.2303294658193e+04 3.5491426489622e+03 4.9106846408817e+01 9.6342635831673e-04
404 4.6006123884659e+04 1.5662859738570e+03 1.0941396413899e+02 3.0753222948506e-03
405 4.5964582784810e+04 1.2496655016759e+03 1.7740347577522e+02 2.7847779211542e-03
406 4.3415954978108e+04 1.8684722274078e+03 5.1847497374361e+01 2.1035441358264e-03
407 4.1364323421644e+04 2.0229041038199e+03 -1.3429884625737e+02 4.8394469039117e-04
408 3.8270021501840e+04 3.1194341233569e+03 6.0063840137623e+00 1.0772940114242e-03
409 3.8454054351405e+04 2.2649486783178e+03 1.1894818277708e+02 2.5848587703537e-03
410 3.7481600689994e+04 1.4584832616763e+03 -1.6562767417119e+02 1.1200168947043e-03
411 3.4764989677307e+04 1.0662312223366e+03 -1.7925273020142e+01 1.6360272810569e-03
412 3.3885373493055e+04 2.8878583202783e+03 1.4245942011007e+02 1.4932716699009e-03
413 3.4215648825764e+04 1.5887401443585e+03 1.6548184394613e+02 1.3492221068732e-03
414 3.2971720314722e+04 2.3464135193934e+03 -1.7399370317895e+02 8.8948392412643e-04
415 3.0920631678202e+04 3.5923886909677e+03 1.5520614558384e+02 5.1320930101749e-04
416 3.1987454319227e+04 2.4218078432460e+03 1.6989817226541e+02 9.7122695677725e-04
417 3.3125710650943e+04 1.7674850754305e+03 -1.5963803744237e+02 1.4125675386258e-03
418 3.4318145411307e+04 3.3569794399627e+03 1.6919831796867e+02 8.4996772938311e-04
419 3.7689252276135e+04 2.4409321075822e+03 1.6499651630908e+02 9.5138917721013e-04
420 4.0166806690349e+04 1.7037549361764e+03 -2.5052124969317e+01 3.2453934101819e-03
421 3.8825813073305e+04 1.4671966757391e+03 1.6580180390599e+02 1.5954823441358e-03
422 3.9203526035346e+04 2.2169229233700e+03 1.1486100828680e+01 1.9727046129420e-03
423 3.8986800724948e+04 2.6634542795725e+03 9.1276193439027e+01 2.1805369367162e-03
424 3.5533617875532e+04 2.3893145808452e+03 1.7917096363262e+02 2.3997602543572e-03
425 3.6074412616801e+04 2.5387111108742e+03 8.5661899238861e+01 2.2894611529765e-03
426 3.3945561342451e+04 3.9165377968093e+03 8.4038648186791e+01 3.2603717884680e-04
427 3.4759932429007e+04 2.4840601815510e+03 -1.7369209957930e+02 1.2559626576108e-03
428 3.6127389807681e+04 2.2840556995201e+03 9.5539079068259e+01 2.4045526849185e-03
429 3.5931163054044e+04 2.4812969804462e+03 1.7845197256183e+02 2.3725913962528e-03
430 4.3176428577727e+04 2.1231025558953e+03 1.5159495939173e+02 3.0352128184267e-03
431 4.3073395133652e+04 1.8791291904758e+03 -1.7559790992378e+02 3.2787688413888e-03
432 4.6607039267074e+04 2.1307091807922e+03 -5.6999554812728e+01 8.5662534793557e-04
433 4.3564132511351e+04 3.6026015295504e+03 1.0850840699646e+02 3.9959265389037e-04
434 3.8109911370508e+04 2.4577720059270e+03 1.7118475858285e+02 1.6708811254617e-03
435 4.2526531346330e+04 1.6252393398346e+03 1.6536117540647e+02 4.7613184564542e-04
436 3.8479667853295e+04 3.7004093739103e+03 1.4216185657393e+02 6.8588989678624e-04
437 3.9638542097286e+04 2.4823686652538e+03 1.7375766757350e+02 2.6199105823102e-03
438 4.1874001425165e+04 2.3281959201708e+03 -3.5286287612586e-01 2.4172603364325e-03
439 3.9714952713667e+04 2.4944884142915e+03 1.6665098934226e+02 2.5034920275300e-03
440 4.0107833933618e+04 1.9247449702468e+03 -1.5993747318082e+02 3.3687485950401e-03
441 3.9055037218290e+04 3.3694416986179e+03 1.6554146935722e+02 1.0122712406672e-03
442 4.2702938271467e+04 2.9453148724335e+03 1.3876239710290e+02 9.3833094128649e-04
443 3.8714545035844e+04 2.4035804249450e+03 -1.5296193423302e+02 2.4799054634993e-03
444 4.0018471720734e+04 7.9645784132065e+02 -1.6387591300711e+02 1.2458397051448e-03
445 4.1872650698394e+04 8.8131376054984e+02 -6.7279166085993e+00 2.3182858876498e-03
446 3.8467974571682e+04 1.3897747534065e+03 1.0913585664908e+02 2.7054026550450e-03
447 3.9527377265572e+04 4.0597973754042e+03 1.5802384326654e+02 3.2848520948310e-04
448 3.4895114987683e+04 1.3426908929999e+03 1.5814709495475e+02 9.5660941491336e-04
449 3.6177329642677e+04 1.5732745440393e+03 1.7095616014735e+02 3.0559077028903e-03
450 3.8556225398750e+04 1.9582938580697e+02 -1.5517329487233e+02 1.6121472858273e-03
451 3.9789784488483e+04 7.4327633636663e+02 -1.3705946262396e+01 2.1824285104222e-03
452 3.6816244497033e+04 1.2462236004131e+03 -9.9572806452255e+01 9.9843400773512e-04
453 3.8163625004197e+04 7.4327783339387e+02 1.6820423852205e+02 1.2812328391870e-03
454 3.8553611084335e+04 3.5379539857451e+03 1.2030567152211e+02 6.0328343736736e-04
455 3.6467684814515e+04 2.6885590185747e+03 1.7164193537714e+02 6.9945816965251e-04
456 3.7662884427172e+04 2.3746891346232e+03 -1.3170617848039e+02 2.4563502904512e-03
457 3.3047553955529e+04 1.5181711212478e+03 -5.5998584287185e+00 3.3640834283789e-03
458 3.1796380319105e+04 2.0832464572684e+03 1.2357858168263e+02 2.7327255386009e-03
459 3.9202264218322e+04 1.4248566608967e+03 1.4322570613526e+02 3.0826334175017e-03
460 3.8934534805356e+04 7.3548965026348e+02 -1.5622779229109e+02 2.5025960571191e-03
461 3.6878128098727e+04 1.6124559712514e+03 -1.7907561724495e+02 1.4014013674133e-03
462 3.7671934305548e+04 1.3669424560907e+03 -1.0207511873651e+02 3.2889627201053e-03
463 3.5261608534566e+04 2.2449342058153e+03 -2.9678420933894e+01 2.6157724391937e-03
464 3.2668769534512e+04 2.3236017410754e+03 -7.6427181013146e+01 7.9802634896965e-04
465 3.6115080601933e+04 2.3088984074029e+03 1.7044069118499e+02 7.9114995261948e-04
466 3.5788516217516e+04 3.8901659059265e+03 1.4405033380616e+02 5.0428872018129e-04
467 3.7101766778987e+04 2.0140851963501e+03 3.4222726772509e+00 5.3148130279022e-03
468 3.6565274775969e+04 2.5589859378573e+03 1.1259071310833e+02 2.1520732546981e-03
469 3.5965835311162e+04 1.9950694843961e+03 -9.5114644591491e+01 2.7869365605008e-03
470 3.2867101573516e+04 2.0356184905135e+03 -1.4183395356082e+02 6.0571819261775e-04
471 3.3150624356710e+04 2.8769554190909e+03 1.1536627864815e+02 7.8558035624047e-04
472 3.9712159604685e+04 2.0270609929171e+03 -6.8670839593129e+01 3.1284844679149e-03
473 3.9516370698372e+04 1.7110901670659e+03 -8.4401038995265e+00 1.5471618735890e-03
474 3.8323290753619e+04 1.5308091329839e+03 -1.3205013381202e+02 3.1292054424119e-03
475 3.6521223489159e+04 9.9305613310933e+02 -1.0029441487389e+02 1.2621659260513e-03
476 4.4862054432703e+04 3.2394257223769e+03 1.5998574198536e+02 8.2114156396775e-04
477 4.5786107093094e+04 2.6760504750709e+03 -1.5379383023189e+02 2.3464815461964e-03
478 4.3316911646540e+04 3.4341462916864e+03 -6.7550291596909e+01 4.3118960834210e-04
479 4.7428530355487e+04 2.2170620625166e+03 1.6108806370845e+02 3.1105343406492e-03
480 4.7949740080047e+04 2.2766815067050e+03 7.0627795833369e+01 3.3428704706415e-03
481 4.4868323664197e+04 1.3120907533574e+03 -1.0288448632191e+02 1.4669946724304e-03
482 5.0171407403273e+04 1.3466556755272e+03 7.0659280910988e+01 1.4663818228595e-03
483 4.4758691407070e+04 2.4632142850634e+03 1.2065721303343e+02 2.5354199233805e-03
484 4.4778990521110e+04 2.1403494523321e+03 1.6573637651999e+02 8.8854264756510e-04
485 4.1664173724717e+04 1.7890211326634e+03 -1.6508484494149e+02 4.2949170707652e-04
486 4.2365404218283e+04 2.5627706571793e+03 -7.6012113759774e+01 1.4655194162600e-03
487 4.4250903691703e+04 1.8348480246155e+03 1.6674847290910e+02 3.4066319599573e-03
488 4.4714053288273e+04 2.1533547128568e+03 8.5663277987913e+01 3.0007381956842e-03
489 4.0170894102727e+04 2.9898173456750e+03 1.6811890292563e+02 1.4754304841414e-03
490 4.1401291121170e+04 2.3626956187799e+03 1.2782062863723e+02 1.7145785468028e-03
491 3.9421824965021e+04 1.7569540996304e+03 -2.4387486144328e+01 7.3449583057026e-04
492 3.2489574632029e+04 2.0619681600722e+03 1.5993509372930e+02 2.2630515141125e-03
493 3.4476765599249e+04 1.3603275242489e+03 -1.3157324269792e+02 1.7689181310445e-03
494 3.2948240119843e+04 2.3213737097813e+03 1.6637091494903e+02 1.6240394895105e-03
495 3.3374119065220e+04 2.1084435316576e+03 1.7795637990446e+02 7.8437170572649e-04
496 3.4315492511081e+04 1.9510472883361e+03 1.5641881470591e+02 2.2698918243634e-03
497 3.3525393306581e+04 2.0948664981275e+03 1.6469780844776e+02 1.5275897200864e-03
498 3.5783039755489e+04 1.5880979661803e+03 -1.6112624011836e+02 3.1196650120466e-03
499 3.5805842488157e+04 1.6231422730535e+03 -1.6351618273138e+02 3.3903351904336e-03
