0 6.0282237086984e+04 3.2670976984844e+04 -1.5006587335966e+02 2.0232613005715e-03
1 6.1103056903578e+04 3.2249298045162e+04 -4.8950467809678e+01 2.7400669657674e-03
2 6.1661779992356e+04 3.3514295031737e+04 5.4125823262060e+01 1.7690421289108e-03
3 6.3142703835904e+04 3.3243943618612e+04 -3.9066601631114e+01 4.5389014176126e-04
4 6.2810097479814e+04 3.4110602984740e+04 -7.5017264546501e-01 2.5915484413433e-03
5 6.2636679723704e+04 3.4219436168813e+04 1.4795055818915e+01 7.1599944426526e-04
6 6.0794290479442e+04 3.3260466525004e+04 1.5865146701377e+02 2.5754429371762e-03
7 6.1187870519223e+04 3.3125020323828e+04 -1.7258267433196e+01 1.6768815013569e-03
8 6.1260306849809e+04 3.2734724039696e+04 -8.1310235270381e+00 2.8371017996613e-03
9 6.0973826783007e+04 3.2792312365832e+04 -6.9045129108568e+00 3.3166900544477e-03
10 6.0837752893042e+04 3.3260784310981e+04 3.0870803885387e+01 3.2132276652945e-03
11 6.0547298025129e+04 3.2110590525560e+04 -7.8348200512707e+01 3.4371355515154e-03
12 6.0757829774248e+04 3.2490988219557e+04 -1.7081318374127e+00 3.3676288183305e-03
13 5.9676210017526e+04 3.3775247668527e+04 1.6345898843130e+02 5.0665612568127e-04
14 6.0136320723526e+04 3.3691030361588e+04 -5.0568993458512e+01 2.0953490129907e-03
15 5.8942828942068e+04 3.3736605114947e+04 -4.4984420304893e+01 1.6723708717768e-03
16 5.9057875966659e+04 3.4275493052390e+04 6.9768925844314e+00 2.5981330586659e-03
17 6.0334035226380e+04 3.4132461961848e+04 -3.3352264663904e+01 1.8392320671980e-03
18 6.0526982196097e+04 3.4249453244909e+04 1.2719886584737e+01 2.7140795408500e-03
19 5.8665335582245e+04 3.4076056845226e+04 -1.6799987420390e+02 2.7431156256969e-03
20 5.8745178796578e+04 3.4707691093072e+04 1.3154691133686e+02 2.7422811954229e-03
21 5.9007712559939e+04 3.4213653208853e+04 -1.3541044066335e+02 2.1120006149730e-03
22 5.8170319740645e+04 3.3840814307700e+04 -3.2719157298230e+01 2.4536164987335e-03
23 5.8501062164387e+04 3.3922278924650e+04 -4.8831678598194e+00 2.5779383675842e-03
24 5.8609211210942e+04 3.3640082231613e+04 -1.7596942805543e+01 1.6740615041198e-03
25 6.0704365160772e+04 3.4269327913097e+04 4.9807848929872e+01 3.0019657498967e-03
26 5.9600463651453e+04 3.4761727965383e+04 1.2633451386886e+02 2.3473760257643e-03
27 6.1896219520386e+04 3.2711687690980e+04 -2.9344577850206e+01 1.4551266113227e-03
28 6.0721358859945e+04 3.3358606558127e+04 1.5326767681503e+02 1.7012590276245e-03
29 5.9065095734020e+04 3.4416826093470e+04 -1.7316657119418e+01 8.8539190482813e-04
30 6.2398308915616e+04 3.3190681060789e+04 1.7994096746246e+02 1.0499484249514e-03
31 6.1780772600450e+04 3.3414418595890e+04 8.1129001328898e+01 1.3904604305547e-03
32 6.0978558600364e+04 3.3707289410767e+04 2.1147995287019e+01 1.1493404555562e-03
33 6.0656954340563e+04 3.3620017512649e+04 4.6633902118142e+01 1.2549018120487e-03
34 6.1193250790317e+04 3.4569961503943e+04 -1.8003690235391e+01 1.7976156338705e-03
35 5.8671291429642e+04 3.4853653068816e+04 -1.7295867988949e+00 3.4629486452294e-03
36 5.7892756798840e+04 3.4978009844232e+04 3.4463017911134e+01 3.4184328842178e-03
37 5.7639338441648e+04 3.4809837062384e+04 -4.5684677458463e+01 2.8778066515554e-03
38 5.7372305868575e+04 3.4983412710272e+04 1.7144855634041e+02 3.3022440139938e-03
39 5.9174033184570e+04 3.4671796450632e+04 -1.0521073589467e+01 2.8487741072850e-03
40 5.8785531538222e+04 3.4498212638494e+04 -3.7728966137909e+01 3.0454558177167e-03
41 6.0874525307247e+04 3.3841275308075e+04 -8.5215270065869e-01 3.1529912065680e-03
42 5.9627507977348e+04 3.5266340436906e+04 9.2268244103217e+00 1.5723578507541e-03
43 5.7926244791402e+04 3.4831769176999e+04 -3.7521606880002e+01 3.3955605214051e-03
44 6.0832674977445e+04 3.4560853404549e+04 -4.6465793793753e+01 3.3023569595585e-03
45 6.0473475838591e+04 3.4723154178083e+04 -7.9452741204482e+01 3.4545673320988e-03
46 6.2106773008817e+04 3.3441344778574e+04 -1.4099796037868e+02 1.4136839474092e-03
47 6.2577275961097e+04 3.3504912577540e+04 -2.7461914008077e+01 8.7634615476798e-04
48 6.2161063294657e+04 3.3485840548827e+04 -9.0369366132716e+00 1.0424355524696e-03
49 6.2362955078143e+04 3.4057237891919e+04 4.1908630889680e+00 9.0890864371077e-04
50 6.0224085779936e+04 3.3218836478831e+04 -3.9550783916187e+01 2.9295513558141e-03
51 5.3055090852943e+04 3.4177095766227e+04 -5.7136612787238e+01 2.1881067647009e-03
52 5.3013241660383e+04 3.4718387053625e+04 6.5606050436774e+00 1.5272851884411e-03
53 5.3015279526026e+04 3.4646366942772e+04 -1.3895486114862e+00 1.0805152060300e-03
54 5.5301627118989e+04 3.4856101728926e+04 1.0129292925928e+02 3.3502473993846e-03
55 5.3369040495323e+04 3.4064613214721e+04 -9.4587896455965e+00 1.5990347012726e-03
56 5.1489259502727e+04 3.3111009196210e+04 -3.9177365549171e+01 3.4271547958020e-04
57 5.2727836340072e+04 3.4264455914365e+04 -1.2562627283633e+02 1.3609257637452e-03
58 5.4455674385821e+04 3.4044291486168e+04 -1.4630797223533e+01 3.1390446356466e-03
59 5.2987854240347e+04 3.4193233581732e+04 -4.2929773982686e+00 3.3035669578305e-03
60 5.2589709262327e+04 3.4113386579784e+04 -2.4462734758457e+01 3.3522024254860e-03
61 5.2699082824605e+04 3.4319477155490e+04 -4.6319118594413e+00 2.2795612113749e-03
62 5.0275832420951e+04 3.3755187263788e+04 -4.7155523944117e+01 1.1721365278146e-03
63 5.2601765622010e+04 3.3918096141000e+04 -2.7885924433390e+01 2.9019556134544e-03
64 5.3213689744597e+04 3.3810061143183e+04 -1.5262979264833e+02 1.9729278330573e-03
65 5.3759679961379e+04 3.3944278849857e+04 -4.7073816687301e+01 2.9430547852319e-03
66 5.2962982453441e+04 3.3847890226234e+04 -1.6438800808491e+02 1.9817509505298e-03
67 5.5946028554343e+04 3.4275426549203e+04 -7.6677818892650e+00 2.9202415847740e-03
68 5.6271248132859e+04 3.4293631588180e+04 -1.1214047206021e+01 3.2826449700955e-03
69 5.5658650251168e+04 3.4616242016041e+04 3.9811431426668e+01 3.4604977685009e-03
70 5.3324748436669e+04 3.3965424861091e+04 -1.5269389338792e+02 1.2819819469872e-03
71 5.4773880464964e+04 3.4096544214806e+04 -9.2676476259762e+00 3.1781821651092e-03
72 5.3918449415738e+04 3.4389507724120e+04 1.6153059132151e+01 3.4430093906317e-03
73 5.2343983671187e+04 3.4897305253340e+04 1.6242322522231e+02 2.6578829177065e-03
74 5.3810264459376e+04 3.4630885178364e+04 2.2292208930399e+01 2.9400608596581e-03
75 5.4586567859123e+04 3.4322822339256e+04 -1.3731924244159e+01 2.9044128759696e-03
76 5.4404531988777e+04 3.2913537286150e+04 -5.8796807394374e+01 1.1716688465464e-03
77 5.8560472553580e+04 3.4186728420974e+04 -1.6584854655887e+00 3.0133201629640e-03
78 5.7672621253233e+04 3.4559524511254e+04 1.4545409870726e+02 2.0754432530845e-03
79 5.8503111635959e+04 3.4079040100356e+04 -2.3249667595917e+01 2.3296358929846e-03
80 5.6874410329448e+04 3.3563055152510e+04 -8.4069477860269e+00 1.8090425444384e-03
81 5.7279853974609e+04 3.4679113809746e+04 1.4556003044799e+02 2.6374614029992e-03
82 5.6073819943112e+04 3.4329968346364e+04 1.1045728608002e+02 2.6999875522799e-03
83 5.5659165438391e+04 3.3684569691313e+04 -1.0370002536913e+02 1.2654451259828e-03
84 6.1682770415935e+04 3.2251140179562e+04 -3.9243924243331e+01 7.2948375819954e-04
85 6.1334022163677e+04 3.2374635785965e+04 -6.1859091021967e+01 2.0290656078104e-03
86 5.4983907362444e+04 3.3771028963819e+04 -1.1819579032858e+02 1.1930456725216e-03
87 5.6475946409005e+04 3.3858481763703e+04 -1.9452853118147e+01 1.1668325784686e-03
88 6.1153678122573e+04 3.3522257663379e+04 3.9517637152309e+01 1.4580788152590e-03
89 5.7307595354398e+04 3.3287515774436e+04 -5.8347910988144e+01 1.5284929298560e-03
90 5.7292297870429e+04 3.3958693352527e+04 6.7830882623735e+01 2.5969178044922e-03
91 5.7338279326157e+04 3.3777638671581e+04 -3.8679514844265e+01 1.7819973197442e-03
92 5.5290158394847e+04 3.2321144030131e+04 -2.9933163278908e+01 4.7975000337427e-04
93 5.4195370873926e+04 3.4581309618040e+04 1.6227081900321e+01 3.4322975365197e-03
94 5.3314681254430e+04 3.4620190998797e+04 8.3502579951244e+01 3.4599884195143e-03
95 5.3541802807490e+04 3.3244446474420e+04 9.0225804931949e+01 1.8760649238218e-03
96 6.2852252236717e+04 3.4862033828780e+04 -4.0308553201790e+01 5.3678544242331e-04
97 6.0021971340415e+04 3.3457338946630e+04 -3.9751480575696e+01 1.8575083362292e-03
98 6.2140769809064e+04 3.3494877874464e+04 -4.9689778666792e+01 1.4271028127085e-03
99 6.3538518557010e+04 3.2948859573283e+04 -2.7130985705859e+01 3.8701554783160e-04
100 5.9980324523688e+04 3.4025881032018e+04 1.1395764364215e+01 2.9098616325630e-03
101 5.6777522558386e+04 3.4809332756817e+04 4.7891785557368e+00 3.0603363272905e-03
102 5.5637576727133e+04 3.4873305552970e+04 7.7118146798178e+01 2.8669629321956e-03
103 5.4366009841952e+04 3.4324224494950e+04 -9.4967219791241e+01 1.8847681767228e-03
104 5.5530570077858e+04 3.4839148920235e+04 -1.7568028083241e+01 1.7873321570454e-03
105 5.5344829727262e+04 3.5379178372890e+04 6.5443968262432e+01 1.1086256075963e-03
106 5.5488100627022e+04 3.4739040432642e+04 -3.4485573662064e+01 1.8846606616121e-03
107 5.5151502054330e+04 3.2740809797702e+04 -8.0015073694691e+00 9.4343276321428e-04
108 5.8423803037635e+04 3.3437747781091e+04 -1.5061461287794e+01 1.6821328351401e-03
109 5.3844526921366e+04 3.3899539989690e+04 -8.9540556693627e+00 1.4691305751567e-03
110 5.3192801570910e+04 3.4094010701838e+04 4.4980854915260e+01 1.4901351228278e-03
111 5.5091662446919e+04 3.4522033509274e+04 8.9469888174020e+01 1.1702478683757e-03
112 6.1331783272174e+04 3.4012376935048e+04 -2.9679020710131e+01 2.7487870944061e-03
113 6.0309966629152e+04 3.4851585847946e+04 1.2179856275542e+02 2.2409576877850e-03
114 6.0071563845197e+04 3.4739466628346e+04 9.2019267299041e+01 1.3969040820405e-03
115 6.1278965438761e+04 3.4249240154184e+04 1.5593797994879e+02 2.8115798139925e-03
116 6.2276050085686e+04 3.4431970511274e+04 1.3020306271020e+02 8.5286112130964e-04
117 5.7396640353004e+04 3.4652143387556e+04 7.8762012761275e+00 1.6314196688460e-03
118 5.7995717647914e+04 3.4991476237598e+04 7.6760756753350e+01 2.8005240581999e-03
119 5.7908947684302e+04 3.4485847945893e+04 -1.7380855326645e+02 3.2585724725586e-03
120 6.1329394229657e+04 3.3848885562887e+04 -1.3235240082498e+01 2.7263044809546e-03
121 6.0660120687418e+04 3.3967290879458e+04 -1.5275379231148e+01 3.2922521158368e-03
122 6.0090473193829e+04 3.3837190890974e+04 -3.1285076762701e+01 2.6615087932588e-03
123 6.2447228960148e+04 3.4328807782286e+04 1.5840617642483e+02 8.3867686542162e-04
124 6.0098864246611e+04 3.4040976663463e+04 -6.9614163192545e+00 2.9179989714267e-03
125 6.2268522380235e+04 3.3447487239786e+04 -1.2835353275383e+01 1.0505033668289e-03
126 6.1734892612077e+04 3.3480596859960e+04 -1.3686716184324e+01 1.9840839605726e-03
127 5.9721851020631e+04 3.3637160665508e+04 -1.6632714984586e+02 2.4266758765041e-03
128 5.9384668418428e+04 3.4259179907184e+04 -1.3022661901778e+01 1.5420680054310e-03
129 6.1094301071701e+04 3.3932643639432e+04 -7.9212002147626e+00 2.9018151505374e-03
130 6.0467548513817e+04 3.4421041912808e+04 1.1029891346635e+02 3.2857642225035e-03
131 5.9908894332446e+04 3.3976559447017e+04 4.8014636249433e+00 2.6218790898982e-03
132 6.1499770451401e+04 3.5036634656617e+04 9.3278729342105e+01 1.0208340443752e-03
133 6.5270733503955e+04 3.5041524137847e+04 2.5736635329329e+00 3.1485657442454e-04
134 6.2288859766147e+04 3.4323333218483e+04 6.0552036982694e+00 1.0054683173548e-03
135 6.2916328543825e+04 3.4317336395408e+04 4.9348799275304e+00 5.2949723428426e-04
136 6.1980993297366e+04 3.5188049390097e+04 1.0331181717871e+02 3.1481414282958e-04
137 6.1130866326489e+04 3.4553658239603e+04 -9.6340423798016e+01 3.0006436105637e-03
138 6.0495903688486e+04 3.4867955877713e+04 1.2470005811831e+02 3.4549227666206e-03
139 6.1404155580432e+04 3.4678157759424e+04 4.4633086112457e+00 2.5329277191246e-03
140 6.0604855989351e+04 3.4901654506272e+04 8.8184707428218e+01 3.3488495095415e-03
141 6.3443443088832e+04 3.4585843910612e+04 -1.5876829548932e+01 3.6793135497740e-04
142 6.3231505554817e+04 3.4803267956117e+04 -6.7162722206352e+01 3.8917242616079e-04
143 6.2751739464008e+04 3.4755294886440e+04 -1.7877291255474e+01 6.0425999821081e-04
144 5.9858829532991e+04 3.4701436106568e+04 1.4625603791046e+02 1.5493261568604e-03
145 5.7753014829956e+04 3.3674747165456e+04 -2.0795003381418e+01 2.1984258999163e-03
146 5.5345367823642e+04 3.4706678635386e+04 7.8067509567801e+01 2.4897878762153e-03
147 5.4629606167628e+04 3.4738570880906e+04 1.5353660091548e+02 2.2301024876002e-03
148 5.5875406846862e+04 3.4297017122252e+04 -1.1097848789570e+01 1.7169683189434e-03
149 5.5292376519001e+04 3.4315343246495e+04 -1.0408214730459e+02 3.2143186284575e-03
150 5.9471543201099e+04 3.3486824995508e+04 1.5151081489205e+01 2.1628424407279e-03
151 5.9450568868498e+04 3.3018266623846e+04 -2.5824537813536e+01 1.1602692449329e-03
152 5.8119469404841e+04 3.3579884034614e+04 1.6986852598616e+02 1.9466157732815e-03
153 6.0723919829271e+04 3.3356584776908e+04 -1.1368768203630e+01 3.4057800561394e-03
154 6.0390159586785e+04 3.3360486258000e+04 -1.7074257627944e+01 3.2425778627671e-03
155 6.1511897749732e+04 3.3550790633032e+04 3.0838623454684e+00 2.3714668833549e-03
156 5.8718332882594e+04 3.4498304433926e+04 -1.7392218589519e+00 3.1444096393130e-03
157 5.7855686231408e+04 3.4717742981003e+04 1.6974406502238e+01 3.4556124714202e-03
158 5.8250006291280e+04 3.4365481806884e+04 -2.0514118993885e+01 2.7473747885680e-03
159 5.7600477890754e+04 3.4731037948389e+04 8.8074667813069e+00 3.3104427672000e-03
160 5.8192707119733e+04 3.4808116415323e+04 1.6508438046394e+01 3.4402772364962e-03
161 6.0648347567778e+04 3.3769559735721e+04 -1.2392655475710e+01 3.4164762778579e-03
162 5.9742848144111e+04 3.4136842127468e+04 3.3816011594532e+00 2.8004837450286e-03
163 6.1658720799386e+04 3.3787028281979e+04 -1.4629524799005e+01 1.6597272023296e-03
164 6.3054702655300e+04 3.2986869691568e+04 -3.7044490375534e-02 3.8185501706516e-03
165 6.2189430045958e+04 3.3440654658475e+04 -1.4387033245693e+01 9.2575759853001e-04
166 6.1233976007228e+04 3.4527405024745e+04 -5.7594913370776e+00 2.0851643350287e-03
167 6.1160979248892e+04 3.4584121518954e+04 3.5195159620611e+00 5.7264447563769e-04
168 6.2855108800504e+04 3.3841148463418e+04 1.5421739281407e+02 5.7626759289485e-04
169 5.9779177447835e+04 3.4964518731377e+04 1.0012697307041e+02 2.1587717791160e-03
170 6.1059356106944e+04 3.4161217702502e+04 -2.3245898474265e+01 3.1202340000025e-03
171 6.0456851206590e+04 3.4796616043843e+04 1.6714967438142e+02 3.2455894522495e-03
172 6.0654270487489e+04 3.4765333138382e+04 1.6613561330215e+02 3.4098117540899e-03
173 6.1309126172350e+04 3.4419650592818e+04 -1.2606432234594e+01 2.4126523598716e-03
174 6.0321216858159e+04 3.5395514328368e+04 1.5746024968051e+02 1.7976902047827e-03
175 6.1264074298119e+04 3.4743037024231e+04 1.0637057546314e+02 1.8951325319271e-03
176 6.1350685388532e+04 3.4805882998313e+04 -2.0115418392091e+01 2.6035747047434e-03
177 6.0360530892102e+04 3.4539948346820e+04 -8.6700872652441e+01 2.7769657449454e-03
178 6.1442071580013e+04 3.4112887088372e+04 -1.3168675243139e+01 2.5922784905831e-03
179 6.1554148766139e+04 3.4227610155533e+04 -6.5709406102156e+00 2.3002506708211e-03
180 6.0674235105572e+04 3.4740513332094e+04 1.3782174785464e+02 3.4207591537819e-03
181 6.3002169674973e+04 3.4295302167044e+04 -4.2344976810283e+01 4.3403840623100e-04
182 6.3055286759763e+04 3.4657862451501e+04 -6.2826350588757e+00 4.1018676049878e-04
183 5.9986764714265e+04 3.4751276881429e+04 -1.1854547080343e+01 1.8648566970415e-03
184 6.2355912061990e+04 3.4578495928895e+04 -1.8293511065040e+01 7.6854228080989e-04
185 6.2776288269715e+04 3.4678652633097e+04 8.8561564080176e+00 4.9991731567695e-04
186 6.1480505305041e+04 3.4794919967847e+04 1.4114946377732e+02 2.1309719468978e-03
187 6.1221075402532e+04 3.4133946536583e+04 -2.4957856005938e+01 2.5516338427636e-03
188 6.1713173892012e+04 3.4009459790226e+04 -2.0387863560854e+01 2.0033348066999e-03
189 5.8553467650594e+04 3.4517041637188e+04 1.4004665854552e+02 2.1314161270410e-03
190 6.0699138805143e+04 3.3605876926811e+04 -7.1099138388729e+01 2.0208011614134e-03
191 6.1389683035816e+04 3.3586729198438e+04 -7.3825793570767e+00 1.3721269951803e-03
192 6.1304469082377e+04 3.3802642206626e+04 1.1053734708653e+01 1.7572167453651e-03
193 6.2682085284791e+04 3.4013755222031e+04 1.6702997101357e+02 7.0633168841556e-04
194 6.1257121831169e+04 3.3432629337162e+04 9.0798919138891e+01 1.6971060606438e-03
195 5.4697132564395e+04 3.3792630778893e+04 1.4752863815601e+02 2.2856066862881e-03
196 6.1084074291082e+04 3.3609156489183e+04 -1.9317211472171e+01 1.9386222377453e-03
197 6.0822217985968e+04 3.3814465664926e+04 7.9026850308888e+00 2.2756536397642e-03
198 6.1843047440233e+04 3.3988234148441e+04 2.0061592781558e+01 1.7326924749530e-03
199 5.7986242548946e+04 3.4964426015076e+04 1.6982941957849e+02 1.7415023192837e-03
200 5.8048074026077e+04 3.4929005171068e+04 -6.3917390025408e+00 3.3900377705756e-03
201 5.8809724153977e+04 3.4550553583326e+04 -2.5184420097193e+01 2.2330805292651e-03
202 6.0005544536994e+04 3.5066535168665e+04 1.0350196835370e+02 3.0222414850098e-03
203 5.9523813856584e+04 3.4632565276465e+04 -2.1099804806134e+01 2.3286991401161e-03
204 5.9265167026649e+04 3.4488114974452e+04 -6.1331848078607e+01 1.5922664675138e-03
205 6.3275344979009e+04 3.4223779146451e+04 3.2947755748876e+00 4.0650797544648e-04
206 5.9504822869742e+04 3.4255813191156e+04 -4.1405230632506e+01 2.6202342532724e-03
207 5.9958201360363e+04 3.4021916657623e+04 -1.9288311841536e+01 1.7317084175052e-03
208 5.9301718903673e+04 3.4555964832185e+04 9.9625667574945e+01 2.5180701751418e-03
209 6.1347302740421e+04 3.3575918673847e+04 -1.7185446334998e+01 2.7735574964013e-03
210 6.0285582606627e+04 3.3983631919915e+04 1.4157741581317e+02 3.3257759839244e-03
211 6.1058203296268e+04 3.3103731267462e+04 -2.7915773166795e+01 3.2120379261322e-03
212 6.0337930480325e+04 3.3933946793062e+04 8.4438963836342e+01 3.4218414501262e-03
213 6.4304146450996e+04 3.3451993259305e+04 5.2692282310949e-01 3.1550228094371e-04
214 6.2257804796707e+04 3.3068784229874e+04 -2.5065942288631e+01 9.4347967143731e-04
215 6.2325109860821e+04 3.3607070276261e+04 2.3622827050581e+01 1.1402698223849e-03
216 6.1392413038404e+04 3.3546574256221e+04 1.6300080658277e+02 2.6601501003258e-03
217 6.2760076521725e+04 3.3238956396537e+04 -7.3683125714616e+00 6.8446848725752e-04
218 6.0604841195324e+04 3.4535315140803e+04 1.1850899014938e+02 3.1059929700371e-03
219 6.0956444029972e+04 3.3808170029066e+04 -9.1295079061522e+01 3.2250442434527e-03
220 6.0887406534851e+04 3.3559409585876e+04 -1.7280903871820e+01 3.2676967604410e-03
221 5.9863178406283e+04 3.4436944952713e+04 1.0686399320144e+02 3.2299883522869e-03
222 5.8559878171437e+04 3.4442499857545e+04 -9.2894427842519e+00 2.0977693612914e-03
223 5.7271291131831e+04 3.3942340076471e+04 9.7444051113038e-01 1.9046274535979e-03
224 5.9031112408479e+04 3.3385766164637e+04 -5.2992798178431e+01 1.1321810443556e-03
225 6.2855877036486e+04 3.3615679995033e+04 -2.0993479006833e+01 5.3791430148507e-04
226 6.2948315724513e+04 3.3799045038388e+04 -6.9032809919441e+00 5.4645898109618e-04
227 6.2509159241234e+04 3.3197462712129e+04 -7.0806104034004e+00 9.9183433974181e-04
228 6.1924451217664e+04 3.3575782586292e+04 1.2003304775913e+02 1.6100367796764e-03
229 6.0482615791682e+04 3.4538873985098e+04 1.6722244760594e+02 3.3658677242954e-03
230 6.3243137425880e+04 3.4229146426714e+04 -3.6592179869866e+00 3.6442350164828e-04
231 6.1616421729942e+04 3.4408663533065e+04 1.6802891039059e+02 2.0944296660572e-03
232 6.0438950566876e+04 3.4606861912000e+04 1.3725157367796e+02 1.2474001378716e-03
233 6.1277323360796e+04 3.4526931931493e+04 -4.0398209049326e+01 2.5647690876505e-03
234 6.1698300924752e+04 3.4588140274446e+04 -2.0428528606039e+01 1.9657982047917e-03
235 6.1383756687934e+04 3.4624543450805e+04 -2.7300721485111e+01 2.5051925163635e-03
236 6.0122747867854e+04 3.5071757778113e+04 3.7013964360355e+01 3.4597803299719e-03
237 5.8475900904949e+04 3.4928311136622e+04 7.0419213551443e-01 2.2113630770828e-03
238 5.5265080716950e+04 3.4936041827083e+04 6.6155076321135e+01 3.8954802722444e-04
239 6.0368275400803e+04 3.3724240705959e+04 -5.5696004870320e+00 2.9238608929273e-03
240 6.0188516370748e+04 3.3469579940597e+04 -3.8514788377449e+01 2.6876590563060e-03
241 6.1173045160839e+04 3.3911524234812e+04 9.4602453310384e+01 1.8630494651040e-03
242 6.1840998906181e+04 3.3332498956528e+04 -2.8519601787013e+01 6.2415741349717e-04
243 5.8644706476088e+04 3.4922844815382e+04 1.1771034668470e+00 2.9920346007449e-03
244 5.8501336495249e+04 3.4872800810874e+04 -3.7851749699592e+00 3.3264435009478e-03
245 5.8909673536106e+04 3.4246814077875e+04 -4.9027109381385e+01 2.2125521710387e-03
246 5.5598209012038e+04 3.2837879486092e+04 -6.9967064200153e+01 3.6630380076343e-04
247 6.0353697455230e+04 3.5758218149120e+04 3.7348973085011e+01 2.7638998057016e-03
248 6.0404313640400e+04 3.5263980300241e+04 -3.0727006741152e+00 3.3652880573838e-03
249 6.0222616173658e+04 3.5033086449773e+04 -5.9062153046305e+01 3.3224137721570e-03
250 5.6312836989082e+04 3.5151690214915e+04 1.6284660944446e+02 1.9486099089101e-03
251 5.7190044171352e+04 3.5377330087108e+04 4.1634828018403e+01 2.7449986892181e-03
252 5.6501919139415e+04 3.5155389940068e+04 1.5183215458444e+02 2.2258792166621e-03
253 6.1559841274451e+04 3.3036580786930e+04 8.2218195492762e+00 2.3795147562372e-03
254 6.1504436956200e+04 3.2877104760072e+04 -4.0237369487869e+01 2.7222949391076e-03
255 6.2077625023314e+04 3.2671706472059e+04 -1.3475152335417e+01 1.2914202866984e-03
256 6.3538419798050e+04 3.3540417003525e+04 -1.1206051588584e+01 3.6433724213898e-04
257 6.3203343647863e+04 3.2101855362798e+04 -1.9280058269148e+01 4.5892147310689e-04
258 5.9911899519183e+04 3.4239308863707e+04 1.5696549218972e+01 2.0045439451949e-03
259 5.9520848499245e+04 3.4027297147750e+04 1.4163843711178e+02 1.0573716532732e-03
260 6.0336356597959e+04 3.3605940714162e+04 -1.1022707167448e+01 2.0541798794550e-03
261 5.9939320622875e+04 3.3873824869768e+04 1.3497115329977e+02 1.3227203694915e-03
262 6.3753792904788e+04 3.4731249964138e+04 8.6197841592166e+00 3.3264741055853e-04
263 6.4753304308955e+04 3.4336610250230e+04 -8.8102340901058e+00 3.1537647933618e-04
264 6.0980310465661e+04 3.4610162853709e+04 -8.7982485354156e+01 1.2444172434474e-03
265 6.2388379402647e+04 3.6032196480169e+04 -2.0146344040397e+01 3.1481414282958e-04
266 5.9913062520404e+04 3.4771121451771e+04 1.5340611736841e+02 3.1694969540098e-03
267 6.1189218525825e+04 3.4379972222175e+04 -4.0395035395634e+00 2.8789417590099e-03
268 6.1171135547470e+04 3.4478626660793e+04 1.1890777837681e+02 1.8460884367533e-03
269 6.1749241600025e+04 3.4322048597099e+04 1.4048322556725e+02 1.9430023030248e-03
270 6.2416376038274e+04 3.3322704330128e+04 2.1466358835508e+01 6.1868283618421e-04
271 6.3419530277177e+04 3.2949821203788e+04 -1.8750507564292e+01 4.0894664710383e-04
272 6.2116153850899e+04 3.3626332508336e+04 7.5411713564809e+01 1.3044844410930e-03
273 6.3008577307552e+04 3.4098870508710e+04 -8.3277393767241e+00 4.9910807121082e-04
274 6.2933738979165e+04 3.3688932245133e+04 -4.2540881147190e+01 5.6827904598240e-04
275 5.9848904951042e+04 3.5190045785437e+04 9.4367291081219e+01 2.5078477711891e-03
276 6.1038003496019e+04 3.4937772795195e+04 -3.1319535874102e+01 3.0871564247947e-03
277 6.0167410191936e+04 3.5363661054298e+04 -1.7007864721465e+02 2.5064314602396e-03
278 6.2652917690764e+04 3.4747193784727e+04 -2.4745047652295e+01 6.4402074963640e-04
279 6.1504697615997e+04 3.3668285400949e+04 -5.0526608547618e+01 1.7638179260648e-03
280 6.1650106257365e+04 3.4111092306308e+04 2.0431709538562e+01 1.4174894895620e-03
281 6.2215431176282e+04 3.4887674045589e+04 1.2592824092650e+02 8.1418871870231e-04
282 6.2003799078658e+04 3.4766329316534e+04 1.7223567481057e+02 1.2866938735481e-03
283 5.4356807873408e+04 3.4154338792528e+04 -1.0456802046764e+01 2.5105507731783e-03
284 6.1387637703435e+04 3.4632439361496e+04 -3.3090469328236e+01 1.9815726921206e-03
285 6.1497524856577e+04 3.5350438532299e+04 2.3064416641621e+01 3.1481414282958e-04
286 5.9437442937314e+04 3.4822202700504e+04 -1.7470520591451e+02 2.0387383263459e-03
287 6.2463461058404e+04 3.4820227360058e+04 -4.7689446836311e+00 8.2648472043017e-04
288 6.1468925204737e+04 3.4856534610939e+04 -1.5284729575157e+02 1.9491505292357e-03
289 6.0778795707887e+04 3.4538541679099e+04 -1.4908002242852e+02 3.3451481360895e-03
290 6.2527217956192e+04 3.5227334778207e+04 2.2435822556263e+01 3.1481414282958e-04
291 6.2123023200305e+04 3.4786677313869e+04 -3.4791006991264e+00 1.2159362020542e-03
292 6.1822263508921e+04 3.4830724659950e+04 1.8414586196505e+00 1.8253778141967e-03
293 5.9906529237897e+04 3.4722224905318e+04 -6.4685061234024e+01 2.3895684583612e-03
294 6.1252140898750e+04 3.4732177442838e+04 -1.1945449971171e+01 2.2989458850779e-03
295 5.9091004512791e+04 3.5035125541007e+04 1.0290027979045e+01 2.5466480344386e-03
296 5.9425992699753e+04 3.4795837062092e+04 6.2445157116421e+01 3.4628275328908e-03
297 5.8661216582520e+04 3.4764598527228e+04 1.6668270285409e+02 3.3028956775204e-03
298 6.1234122321024e+04 3.4705873134171e+04 2.2848180446103e+01 2.7660337072231e-03
299 6.3644426594890e+04 3.4847722108003e+04 -5.0217997734433e+01 3.2196653294960e-04
300 6.3487895898653e+04 3.4768118273988e+04 -9.1045808264679e+01 3.2698778448763e-04
301 6.1960147337062e+04 3.3790467065690e+04 -2.3176393401605e+01 1.6729175005596e-03
302 6.1930925095705e+04 3.3642686713128e+04 -3.2011978757162e+01 1.7661079931713e-03
303 6.1002184416270e+04 3.4322590156449e+04 -8.0948658918633e+01 1.1163448635141e-03
304 6.1156778064570e+04 3.4774812450879e+04 1.0138471501644e+02 2.8813424341480e-03
305 6.1660769048726e+04 3.4401937265009e+04 -2.4505003728134e+01 2.0912362370491e-03
306 6.0547621859022e+04 3.4573208411688e+04 1.8612715754456e+01 3.1146955316144e-03
307 5.9432563416969e+04 3.4598263933528e+04 -7.3986952886898e+00 1.9197830301503e-03
308 5.9355477633623e+04 3.4728037335228e+04 1.4790935376922e+02 3.0286107763172e-03
309 5.9567948432069e+04 3.4666181705492e+04 -3.6926359466627e+00 2.5279138083654e-03
310 6.1399895494930e+04 3.3276426619577e+04 -5.1856342066700e+01 2.5216238109728e-03
311 6.0671045127888e+04 3.3195470974182e+04 -1.4419077599588e+02 2.9891445280518e-03
312 6.1026510793641e+04 3.4484963294777e+04 1.1232134901174e+02 2.5785947803772e-03
313 6.2411603683262e+04 3.4034688350361e+04 -6.0001230669972e+00 9.7252918135738e-04
314 6.1770416046009e+04 3.4448010395030e+04 1.2864213554940e+02 1.9004390845454e-03
315 6.1268696368344e+04 3.3635075009023e+04 -3.4890400706665e+01 2.5271510282510e-03
316 6.0299181913430e+04 3.3866948151291e+04 -1.5841837603025e+02 2.9540090729137e-03
317 6.1283931354666e+04 3.3501648160662e+04 -3.4510105643802e+01 2.8438409286231e-03
318 6.1197899271452e+04 3.3883372904452e+04 1.3835048741387e+02 2.9534040665057e-03
319 6.0820612884271e+04 3.3781776819476e+04 -5.8092030710347e+01 1.0209641478554e-03
320 5.9652808990239e+04 3.4854747185768e+04 1.4520851303818e+02 1.0165649431623e-03
321 6.3362819953285e+04 3.1706801581051e+04 -1.5045022280413e+00 3.8287455449213e-04
322 6.1221988852753e+04 3.4724718331305e+04 -2.7528758421396e+01 2.5696132316436e-03
323 6.1741261431269e+04 3.4353308417584e+04 -3.2361145411824e+01 1.9082034150009e-03
324 6.1657715424835e+04 3.4760562667551e+04 -1.5113837488352e+01 1.6157042121364e-03
325 6.1724964410099e+04 3.4142861655065e+04 -1.7946257088700e+02 4.5899776593560e-03
326 6.2475724512703e+04 3.3311393023275e+04 -3.5083456193467e+01 9.6486631823864e-04
327 5.9735932668530e+04 3.5373635160311e+04 4.9220323487105e+01 2.9186238138763e-03
328 5.9385579162709e+04 3.5309518323532e+04 1.1923779537392e+02 2.7136196856192e-03
329 5.8589016935176e+04 3.5240224731744e+04 6.6651389637012e+00 3.0042552132484e-03
330 5.9995475224719e+04 3.4145766280809e+04 3.6296754566408e+00 1.6173374849880e-03
331 6.0813603916816e+04 3.4850890365413e+04 1.3816543207625e+02 3.3479414918480e-03
332 6.1685430979412e+04 3.3910136698535e+04 -6.6638516240340e+01 2.1632559050184e-03
333 6.5234190248665e+04 3.3414247632051e+04 3.7249613879570e+01 3.1495039590906e-04
334 5.8662559580822e+04 3.5405358206356e+04 1.5879315069757e+02 4.9100956929852e-04
335 6.1513800366534e+04 3.4482838448953e+04 2.1255177229910e+01 1.4280697801609e-03
336 6.2422593718267e+04 3.3900020485240e+04 9.8950483699053e+00 9.9147679327680e-04
337 6.1847463113524e+04 3.3965083843384e+04 1.6387243726486e+02 1.8050963752243e-03
338 6.0798806333745e+04 3.4080904375436e+04 6.4024132149718e+01 1.6494279339576e-03
339 6.1724183390636e+04 3.4016185037151e+04 1.0860327465910e+02 2.0595031069093e-03
340 5.9907157686937e+04 3.4383634468330e+04 8.8536488834067e+01 2.2781880067496e-03
341 6.2176740161205e+04 3.3647958791324e+04 5.3676573267399e+00 1.3572574542352e-03
342 5.9625252939465e+04 3.5188807353842e+04 -6.9328428339599e+01 3.3539027946960e-03
343 6.0337132526245e+04 3.5153221230722e+04 -5.3781456137905e+01 3.4455419268675e-03
344 6.0720059775351e+04 3.5274071667967e+04 -1.4064002997608e+01 3.1481414282958e-04
345 5.8732631080940e+04 3.5418236813340e+04 1.6122024891292e+02 1.1600869987499e-03
346 6.1934902710678e+04 3.4451034741527e+04 -2.7963664919236e-01 4.2429421057506e-03
347 6.1738922170361e+04 3.4023101335229e+04 -1.8497962923208e+00 1.6288054860470e-03
348 6.4520636487363e+04 3.3529952341259e+04 -2.8281751594839e+01 3.1675703313074e-04
349 6.3509753057081e+04 3.4771490749313e+04 1.5586269968472e+02 3.4669700354697e-04
350 6.1604293108858e+04 3.4155109458709e+04 7.3362873821506e+01 1.9274992407735e-03
351 6.3218612070081e+04 3.3959286281477e+04 -8.2134193627174e+00 3.6322402150954e-04
352 6.2457492782782e+04 3.3920838174009e+04 -1.5800828704421e+01 5.0313464120458e-04
353 6.1540185520102e+04 3.4987223383442e+04 1.2682952458528e+02 1.7224887820653e-03
354 6.0402128134544e+04 3.3890850656702e+04 -6.9474802969742e+01 2.1109906083703e-03
355 6.3298902678154e+04 3.4184750608966e+04 -1.0461920281360e+01 4.0640489021063e-04
356 6.1307377955908e+04 3.4817743143534e+04 9.9858370164563e+01 2.6788274104620e-03
357 6.2393803255908e+04 3.3725006743260e+04 -1.4173770663461e+01 1.0482327219824e-03
358 6.1798032775756e+04 3.3894112277428e+04 -1.2981924069479e+01 1.9035493249564e-03
359 6.1914041402620e+04 3.4062593767629e+04 7.0437499963268e+00 1.6345363486607e-03
360 6.1349070285907e+04 3.2924819183213e+04 -7.2681493625945e+00 6.3984815912554e-04
361 5.9317616222184e+04 3.3707871069136e+04 -1.2698630402588e+02 7.4546270334161e-04
362 5.5790715272802e+04 3.4105354533996e+04 -1.1941679167216e+01 2.2357816685910e-03
363 5.5009198292256e+04 3.4902425670930e+04 1.3899418362790e+02 1.7799555226238e-03
364 5.5558643821802e+04 3.4692075249560e+04 1.6622447688410e+02 3.0025547162594e-03
365 5.6447975351294e+04 3.4274236810935e+04 -4.1183564042291e+01 2.5171317279216e-03
366 5.7551424705793e+04 3.4184447236540e+04 -9.7887125720160e+00 2.8594558558027e-03
367 5.7098173610602e+04 3.3940229333342e+04 -2.8098111377975e+01 2.6121734236469e-03
368 5.7051152297533e+04 3.4398668228786e+04 1.0178467774266e+01 3.3519718531711e-03
369 5.7775172469235e+04 3.4696322366434e+04 1.4136257451036e+02 3.2512633177004e-03
370 5.7962504997214e+04 3.3985031087155e+04 -2.0242809519478e+01 2.7432954582431e-03
371 5.4044517262193e+04 3.4476731134246e+04 -1.4541066559428e+02 2.0507900728861e-03
372 5.3917096982951e+04 3.4638258469754e+04 -7.2360841687032e+00 1.4177013806939e-03
373 5.7678353941789e+04 3.3549530209225e+04 -1.0469283171380e+01 8.3025941258340e-04
374 5.4216322967909e+04 3.3544841963255e+04 -1.0624578087439e+02 1.4389220430411e-03
375 5.2905707434106e+04 3.4014786307590e+04 -5.9962289201448e+00 2.4652434115288e-03
376 5.2006421878081e+04 3.3887438569061e+04 -5.9712333152786e+01 2.3619700500954e-03
377 5.3073382018243e+04 3.4359654171760e+04 1.1104566526465e+02 3.1081697356608e-03
378 5.2780371462506e+04 3.4072428425298e+04 1.7947183426279e+02 2.1605794800894e-03
379 5.3930065130227e+04 3.3917252518316e+04 -1.1494536819623e+01 3.0359650909479e-03
380 5.1271826385627e+04 3.4515753933020e+04 -1.3444732919860e+01 3.4341012420236e-03
381 6.2766530296290e+04 3.2392342439472e+04 -3.5065451545750e+01 7.4230310264972e-04
382 6.2351408882467e+04 3.2670988214892e+04 3.1615599477484e+00 1.2781837700995e-03
383 6.2818951536139e+04 3.3953604751945e+04 -1.2387918659995e+01 6.1493047870816e-04
384 6.1924297917180e+04 3.4199016408239e+04 -6.7361154093763e+00 1.0524922225087e-03
385 6.1043971847673e+04 3.4266803954108e+04 -1.7608221528389e+01 1.2602408779104e-03
386 5.8991375441336e+04 3.4681395884882e+04 1.7670113012450e+02 3.3834616598097e-03
387 6.2070993932797e+04 3.3052358757802e+04 -2.1850935522193e+01 9.2793121441976e-04
388 6.1113953949572e+04 3.3605713755474e+04 9.1132891344742e-01 2.3817776144263e-03
389 6.2184442675825e+04 3.4227160618760e+04 -2.8009824157348e+01 1.2217916735394e-03
390 6.1700702736985e+04 3.4802183812668e+04 1.0584159471998e+01 1.7337120660590e-03
391 5.9901050671545e+04 3.4493645342297e+04 1.7528784771181e+02 1.5592186311655e-03
392 6.0858213480544e+04 3.4766592278432e+04 8.9756249677365e+00 3.3095448535336e-03
393 6.1002071228196e+04 3.4504025747843e+04 -1.5488748941060e+01 3.1494848578240e-03
394 5.9789373564269e+04 3.4993208768884e+04 1.5609042875223e+02 3.4625568679941e-03
395 6.1888175798964e+04 3.4749773516013e+04 7.9907768724312e+01 4.1751402843156e-04
396 6.2103477394709e+04 3.4467173639400e+04 -1.4412197096752e+00 1.5307418192430e-03
397 5.9736344915737e+04 3.5064086078350e+04 1.6401020403134e+02 1.5400704656368e-03
398 6.0055732658143e+04 3.4574416940962e+04 -4.7899649600013e+01 1.9709100017752e-03
399 6.2641512053844e+04 3.4965937336468e+04 6.0029359326122e+00 6.5381465094215e-04
400 6.2524103363118e+04 3.4717123203506e+04 -1.0449135258264e+01 7.6685039689785e-04
401 6.2785420925235e+04 3.4071165449244e+04 -6.3248539342444e+00 6.1863173944720e-04
402 6.2112763816849e+04 3.3950380652619e+04 -1.7055780999942e+01 1.3263861968366e-03
403 6.1242532988918e+04 3.3135700521804e+04 -3.5394848073758e+01 1.9387776237468e-03
404 6.0677241958832e+04 3.3371138060464e+04 1.2395658508754e+01 3.4597403349142e-03
405 6.0708262088577e+04 3.3312926126162e+04 -7.2822707183862e+00 3.4629486452294e-03
406 6.1690235552953e+04 3.3572869352130e+04 -2.6136512292965e+01 2.1399602548819e-03
407 6.2276440978040e+04 3.3999682770324e+04 -5.9141387174384e+00 1.1066962948970e-03
408 6.2202597160898e+04 3.3856355368659e+04 -2.0082035458907e+01 1.2937876350316e-03
409 6.3576874228676e+04 3.4677044546229e+04 4.8218370910681e+00 3.4563635186765e-04
410 6.2656080332299e+04 3.4207961446969e+04 -1.0022473687525e+01 7.2331800438866e-04
411 6.0653849298654e+04 3.4129693424154e+04 -1.0788155856796e+02 3.0161312852175e-03
412 6.1105925965700e+04 3.4458742048989e+04 8.9842995313869e+00 3.0655500887934e-03
413 6.2566441572244e+04 3.4341893550084e+04 4.4381333214375e+01 7.7718138419669e-04
414 6.2566651713246e+04 3.4070586768208e+04 -4.5568968929111e+01 7.8362198887530e-04
415 6.2769591994591e+04 3.4053048735990e+04 1.7798192242447e+01 6.0100722201038e-04
416 5.8373063903028e+04 3.3464110371453e+04 8.7035199938556e+01 4.8482464858383e-04
417 6.1805676444407e+04 3.4994670439459e+04 1.6402243411378e+02 9.5675919803423e-04
418 6.0195415016066e+04 3.3747628219452e+04 -6.3146489561892e+00 2.2064120328394e-03
419 6.2674165820946e+04 3.2509911656849e+04 -4.2524248882205e+01 4.4743528807126e-04
420 6.0716777740089e+04 3.4467593727682e+04 -1.2954735388699e+01 2.5871948086283e-03
421 5.9073135211567e+04 3.4481608692398e+04 1.7876824312244e+02 2.0203980015561e-03
422 5.8558800701828e+04 3.5048602433868e+04 1.1944225781477e+02 1.9346647316306e-03
423 6.0726560786904e+04 3.4306508993294e+04 -3.7600364902364e+01 2.8821167885475e-03
424 6.0791164812002e+04 3.4460566145032e+04 -1.9995237725967e+01 3.3995836360111e-03
425 6.0895243240504e+04 3.4771844266831e+04 2.5340958046506e+00 3.2647570425418e-03
426 5.9324780688799e+04 3.4825553375746e+04 -2.9069091537198e+01 2.5332316346848e-03
427 5.8463647330837e+04 3.4308736052505e+04 1.4182830522176e+02 1.2225152864683e-03
428 6.0561794290029e+04 3.3704403950369e+04 -1.9536418143248e+01 1.5292995567884e-03
429 5.9124222653360e+04 3.4391374618240e+04 -8.0617312298086e+00 2.4284788759307e-03
430 5.8783961669878e+04 3.4114455882765e+04 -2.3768510274917e+01 1.4524530725112e-03
431 5.7240422002740e+04 3.4634378355846e+04 9.2668787950222e+00 2.3546184762291e-03
432 5.7855288165418e+04 3.4859181263532e+04 2.5445952394186e+01 3.4537289703876e-03
433 5.8169657747519e+04 3.4007794262343e+04 -3.9225421129365e+01 2.3968641197715e-03
434 5.9607915145335e+04 3.3597862015910e+04 -4.3887598778376e+01 2.4303740466501e-03
435 5.9449397145397e+04 3.4218467990706e+04 7.9166500157734e+01 2.4217772267652e-03
436 6.0332289373088e+04 3.3610945657617e+04 -7.3116523527671e+01 3.0501572132593e-03
437 6.2009695705663e+04 3.3840369682670e+04 -1.2694161058547e-01 1.5639480110270e-03
438 6.0770131980139e+04 3.3679497541650e+04 -9.4173548389473e+00 3.4411111748786e-03
439 6.2000413102593e+04 3.4418415364349e+04 1.1243328124517e+02 1.0961075844984e-03
440 6.2403691264165e+04 3.3198662850013e+04 -1.7650115951949e+01 1.1165072588648e-03
441 6.2851133555148e+04 3.3593933258074e+04 -7.0127115933217e+00 6.3280640011116e-04
442 6.1223755920903e+04 3.3352954798776e+04 -7.2753814245353e+01 1.7571267267438e-03
443 6.2926271557851e+04 3.3405767319792e+04 -1.0136640074948e+01 5.4871629740509e-04
444 6.1366399834180e+04 3.3761868762417e+04 1.3106280415564e+02 2.4341981241167e-03
445 6.1573086133175e+04 3.3563904142423e+04 -7.0488911401793e+00 2.3675763280578e-03
446 6.2802366924597e+04 3.3920695601921e+04 1.4978057514264e+01 6.1496377957086e-04
447 6.2218615959354e+04 3.4063362822103e+04 1.3144396944741e+01 1.2243873047188e-03
448 6.2768819159801e+04 3.3429679379517e+04 -2.1944317519154e+01 6.7956997175997e-04
449 6.0044031112888e+04 3.2437364419810e+04 1.6066623282203e+02 1.9826022332352e-03
450 5.8868994583080e+04 3.2676904951541e+04 1.2568040971528e+02 7.3394851992290e-04
451 6.1693734207174e+04 3.5228654030803e+04 1.0148184672948e+02 3.1481414282958e-04
452 6.2308349787202e+04 3.3428726479998e+04 -7.7892855630804e+01 1.0218591996008e-03
453 6.2038634591381e+04 3.4079647354607e+04 7.9302694889665e+00 1.1048401494463e-03
454 6.3057551614273e+04 3.4275480504158e+04 -2.5671308771644e+01 4.7225391926108e-04
455 6.1281853512917e+04 3.3182486045106e+04 7.4824176542057e+01 3.0467359578670e-03
456 6.2982896842200e+04 3.3194442816020e+04 -1.4249575424840e+01 5.8045869646867e-04
457 6.1665318547109e+04 3.3895151101603e+04 1.9646875436874e+01 2.2212338134624e-03
458 6.0835435664029e+04 3.3902782242990e+04 1.4017213499040e+02 3.4142394787553e-03
459 6.1820633183271e+04 3.3352695890596e+04 -1.1952770695706e+01 2.0235814661268e-03
460 5.9595793638041e+04 3.4327471761663e+04 1.2609126310754e+02 3.0504443623943e-03
461 5.9801413518218e+04 3.3607019779626e+04 -1.7856890914608e+02 3.0399652223360e-03
462 5.9632165796867e+04 3.3819404156153e+04 -3.7407789026618e+01 6.6130236834307e-04
463 6.1090945604856e+04 3.2797156813810e+04 -6.2362304391017e+00 2.4377563254474e-03
464 5.7179264340954e+04 3.3916477519623e+04 -9.5744489677269e+01 1.0004094812966e-03
465 5.9164925754702e+04 3.4204153644206e+04 -1.5330844406735e+01 2.5892518551506e-03
466 6.0591815145832e+04 3.4083533458024e+04 -9.7106097975661e+00 3.4629486452294e-03
467 6.1912427908901e+04 3.3636202896861e+04 -2.5090438030093e+01 1.7717663532631e-03
468 6.0539493901548e+04 3.4330784247319e+04 1.4480095576615e+02 3.4591287872587e-03
469 6.1261816490446e+04 3.4008982192068e+04 -2.1284132525839e+01 2.7453229960386e-03
470 6.1452952368377e+04 3.4296757301400e+04 2.8291223729684e+00 2.1813999558959e-03
471 5.9430507218880e+04 3.4529252983485e+04 3.3329484566744e+01 2.9879050456714e-03
472 6.0328367056629e+04 3.4963251354868e+04 1.1896509229577e+02 6.2151654595317e-04
473 6.0755025778792e+04 3.4287689729533e+04 1.7867366427745e+02 3.9611113115782e-03
474 6.0541498889058e+04 3.4414123401972e+04 1.5751473654112e+02 3.4600797041224e-03
475 6.2233491745818e+04 3.4604109026789e+04 3.5827368980745e+01 9.4216136908241e-04
476 6.1369642948888e+04 3.2879070036736e+04 -3.3109329954782e+01 2.9561900328364e-03
477 6.1685331765551e+04 3.3677390320966e+04 1.7037721843104e+02 2.2383658906084e-03
478 6.1560322331954e+04 3.4133348677723e+04 -9.1617536926988e+01 2.1937200563513e-03
479 6.1532312842580e+04 3.4425677003360e+04 1.1263507286286e+02 2.0281432238329e-03
480 6.1953690887210e+04 3.4150553323051e+04 -1.2750368674528e+01 1.4744295692033e-03
481 6.2914445798257e+04 3.3823981401310e+04 -7.8515405197031e+00 5.7346807078289e-04
482 6.2256303926400e+04 3.3933505424507e+04 -7.7911729296894e+00 1.1968071326587e-03
483 6.2743405343109e+04 3.3775429135873e+04 -1.0521909045882e+01 6.2089934995967e-04
484 6.1882784540545e+04 3.3986410489229e+04 -2.6757616735086e+00 1.7753561869752e-03
485 6.1034766854937e+04 3.4162435211545e+04 1.4827022403966e+02 2.7590499743925e-03
486 6.1656742900059e+04 3.4632309877267e+04 5.7444301616054e+01 1.9287185403153e-03
487 6.1396910536206e+04 3.2858432384385e+04 -3.1088401199659e+01 2.8682610395582e-03
488 6.1042845250778e+04 3.3007289614886e+04 -1.5894525348515e+02 2.2706608903766e-03
489 6.1830914896769e+04 3.2947513116576e+04 -1.8604340935319e+01 1.8880097415343e-03
490 6.0613948706680e+04 3.4011442935789e+04 -1.8722322488101e+01 2.1182028041436e-03
491 5.9450250199249e+04 3.4085584223627e+04 -1.2907696618679e+02 1.1943471353095e-03
492 5.9247431180420e+04 3.4256760190183e+04 -4.0316853645490e+00 2.0401972799280e-03
493 6.0787006425605e+04 3.3980459201493e+04 -8.9650903192290e+01 3.3002867446807e-03
494 6.0515273708142e+04 3.4029231724197e+04 -1.4490435205409e+02 3.1311287454797e-03
495 6.1542994807368e+04 3.4109156415683e+04 -5.1927637269198e+00 2.0345973124740e-03
496 6.0916098171028e+04 3.4345509974429e+04 -3.7509474016783e+00 1.2920887379166e-03
497 6.1409913770731e+04 3.4611840242290e+04 1.2822699928384e+02 2.4110004834532e-03
498 6.0649636584805e+04 3.4554095605737e+04 2.2190957582639e+01 3.3537927837937e-03
499 6.2686291356759e+04 3.4028907423872e+04 3.3584357566809e+01 5.9945662912168e-04
