0 2.3191384669971e+04 2.9204694486014e+03 7.9508662856496e+01 9.2640393788922e-04
1 2.1918928646121e+04 2.4854664393148e+03 8.3991565124828e+01 1.2378320848506e-03
2 2.1802619416702e+04 3.8221620390602e+03 9.0472524018142e+01 4.1719007653513e-04
3 2.1662811247619e+04 2.0556011216580e+03 -8.7161441704199e+01 1.8482379319508e-03
4 2.1663753561459e+04 4.9275365058679e+03 8.9988475464255e+01 3.5756245102223e-04
5 2.1470310862532e+04 3.4504994590188e+03 8.6123513733200e+01 2.3433995330006e-03
6 2.1456304721244e+04 2.8290263840069e+03 -8.7593290983425e+01 9.7422071015337e-04
7 2.0639999702513e+04 3.9301657724885e+03 8.9871210599886e+01 3.9958344331802e-04
8 2.1336092030489e+04 3.5833177250080e+03 -9.1105877299532e+01 4.7635533959690e-04
9 2.0713581737912e+04 1.7287404675943e+03 -8.7051341317470e+01 2.9989028322525e-03
10 2.0759674423382e+04 2.0190879415782e+03 9.3371173065835e+01 5.7324927260274e-03
11 2.0763460046052e+04 1.9975370951256e+03 9.0142347542589e+01 2.4353219947204e-03
12 2.0729204260685e+04 1.7563513812096e+03 9.4274756567718e+01 3.7029708384908e-03
13 2.0851572329600e+04 2.5027450563264e+03 8.7771771796525e+01 3.6013341574242e-03
14 2.0854928184611e+04 3.6666748588652e+03 8.9051615873803e+01 4.4489570374830e-04
15 2.0811834081859e+04 2.5598459570112e+03 9.0940097214122e+01 1.3490063569806e-03
16 2.0842686676012e+04 3.1654276641007e+03 8.9350355608193e+01 6.7140118423548e-04
17 2.0844252024180e+04 2.8017207131748e+03 9.2887693565843e+01 1.0023022723480e-03
18 2.0903505401225e+04 3.0703466216790e+03 8.8467618043963e+01 7.4653323808199e-04
19 2.1067436519845e+04 1.8456665831051e+03 -8.9380748299443e+01 2.7882554129855e-03
20 2.0994259660454e+04 4.8531167800245e+03 9.0609738579725e+01 3.7040043957514e-04
21 2.1586444879539e+04 3.6566949373079e+03 8.9332172458664e+01 4.7532632361264e-04
22 2.2139143116314e+04 3.0408972892989e+03 9.0680425836169e+01 8.1287758172488e-04
23 2.2154055643119e+04 1.9875162193353e+03 -9.2299168187816e+01 2.5807184977814e-03
24 2.2143251338161e+04 1.7098573738614e+03 9.1740352044554e+01 3.9479828718357e-03
25 2.2197806577125e+04 1.5504284078254e+03 8.7472393930907e+01 6.5604439079423e-03
26 2.2206171791004e+04 2.3279544407481e+03 1.1642293157191e+02 1.8721247116919e-03
27 2.2208241291259e+04 8.1049941270472e+02 9.1110334095977e+01 3.9033698977107e-03
28 2.2192847464441e+04 1.6620282945621e+03 9.1053816364344e+01 3.2619113467020e-03
29 2.2204406230688e+04 1.5994603024675e+03 9.0492578327962e+01 3.3049382264271e-03
30 2.2182441098547e+04 3.4122033418113e+03 8.9477822901894e+01 5.6006051344108e-04
31 2.1561479291640e+04 4.2620934862389e+03 8.9113257457963e+01 4.1725393209591e-04
32 2.8849074290229e+04 4.2749081217060e+03 8.9014347389946e+01 3.9465960051872e-04
33 2.8829430538770e+04 2.7967231072918e+03 8.9846683268428e+01 1.5061462071014e-03
34 2.8243522910574e+04 2.2710615054280e+03 9.3596192117760e+01 5.2538750754109e-03
35 2.8320481443880e+04 2.1281694285576e+03 8.5071919904758e+01 2.9165255464493e-03
36 2.7782652518058e+04 3.6493609142868e+03 8.9465548822573e+01 5.5687312575877e-04
37 2.7777417375377e+04 4.0119246912113e+03 8.9743935867449e+01 4.3392215968039e-04
38 2.7972294705751e+04 3.2773574010426e+03 8.6443495203783e+01 8.1079331686291e-04
39 2.7762802461971e+04 3.7529385921961e+03 9.0660266260133e+01 5.0806846716940e-04
40 2.7762347186463e+04 3.3933235609087e+03 8.9339186006831e+01 7.1392354602048e-04
41 2.8046353082665e+04 1.7949876510902e+03 7.4479586802800e+01 3.2902749443289e-03
42 2.8044775491046e+04 2.2346074351753e+03 8.7165410282521e+01 2.5741394936347e-03
43 2.8036120048388e+04 1.8642622593254e+03 8.8241699266739e+01 4.0157543587033e-03
44 2.8015495036621e+04 1.7684962415105e+03 9.0215639116742e+01 3.2577737262535e-03
45 2.8089684326732e+04 2.5846105472355e+03 8.9609312575905e+01 1.8476762746103e-03
46 2.8067640987445e+04 2.2656033603249e+03 9.5302548889043e+01 2.5312593871743e-03
47 2.8062553552060e+04 2.6438440635916e+03 9.2433952654272e+01 1.6186199902649e-03
48 2.8094348944543e+04 2.5728027029659e+03 8.8903062622605e+01 1.8663403474256e-03
49 2.8098664844229e+04 3.7638217520499e+03 8.9583417107866e+01 5.1044989470837e-04
50 2.7887580729051e+04 1.6072392784409e+03 -8.9323381466196e+01 3.6710347492095e-03
51 2.7880020974790e+04 2.2523498612747e+03 9.0669730292647e+01 2.4131916986104e-03
52 2.7855216361007e+04 2.1896219984068e+03 9.4997035432339e+01 2.6718141155807e-03
53 2.7889621745799e+04 1.6853087568633e+03 -8.8174117441113e+01 3.5941531826607e-03
54 2.7840851646227e+04 3.8796336847542e+03 9.0348614361467e+01 4.7306006578149e-04
55 2.7904978518873e+04 1.4656059586282e+03 -8.9061376042139e+01 3.8144125699553e-03
56 2.7911448031509e+04 4.1137122521996e+03 8.9271505076028e+01 4.1456933477720e-04
57 2.7916374234801e+04 4.6966362634418e+03 9.0354661888717e+01 3.6503663362571e-04
58 2.7951773385359e+04 2.4238645415108e+03 8.4293193054655e+01 2.1514090061692e-03
59 2.8045036559305e+04 1.6742209473513e+03 -8.7270751842834e+01 3.6236990074074e-03
60 2.8006899597108e+04 3.3558243620207e+03 9.0600424886773e+01 7.6197994113321e-04
61 2.8060994513072e+04 2.7125041628693e+03 8.6687571270947e+01 5.1489493971604e-03
62 2.8026814173158e+04 3.2345688753819e+03 8.9510091853849e+01 8.6260785379472e-04
63 2.7612627986406e+04 4.0574414362281e+03 8.8080429650903e+01 1.6415088808856e-03
64 2.7554992829265e+04 1.5924309633328e+03 -9.0813626449486e+01 3.4897012882285e-03
65 2.7795843017549e+04 3.4077356210215e+03 8.7116259692037e+01 4.5618324735454e-03
66 2.7710374929666e+04 4.9223210395631e+03 9.1218364648053e+01 5.2333576615458e-04
67 1.1101501038699e+04 2.3659255252079e+03 6.1453149582854e+01 1.0382420062691e-03
68 1.6143050581843e+04 2.6510654753613e+02 9.0300548167313e+01 3.4228965157983e-03
69 1.6166286370636e+04 3.9603048904812e+02 8.8236145378106e+01 3.9343898562904e-03
70 1.6139589233132e+04 1.2672507557449e+03 9.0480463315103e+01 3.3401449181180e-03
71 1.6163425103667e+04 1.4354108739597e+03 8.8833886506651e+01 3.2743837006306e-03
72 1.6126963259695e+04 1.1112477908260e+03 8.7841888765101e+01 3.4687042053304e-03
73 1.6132176175361e+04 1.4434894977604e+03 8.8276698142419e+01 3.3953595505744e-03
74 1.6113627365544e+04 2.9141683611881e+03 8.9578383704921e+01 6.5320888584962e-04
75 1.6124244613114e+04 2.0408494786990e+03 8.7884982547922e+01 3.5798869683710e-03
76 1.5652323331376e+04 1.5764375182296e+03 8.2967853858084e+01 2.5719699414356e-03
77 1.5706322611808e+04 4.0024554144747e+03 8.8908752475431e+01 4.7369569901995e-04
78 1.5656771590762e+04 2.0236956102870e+03 9.2594738829366e+01 5.0957067114516e-03
79 1.5645576583961e+04 2.4761337433261e+03 9.1902809825582e+01 1.0740126824791e-03
80 1.5922111407067e+04 2.5774172307872e+03 8.8568900806387e+01 9.4695058787973e-04
81 1.6280912504733e+04 3.2366125890729e+03 8.5683818953242e+01 1.2175406019277e-03
82 1.6371910282564e+04 1.8354679000861e+03 9.0960296023507e+01 2.4208132265155e-03
83 1.6409159564101e+04 9.8738255672084e+02 8.4874666718102e+01 3.7059014186463e-03
84 1.6414162018899e+04 1.1592765000875e+03 8.6402658707579e+01 3.5061489832142e-03
85 1.6406938773187e+04 1.8400583104858e+03 8.5874715716557e+01 3.4777369904519e-03
86 1.6365092115014e+04 1.7055130236787e+03 8.9819911570206e+01 2.6512493445040e-03
87 1.6336751150017e+04 2.2067383618110e+03 9.1567401874596e+01 1.5746403948404e-03
88 1.6345562124007e+04 1.3185183529745e+03 -9.4983530970927e+01 3.4068603460775e-03
89 1.6377830839486e+04 3.1998274825409e+03 8.9491894499438e+01 5.3763470063190e-04
90 1.6498018557449e+04 2.9612904925674e+03 8.9004829219476e+01 6.8882526938699e-04
91 1.6492130097024e+04 1.8729802515437e+03 8.9349084835343e+01 2.3361922366547e-03
92 1.6483862303734e+04 1.6084812282414e+03 8.9786942815503e+01 2.8829639791056e-03
93 1.6417653546381e+04 3.2805689372370e+03 9.0732868264666e+01 5.0146055068941e-04
94 1.6454684489294e+04 2.7358822358322e+03 8.8423366517499e+01 8.6893815878735e-04
95 1.6214381227008e+04 2.9650578735110e+03 9.5776848581318e+01 6.7786774377437e-04
96 1.6647952249733e+04 3.6726084678070e+03 8.8121347481066e+01 4.0974656269747e-04
97 1.6110647950542e+04 2.1352719827735e+03 9.1181699272206e+01 1.4463565285172e-03
98 1.6102626747886e+04 4.3376470697662e+03 8.9614566149804e+01 3.6063018305640e-04
99 1.5897241132817e+04 3.3326639848710e+03 9.1442220200114e+01 4.7671562761351e-04
100 1.5859075569206e+04 2.2385807565307e+03 9.4839832299923e+01 1.5422650158623e-03
101 1.5913287703814e+04 2.4274831235013e+03 9.0699655841994e+01 1.1306721667828e-03
102 1.7761405477811e+04 3.0978102493146e+03 9.0457709851256e+01 6.2479476568137e-04
103 1.7811773234014e+04 1.4574764738865e+03 -6.8381059549072e+01 2.9109032072756e-03
104 1.7759268916190e+04 2.9898027343592e+03 9.0745933632455e+01 7.0444367060600e-04
105 1.7757874266647e+04 4.2757756836930e+03 9.7276353156512e+01 3.6447988704174e-04
106 1.7868051360690e+04 2.9334043490441e+03 8.8678130796672e+01 7.4402935705433e-04
107 1.7550455119270e+04 3.4338709218549e+03 9.0194405048258e+01 4.6053265025982e-04
108 1.7574785342366e+04 2.9640389045275e+03 8.9000567556749e+01 6.8442061071483e-04
109 1.7785987636633e+04 1.9324324264216e+03 -9.3761041928903e+01 2.0276916764514e-03
110 1.7813232523262e+04 2.9737137524579e+03 8.1092581118657e+01 7.0022404183506e-04
111 1.5596611415593e+04 3.3860544556044e+03 8.9519211273744e+01 4.7241205192537e-04
112 1.5556786551236e+04 3.1443269004796e+03 9.0459428638973e+01 5.5070678322331e-04
113 1.5980692283940e+04 1.9483209394498e+03 8.4618552060754e+01 2.0778495127760e-03
114 1.5936336274743e+04 2.4735981519429e+03 9.0067758408175e+01 1.1675714354706e-03
115 1.5938115994793e+04 2.2138969710206e+03 9.0040803838548e+01 1.5586589424757e-03
116 1.6564669579153e+04 2.4597824524957e+03 4.9546245184961e+01 1.2330975040539e-03
117 1.6302352000873e+04 3.4048164910184e+03 8.7403782213614e+01 3.7910186433397e-03
118 1.6313657856600e+04 2.6021578464014e+03 8.8209549319830e+01 1.0181972074419e-03
119 1.6295730866287e+04 2.8037430971995e+03 9.0882739371853e+01 8.0405357750932e-04
120 1.2107889796785e+04 3.7989260433850e+03 9.1646408563122e+01 1.0016692917262e-03
121 1.2885932197257e+04 2.4464240328367e+03 8.8755997558219e+01 1.1730684733417e-03
122 1.2888710748790e+04 1.5165333687746e+03 -7.8236757728987e+01 2.3302868868507e-03
123 1.2844756312628e+04 1.6931767515330e+03 1.0799751488803e+02 2.0176812084026e-03
124 1.2828266371744e+04 7.5234930049649e+02 7.7843509376658e+01 3.7359233678047e-03
125 1.2823999489450e+04 9.4387090858792e+02 8.7291743311300e+01 6.6828397163129e-03
126 1.2800631038793e+04 1.4814796980010e+03 9.1093564706642e+01 2.5601344248714e-03
127 1.2812286382336e+04 2.5291566861369e+03 8.9904822794467e+01 8.6088078337083e-04
128 1.2290600529308e+04 3.1862305832003e+03 8.8343591231806e+01 4.7093737409503e-04
129 1.1361797247338e+04 3.5285846558039e+03 9.2771546919396e+01 4.0081110216301e-04
130 2.1601053626543e+04 3.3799163231403e+03 8.7709682668918e+01 5.5244451056386e-04
131 2.1586921122174e+04 1.5519461271611e+03 -9.6331733583311e+01 3.3033044516872e-03
132 2.1610067071356e+04 2.3999496806383e+03 8.8829613604606e+01 1.6784716745448e-03
133 2.1613552482757e+04 2.4666359364479e+03 8.9859663187724e+01 1.5584068212077e-03
134 2.1623625677910e+04 2.0016495009881e+03 8.7757936039925e+01 2.4963800372190e-03
135 2.2077787334266e+04 8.2554024223707e+02 -9.5845473612028e+01 3.9101616045777e-03
136 2.2128974370404e+04 3.1244398047476e+02 -8.8260917612264e+01 3.4762413670419e-03
137 2.2130160808083e+04 7.3911470265475e+02 -8.5982617888550e+01 3.8974016957505e-03
138 2.2105973814160e+04 5.5001388292858e+02 -9.0043557986226e+01 3.7749257463631e-03
139 2.0838485771661e+04 4.4119719681760e+03 8.8669932930549e+01 6.0556210218171e-04
140 2.1737341187028e+04 2.2322021189678e+03 8.3495828904949e+01 2.0097446327460e-03
141 2.3079290524994e+04 2.8236396146235e+03 -8.6094400447970e+01 1.1033646262597e-03
142 2.3527161024351e+04 3.2131938501454e+03 9.0369531383142e+01 7.1712379050634e-04
143 2.2644562422307e+04 2.7204648406802e+03 9.5153850920420e+01 1.1985788276757e-03
144 2.3378555626216e+04 2.9054296189857e+03 8.9822831668753e+01 1.0166844121313e-03
145 2.3411974000254e+04 1.8754532795044e+03 7.5545178600302e+01 2.9283718580658e-03
146 2.3423298482754e+04 3.7197263394035e+03 8.8998840516459e+01 4.6280291357046e-04
147 2.3419511780074e+04 2.9388176478133e+03 -6.6138938748386e+01 9.7945789325755e-04
148 2.3246984686507e+04 3.8642335692585e+03 8.9640097313236e+01 4.2607909559036e-04
149 2.3151928766634e+04 1.5598417556636e+03 8.9492916687875e+01 3.4290853858783e-03
150 2.3146764468054e+04 1.1590392873790e+03 -9.1106672976542e+01 3.8681324296993e-03
151 2.3266388392917e+04 1.8852661808056e+03 -8.1167061084629e+01 2.8863782778965e-03
152 2.3273376154616e+04 2.6802133385571e+03 8.8635814040019e+01 1.3200010340488e-03
153 2.3251208251733e+04 2.6022499094477e+03 8.9836535795380e+01 1.4384531200207e-03
154 2.3158727735504e+04 2.2262033445330e+03 -8.7619681334493e+01 2.1523010731073e-03
155 2.3273749204159e+04 2.6732845554171e+03 9.0751425884788e+01 1.2970621846894e-03
156 2.3285936246519e+04 1.6166528304616e+03 9.1823746418529e+01 4.3228078244836e-03
157 2.2770710287971e+04 3.0132907794176e+03 8.7279167503270e+01 4.4860585334125e-03
158 2.3067342943393e+04 2.1737522090434e+03 9.3590921684901e+01 5.0153311510055e-03
159 2.3060038789357e+04 4.0848330936360e+03 9.0865787278675e+01 3.9200840823203e-04
160 2.3162832875352e+04 3.3665772803354e+03 8.9495983976017e+01 6.0314274711893e-04
161 2.2649229079324e+04 2.4299965887552e+03 9.1603601364857e+01 1.6861814142434e-03
162 2.2921435419314e+04 1.6456590189454e+03 9.0336980006377e+01 3.3385164875543e-03
163 2.2891295651961e+04 2.1966239617581e+03 9.1793979429134e+01 2.1378896628792e-03
164 2.2892113991493e+04 1.3196359916399e+03 9.4188802852794e+01 4.7328726885543e-03
165 2.2923919528726e+04 1.3531953103248e+03 9.0061519573479e+01 3.5995199918380e-03
166 2.2895593473572e+04 1.8238845597350e+03 9.1746901167706e+01 3.7975192604275e-03
167 2.2903662334903e+04 2.6604214004377e+03 8.9493925731582e+01 1.3368066226844e-03
168 2.2876524209589e+04 2.0004741799182e+03 -1.2330871757954e+02 2.6144963277640e-03
169 2.3010684534730e+04 2.6179193381919e+03 9.3156156307253e+01 1.3977099503640e-03
170 2.3060157841491e+04 2.9568664631833e+03 8.8801415347758e+01 9.4147336833106e-04
171 2.3010843487334e+04 -1.5300238864943e+02 -9.1343346227564e+01 2.4975393063259e-03
172 2.3037126554263e+04 1.4268829449794e+03 8.9377393600564e+01 3.6494094413973e-03
173 2.3068669172387e+04 3.0463356069482e+03 8.8216294244884e+01 1.7391700917292e-03
174 2.3018396790242e+04 2.5518366362137e+03 9.0703874290260e+01 1.5359643844788e-03
175 2.3147524206663e+04 3.8616161110012e+03 9.0033834706497e+01 4.2599910503639e-04
176 2.3794313706076e+04 3.0315158344462e+03 8.8140209920713e+01 8.8912018567008e-04
177 2.3763136722032e+04 2.1446906138950e+03 8.8508639782466e+01 2.7407080459514e-03
178 2.3683929252827e+04 4.0226594256473e+03 9.0533651477322e+01 4.1108088073212e-04
179 2.3687460679834e+04 3.7808390113344e+03 9.0243200551848e+01 4.4361058694435e-04
180 2.2842583693330e+04 3.9995937028706e+03 9.0399194700292e+01 4.0254070757700e-04
181 2.3087198496403e+04 -3.8307779843875e+02 -9.2756164200860e+01 2.0026378520122e-03
182 2.3172646501176e+04 6.1165906266016e+02 5.4918174689495e+01 3.7651612721176e-03
183 2.3139326996871e+04 2.1141094443662e+03 8.9563557087929e+01 2.4023126727312e-03
184 2.3125549632899e+04 1.6955779116033e+03 9.0330520154980e+01 3.0926270279805e-03
185 1.1054654104162e+04 3.1710661025966e+03 8.9531343424038e+01 4.3425970322226e-04
186 2.4464900671606e+04 3.4952638012856e+03 8.8994966787458e+01 5.6586874860697e-04
187 2.4456113233899e+04 2.6455746684775e+03 8.8456006969657e+01 1.9285239485688e-03
188 2.4482836685206e+04 8.0338038574455e+02 8.5700399355033e+01 3.8836564336058e-03
189 2.4459090070430e+04 1.1739372615697e+03 8.6972194433412e+01 7.8131222301361e-03
190 2.4448266717583e+04 9.1351861200746e+02 8.5633533321723e+01 3.9115159140745e-03
191 2.4425881094648e+04 1.1198777280705e+03 9.2203603740558e+01 3.9112565611392e-03
192 2.4441096429596e+04 9.7902326877605e+02 8.9161461235136e+01 3.9084553915608e-03
193 2.4440533940782e+04 2.2334711461328e+03 8.9854700733672e+01 2.2362188669679e-03
194 2.4459264060406e+04 7.4432455972644e+02 8.0721137955584e+01 3.8601586565780e-03
195 2.4427940534168e+04 1.0888567347974e+03 9.0997125188297e+01 3.9115193466108e-03
196 2.4301569741551e+04 2.5908352900849e+03 -9.3110777883016e+01 1.5335375417599e-03
197 2.4310975879235e+04 2.6187787929291e+03 8.9902343816348e+01 1.4794775806702e-03
198 2.4273585793540e+04 2.1629242731699e+03 9.1521000222687e+01 2.6681465828745e-03
199 2.4675378549388e+04 3.3122014300698e+03 9.0269772747781e+01 6.7479813870791e-04
200 2.4459567629296e+04 2.9206089546796e+03 -7.1138783436248e+01 1.0366441403263e-03
201 2.5831707109941e+04 2.2019600817239e+03 9.8760023245964e+01 2.4177453436193e-03
202 2.5830850383241e+04 1.8745695622854e+03 -1.0483564193608e+02 2.9558549627848e-03
203 2.5501016678369e+04 4.0147740299665e+03 8.8229160453707e+01 1.2793775559860e-03
204 2.5455546906493e+04 3.8830994554880e+03 9.0213084534645e+01 4.3928099444497e-04
205 2.5778350375371e+04 2.5546654437794e+03 9.1024645930315e+01 1.7131214888798e-03
206 2.5771956412543e+04 3.1145381989109e+03 9.0874818686209e+01 9.1985952208546e-04
207 2.6014344014265e+04 4.6582419234608e+03 9.1445654862066e+01 3.6399644695802e-04
208 2.4006934618105e+04 3.1074864673516e+03 8.9895612359976e+01 8.1086588635046e-04
209 2.4137582913418e+04 4.8986746818196e+03 9.0161404863607e+01 3.5794195638849e-04
210 2.4309984788915e+04 2.6433311528315e+03 9.0034432485270e+01 1.3807727001185e-03
211 2.4323772734165e+04 1.6346249846129e+02 -8.9499836791251e+01 2.9294898930957e-03
212 2.4315067055368e+04 3.0190426981905e+03 8.9824673319794e+01 8.9605746246205e-04
213 2.4312318489903e+04 2.8041767862638e+03 8.9928297681375e+01 1.1416102187964e-03
214 2.3557161434364e+04 4.2413345487956e+03 9.1031251159714e+01 4.6038764856952e-04
215 2.4559552203633e+04 1.8966786317522e+03 8.9500682272750e+01 2.7885245593683e-03
216 2.4545402664650e+04 2.1519803722443e+03 9.0350478225627e+01 2.4235901343728e-03
217 2.4532128887300e+04 2.3167319552861e+03 -9.4733447302888e+01 2.0107904280564e-03
218 2.4551198025461e+04 1.8924789615037e+03 9.0143359391403e+01 2.8976325797736e-03
219 2.4595527162282e+04 1.6501218315801e+03 7.8174404341072e+01 3.1904050634271e-03
220 2.4539310981242e+04 4.1836665318702e+03 8.9636861512309e+01 3.8663148406541e-04
221 2.4479986848075e+04 5.9102714291730e+03 9.0569221658575e+01 3.5563934617534e-04
222 2.5091336093657e+04 1.5883036299683e+03 7.9624458883293e+01 3.4753060636107e-03
223 2.5036863430565e+04 1.3665233338757e+03 9.9766669293199e+01 3.5786456095593e-03
224 2.5058277357722e+04 2.2242101171273e+03 8.9058503846274e+01 2.2051786551912e-03
225 2.5069723453026e+04 2.8628344796108e+03 8.9018148977854e+01 1.1455724619528e-03
226 2.4181318110306e+04 1.3316404361331e+03 -9.1765656219033e+01 3.6241090245455e-03
227 2.4178507264376e+04 2.8691563998822e+03 9.1185244716988e+01 1.0678223689572e-03
228 2.4212944529707e+04 5.7842888364709e+02 -9.2083401233791e+01 3.0563942773479e-03
229 2.4201988799339e+04 1.2956033255899e+03 9.5470837052386e+01 3.7683183663347e-03
230 2.4765386771731e+04 2.5354225648771e+03 -6.9709720027598e+01 1.6159421849274e-03
231 2.4439697981927e+04 2.8011009820002e+03 9.0703577885330e+01 1.1563692165557e-03
232 2.4469527984504e+04 1.7678902247839e+03 8.5183400326370e+01 3.1998356497987e-03
233 2.4441521541044e+04 2.5082904735127e+03 9.0722345044190e+01 1.6980914490170e-03
234 2.4453149001354e+04 1.8266913920799e+03 9.0335582713500e+01 3.0852395228990e-03
235 2.4469726142824e+04 2.0045447962238e+03 8.9785203961960e+01 2.3853831545739e-03
236 2.4471781384453e+04 1.7303462106119e+03 8.9598263342261e+01 2.8515195140764e-03
237 2.4506825639058e+04 1.9076085523027e+03 -8.5039662366413e+01 2.7859067270455e-03
238 2.4859938658433e+04 2.0475270725958e+03 8.8779400730096e+01 2.5608412615399e-03
239 2.4836754880214e+04 2.6971563184305e+03 9.1074945591470e+01 1.3413891499434e-03
240 2.4863112120169e+04 3.1154170814781e+03 8.9799603335108e+01 7.7811357259063e-04
241 2.4833248660523e+04 2.3168846765655e+03 9.1088785347213e+01 1.9769875796211e-03
242 2.4803730815515e+04 3.0316442968993e+03 8.9692439765884e+01 9.0943923442071e-04
243 2.4795009104297e+04 2.7599835038664e+03 9.0102965192483e+01 1.2409248904439e-03
244 2.4263436445980e+04 3.5838694350132e+03 8.9562548032420e+01 5.2164337772336e-04
245 2.2757421531478e+04 2.9628146031013e+03 8.9716964808290e+01 9.0560958590949e-04
246 2.2785892601394e+04 3.4512418360910e+03 9.0055055365006e+01 5.4584410112705e-04
247 2.3123121665931e+04 2.3845360667390e+03 9.1310004733640e+01 1.7365661812849e-03
248 2.3150955171217e+04 4.2146518843545e+03 9.1140059043219e+01 5.0053896057604e-04
249 2.2720457410721e+04 2.6781455866924e+03 8.8697103479745e+01 1.4760013685506e-03
250 2.2704125620550e+04 3.5874083716166e+03 8.9837070438233e+01 4.9458902716118e-04
251 2.2596081673946e+04 3.6904347211952e+03 9.0878528579342e+01 4.6059432985846e-04
252 2.2602986216027e+04 2.4397935139397e+03 -9.1054428048296e+01 1.6423380374301e-03
253 2.3055617705197e+04 4.1225483831505e+03 8.8312649290858e+01 1.0843507514948e-03
254 2.3165403721231e+04 4.0801127660624e+03 8.9486626914082e+01 3.9198979213103e-04
255 2.3020599016317e+04 3.8062723633752e+03 9.0571198525013e+01 4.3191990018333e-04
256 2.3024205385662e+04 2.7425508918687e+03 8.9196750000053e+01 1.0498825783052e-03
257 2.2980893769980e+04 2.5432911330326e+03 9.1986737224750e+01 1.4923090725446e-03
258 2.2967318434864e+04 2.0985076810741e+03 9.3976727869257e+01 3.7933082952676e-03
259 2.3019307461075e+04 2.5126805160737e+03 8.9648624574323e+01 1.4542777637971e-03
260 2.3002723048663e+04 2.7319418153190e+03 8.8668237524764e+01 1.1214226248035e-03
261 2.2867897695942e+04 3.6137926726176e+03 8.9720832249742e+01 4.7198394621542e-04
262 2.3322804103379e+04 3.5699746008714e+03 9.1334540165442e+01 7.5089326499798e-04
263 2.3317396486202e+04 1.3079467747356e+03 -1.0051043998575e+02 3.6541655086829e-03
264 2.3375828868455e+04 1.8384837755430e+03 8.5132070104787e+01 2.8252715655317e-03
265 2.3188323189303e+04 3.1096205587514e+03 -8.6036271823761e+01 7.2772407718775e-04
266 2.3125028212873e+04 3.1607389253638e+03 8.8196239838389e+01 7.1550970910383e-04
267 2.3109689999045e+04 4.0943040967237e+03 8.9602965011048e+01 3.9439195781152e-04
268 2.3185750649708e+04 1.8281618163856e+03 8.4218576183447e+01 2.8158666528752e-03
269 2.3182651303403e+04 3.1668667224261e+03 8.9365751704682e+01 6.8886565256564e-04
270 2.3164448926767e+04 2.1534894017722e+03 9.0020166744814e+01 1.8004878037139e-03
271 2.1927231011537e+04 2.7009234065516e+03 -8.7642912815382e+01 1.1905298836423e-03
272 2.1899990240255e+04 1.4007017884413e+03 -8.7468675214401e+01 3.6485425051789e-03
273 2.1912672436745e+04 2.4938467042230e+03 8.8361221904952e+01 2.1489510780902e-03
274 2.1875756824854e+04 1.8637922905611e+03 9.1645108233122e+01 3.4447837594115e-03
275 2.1932307714921e+04 1.5932032965670e+03 7.8103682499699e+01 3.3542121019278e-03
276 2.1829902936584e+04 4.1785502193198e+03 8.8813674934531e+01 3.7895783023693e-04
277 2.1829197555212e+04 3.1124918608880e+03 8.9389564004856e+01 7.5627928101364e-04
278 2.2349360792953e+04 2.4688892305321e+03 9.8336742771469e+01 1.6097208482623e-03
279 2.2422558562157e+04 1.3292894343250e+03 -8.0418693002343e+01 3.7338797326142e-03
280 2.2419967857077e+04 2.2078538751416e+03 8.8085855820251e+01 2.0730888236738e-03
281 2.2040750865832e+04 3.6103913100056e+03 9.1047889793333e+01 4.7704628498579e-04
282 2.2061398687453e+04 2.4362244870699e+03 1.2079255943940e+02 1.4981305678851e-03
283 2.2098012112827e+04 2.1826027438321e+03 8.7237086965308e+01 5.7940238527158e-03
284 2.2626627148377e+04 5.5623453494472e+02 8.6632447031765e+01 3.7651783726804e-03
285 2.2623853589128e+04 1.5109876039721e+03 8.9040800121277e+01 3.5934768779575e-03
286 2.2558945014189e+04 1.9405534477900e+03 -9.7388686661068e+01 2.7162600313579e-03
287 2.2605551290444e+04 1.9735457301850e+03 8.4995087969399e+01 2.7144847478136e-03
288 2.2617197630761e+04 2.1501348514543e+03 8.5520959266875e+01 2.2740765141077e-03
289 2.2585741064480e+04 2.2519140136312e+03 9.0459671566684e+01 2.0445352217603e-03
290 2.1886768625662e+04 9.6638019952690e+03 9.0102515334874e+01 3.5647695071601e-04
291 2.4017529840468e+04 2.7908659257087e+03 9.3005818805571e+01 8.9077642917301e-04
292 2.4208031760948e+04 5.6132818260404e+03 8.9521946384532e+01 3.5574231964920e-04
293 2.4840653484817e+04 2.0319850395168e+03 8.0014978513396e+01 2.5555934423388e-03
294 2.4817019467959e+04 1.2110996583319e+03 -9.0335912434093e+01 3.8616449783644e-03
295 2.4799171015844e+04 3.4296847080090e+03 9.0911752929901e+01 5.8654706065431e-04
296 2.4553486866469e+04 2.0112571747903e+03 9.0103603917720e+01 2.6772917260078e-03
297 2.4569209214207e+04 2.6451991416055e+03 8.9469425689965e+01 1.3437155193595e-03
298 2.4541139407749e+04 3.4003677327497e+03 9.0836859103253e+01 6.2336224354065e-04
299 2.4574273209657e+04 2.8611506324415e+03 8.9112783120119e+01 1.0500334529905e-03
300 2.4230914000603e+04 3.4251076424737e+03 8.3731618605485e+01 5.7631013979387e-04
301 2.4217069305941e+04 2.9779470997446e+03 8.9826646187226e+01 9.0305668680324e-04
302 2.4201071124677e+04 2.6625402747284e+03 9.1958530551428e+01 2.6451633599458e-03
303 2.4252324540318e+04 5.5530692677171e+03 8.9740223850178e+01 3.5789500427183e-04
304 2.4266724000679e+04 4.1033446329839e+03 8.9571954985992e+01 3.9117518733732e-04
305 1.0008505176379e+04 2.7507116664141e+03 8.7434488447898e+01 3.8804057000276e-03
306 1.0320855110512e+04 3.1328445508235e+03 8.9540710664367e+01 4.7388844401505e-04
307 1.0326722309280e+04 2.0958375078209e+03 8.8764816181274e+01 1.5610652479560e-03
308 1.0322909428129e+04 1.9499724784578e+03 8.8821364576947e+01 1.6343461589131e-03
309 1.0343019232021e+04 3.1548749544835e+03 8.8675193186986e+01 7.0521404794437e-04
310 1.4711861133131e+04 2.1115062654983e+03 9.3519115750622e+01 4.2837211703244e-03
311 1.7310768871835e+04 2.2624196641794e+03 9.6429086893002e+01 1.5707040597789e-03
312 1.7373982843305e+04 2.1119106643517e+03 7.8809229818774e+01 1.5571805024268e-03
313 2.2052834115333e+04 6.6735245938873e+02 8.9853401048187e+01 3.7694975914970e-03
314 2.2064797221213e+04 1.0491547310632e+03 8.9215520032350e+01 3.3764789639607e-03
315 2.2138103777921e+04 2.2135357549328e+03 8.7424738762286e+01 4.8020407878387e-03
316 2.2122740596402e+04 1.2362734798975e+03 -8.8201392709367e+01 3.2616796634428e-03
317 2.2071551087640e+04 2.3516372983253e+03 9.3224030859650e+01 1.6867800015961e-03
318 2.2109687351809e+04 2.2975430966803e+03 8.9967332016500e+01 1.6567187934697e-03
319 2.2111386305489e+04 1.8529875467517e+03 8.9813782099661e+01 2.3927334321729e-03
320 2.2145241451514e+04 1.6001436427934e+03 8.7980110229370e+01 3.0542431642470e-03
321 2.2101605442866e+04 2.2082466447557e+03 9.0254939249703e+01 1.9124133736053e-03
322 2.4575779883793e+04 2.1629083618688e+03 9.0769068811513e+01 2.1637846858457e-03
323 2.4586402113352e+04 1.8962721869391e+03 8.8732813990485e+01 2.9622737987524e-03
324 2.5108916438526e+04 3.3812203709720e+03 9.1005970412755e+01 6.8976061451682e-04
325 2.5125011131271e+04 2.6352793099309e+03 9.0715076702715e+01 1.4537883838159e-03
326 2.4123079888991e+04 1.3959168137884e+03 7.9618794052992e+01 3.5141890236974e-03
327 2.4064703626648e+04 1.0870968768484e+03 -1.0173187586590e+02 3.8387502557723e-03
328 2.4044079762174e+04 1.9632232259418e+03 -1.0241909472409e+02 2.5463540466747e-03
329 2.4099742268988e+04 3.2656084494104e+03 8.9062829306194e+01 7.2538299740723e-04
330 2.5423983353814e+04 2.0699388915488e+03 -8.8542423364556e+01 2.2143290466370e-03
331 2.5987075826991e+04 2.8024912683050e+03 8.7747064861298e+01 3.4956256802352e-03
332 2.5962243179447e+04 2.7540730013571e+03 8.9839589091750e+01 1.3100602440203e-03
333 2.5896130820330e+04 1.4829818017232e+03 -8.9706673505590e+01 3.4098114021264e-03
334 2.5783845097992e+04 2.4418927993258e+03 9.1618924694687e+01 2.2775449767369e-03
335 2.5812181912245e+04 1.7832847631747e+03 -8.4585717893152e+01 3.1894589495916e-03
336 2.2692759141180e+04 4.3639737043884e+03 8.9267760057129e+01 3.6994688474387e-04
337 2.2899895353494e+04 3.4348358257342e+03 9.1744027339604e+01 5.5847759036226e-04
338 2.2934702216396e+04 1.8529980081965e+03 8.4989393171996e+01 2.9192933110324e-03
339 2.2934886229477e+04 2.0032825585339e+03 8.7341107510082e+01 6.0574319592505e-03
340 2.2950629130196e+04 3.1898805529041e+03 8.6857436383119e+01 7.1386796166781e-04
341 2.2899243580998e+04 2.2497414843465e+03 9.1877081212133e+01 2.0371789352384e-03
342 2.2188086290062e+04 2.3787853728352e+03 9.0508801464278e+01 1.7262788918184e-03
343 2.2203604738852e+04 2.3001264696488e+03 8.9820710526834e+01 1.9280575118065e-03
344 2.2225647770166e+04 1.7675862256415e+03 8.7885053504042e+01 3.0148798463002e-03
345 2.2228800421166e+04 2.9099333465063e+03 8.8394381761471e+01 1.5139376887469e-03
346 2.2845116142959e+04 2.2664731470449e+03 1.1233876050794e+02 2.0353654399755e-03
347 2.2901634199613e+04 2.8737314413277e+03 8.8803635207125e+01 1.1804981444220e-03
348 2.2883519153354e+04 3.1806676619793e+03 9.0133213499604e+01 7.2394197955642e-04
349 2.2835059944595e+04 3.8383085869471e+03 8.9717632106382e+01 4.3084177218909e-04
350 2.2577237175017e+04 3.4911822895604e+03 -8.7870161236179e+01 5.3131236713937e-04
351 2.2567727216276e+04 1.5960252276085e+03 -8.7599561029379e+01 3.3950060530526e-03
352 2.2114713782065e+04 4.2848483663409e+03 9.0548473622809e+01 3.8084714159958e-04
353 2.2153806343387e+04 2.0159319723528e+03 8.1321218068169e+01 2.3251338130514e-03
354 2.2899727173394e+04 2.4976709237569e+03 -7.7511847421359e+01 1.5812801470395e-03
355 2.2866823724214e+04 2.9208134075098e+03 8.3505095620044e+01 9.4091576040882e-04
356 2.2522840745418e+04 3.5683880443697e+03 8.7363510415357e+01 4.9786058242062e-04
357 2.2458266375252e+04 2.7773626510957e+03 9.3225319618151e+01 1.1294432135682e-03
358 2.3123850033007e+04 4.0104637801082e+03 9.0362096936766e+01 4.0426568924835e-04
359 2.3142414638498e+04 2.1870668676785e+03 -7.8581141547964e+01 2.2421278234881e-03
360 2.3145732883554e+04 1.2309901148337e+03 8.7646274026941e+01 3.7860381601357e-03
361 2.3163000414405e+04 2.2618580091543e+03 8.8770663670872e+01 2.2252141602834e-03
362 2.2949077881425e+04 3.0709686874446e+03 9.2905183428711e+01 4.6871340467605e-03
363 2.2530075223816e+04 2.3031564157901e+03 -9.1661439216413e+01 1.9265874496256e-03
364 2.5119857869178e+04 2.3843401665327e+03 9.2556764002576e+01 4.7450133069160e-03
365 2.5116436695333e+04 3.8490412468539e+03 9.0582928039186e+01 4.2116816449862e-04
366 1.6731396274393e+04 3.8423976819083e+03 8.8638564930219e+01 3.8989374544679e-04
367 1.7240682782320e+04 3.8662338956424e+03 8.7204268243512e+01 4.1403858960955e-03
368 1.7229268076742e+04 3.4964140707560e+03 8.8486802131643e+01 4.5082340397082e-04
369 1.6853157274068e+04 2.8369687078944e+03 8.5133756456650e+01 8.9309107688381e-04
370 1.7587819333678e+04 -4.2091240607133e+02 9.2306507016804e+01 4.7637676220545e-03
371 1.7593762139505e+04 8.2369260414665e+02 9.1053773554654e+01 3.8978020694592e-03
372 1.7622498059843e+04 1.0412678894386e+03 8.7351686486443e+01 3.8296257168134e-03
373 1.6808499067143e+04 9.7411695710693e+02 -9.3171809222429e+01 3.8213291218093e-03
374 1.6807338326047e+04 1.7845590526359e+03 9.2199883928383e+01 4.6032902108326e-03
375 1.6846344765194e+04 1.5984591364107e+03 8.8849845944153e+01 2.9406665846999e-03
376 1.6838217351191e+04 5.2368171719939e+02 -6.8963770733162e+01 3.8840442535749e-03
377 1.6813934371086e+04 2.0444462698869e+03 9.0935939577596e+01 1.9861054279448e-03
378 1.6830623315174e+04 2.2042596777832e+03 8.9515723937991e+01 1.6790965087193e-03
379 1.7193857716208e+04 4.7825691354502e+03 8.9895296362185e+01 3.5785502050288e-04
380 1.7285219973925e+04 1.7218231677042e+03 -7.5744305191439e+01 2.7117013341654e-03
381 1.7247424717456e+04 2.2441603480612e+03 9.1972790682217e+01 1.6375027816102e-03
382 1.7228449792780e+04 3.1479301059928e+03 9.1390269911455e+01 8.8348739837829e-04
383 1.7313769967864e+04 2.7862434694999e+03 8.8884308813355e+01 9.7193764595400e-04
384 1.7520375773640e+04 3.0220315640122e+03 8.7675742401701e+01 6.7642562652442e-04
385 1.7521871578751e+04 1.3547315066481e+03 9.0000159213934e+01 3.3348996704346e-03
386 1.7509447854085e+04 2.0526988700170e+03 9.0552700708091e+01 2.0171135484038e-03
387 1.7508350777555e+04 2.1934472232882e+03 9.0542247835748e+01 1.7436388107848e-03
388 1.7559206676069e+04 2.4601331396703e+03 8.7602166602893e+01 1.2717807690538e-03
389 1.7519918015876e+04 5.2248092120881e+02 8.1979819336690e+01 3.8495317537291e-03
390 1.7420284185767e+04 5.1254034025489e+02 9.8257798225749e+01 3.8683689734097e-03
391 1.7149732116377e+04 3.3514957145071e+03 3.6634349579104e+01 4.9618688678240e-04
392 1.7071654664818e+04 3.2326420577010e+03 1.3700922730828e+02 5.4148044125500e-04
393 1.6766155283887e+04 2.9212358942257e+03 9.0608372471846e+01 7.1991586281690e-04
394 1.6720204823946e+04 2.9704276786851e+03 8.9816202599015e+01 6.8854290527309e-04
395 1.7129738909982e+04 2.6693909333321e+03 9.0431759469882e+01 9.6431703772327e-04
396 1.7140951291115e+04 2.3633806452183e+03 8.9905942793538e+01 1.3796714545538e-03
397 1.7162091768274e+04 9.2195975634088e+02 8.8543237142833e+01 3.6637190958677e-03
398 1.7159434631623e+04 1.1877514100014e+03 8.8980400629154e+01 3.5032682550678e-03
399 1.7167079444029e+04 3.9503914425646e+03 9.0471148181609e+01 3.8083638960654e-04
400 1.7346306437275e+04 2.1488584033556e+03 7.3405168282519e+01 1.8218511103000e-03
401 1.7354267087685e+04 2.9027183385803e+03 8.9654743186479e+01 7.6653768802953e-04
402 1.7378639831046e+04 8.7812410623014e+02 -8.7949800636812e+01 3.9055234593453e-03
403 1.7364820073113e+04 1.2582279689135e+03 -8.7990377177156e+01 3.5760722885425e-03
404 1.7673333954898e+04 3.6242890978103e+03 8.7824433197849e+01 4.2842594864895e-04
405 1.7659564307488e+04 2.3524104917215e+03 8.7031361072276e+01 5.3803854604299e-03
406 1.6759790510671e+04 2.7246971799837e+03 -8.9966581275090e+01 8.9252971398752e-04
407 1.7122548672932e+04 3.1180838360929e+03 8.9612157139119e+01 6.0357224286242e-04
408 1.7107507380268e+04 2.1194254768076e+03 9.0041412992089e+01 1.8663221786370e-03
409 1.7170775066066e+04 3.9050082374993e+03 9.0331278410348e+01 3.8541100037394e-04
410 1.7213602160115e+04 1.5427683568868e+03 8.9213752741384e+01 3.0557852304546e-03
411 1.7187283247515e+04 1.3101723714283e+03 1.6882742225789e+02 3.4065946920129e-03
412 1.7201350750491e+04 1.0250995174911e+03 -1.1533560502017e+02 3.8325981694189e-03
413 1.7184424609294e+04 1.4221634807020e+03 9.3768620685910e+01 3.3101933010652e-03
414 1.6813672954824e+04 1.6825175139008e+03 9.3845765239742e+01 4.5155041141164e-03
415 1.6763209939439e+04 1.4280671805118e+03 -1.7435213985892e+02 3.0695273868735e-03
416 1.6856495678820e+04 2.6652470295850e+03 8.7637325692441e+01 9.3651199499435e-04
417 1.6858626235413e+04 1.4874960614984e+03 -8.8186228570086e+01 3.0441798960887e-03
418 1.7188893921530e+04 3.2007056464300e+03 9.0152754909881e+01 5.5111486243823e-04
419 1.7218060473818e+04 2.0725676917309e+03 8.7133636032941e+01 5.6547733793082e-03
420 1.6458460761839e+04 2.7621656394813e+03 9.0035810137676e+01 8.3552525899894e-04
421 3.3065806929512e+04 5.8308987841815e+03 9.0180078765216e+01 3.5594317148087e-04
422 3.3130601415870e+04 1.6163607827703e+03 -8.8469349483988e+01 2.4618960817512e-03
423 3.3025437970601e+04 2.9420993049732e+03 8.9092968582230e+01 1.1861576236807e-03
424 3.2978993454174e+04 4.1268322069848e+03 9.0034422492660e+01 4.4447796869530e-04
425 3.2611694165938e+04 3.9657875828727e+03 8.9852731129508e+01 4.8780604040322e-04
426 3.2064759322929e+04 2.7911658516573e+03 -9.5748546764010e+01 1.7255095862923e-03
427 3.2098221172765e+04 3.4077755188867e+03 8.9634577217337e+01 7.6690861686831e-04
428 3.2276754538016e+04 2.7961695368865e+03 9.0975180716784e+01 1.6226350443415e-03
429 3.2281754766315e+04 2.0519095996008e+03 -9.5864113120129e+01 2.8982054114261e-03
430 3.2248806145823e+04 2.3645426556966e+03 -9.9992630202368e+01 2.3198981158605e-03
431 3.2212407126178e+04 3.4601012686562e+03 9.0782868808325e+01 7.5288166444596e-04
432 3.2245268514021e+04 2.0165692954078e+03 -8.7716692624242e+01 2.7886892536327e-03
433 3.2242851794229e+04 2.1266588850596e+03 8.8391984140387e+01 3.3210220723419e-03
434 2.9689121771480e+04 4.8107378778300e+03 8.3100777563291e+01 3.6291777472128e-04
435 2.2096920947757e+04 5.4009818337599e+03 9.0198046518212e+01 3.5596876232837e-04
436 2.2373503638633e+04 3.5806789633214e+03 9.1720734520292e+01 1.2322374098309e-03
437 2.1640665869371e+04 3.1153814622641e+03 9.4332570262908e+01 7.2930456001534e-04
438 2.1334395865285e+04 5.0285558582524e+03 8.9665919428762e+01 3.5666716945526e-04
439 2.2314253269049e+04 3.7238508976626e+03 8.4512049315916e+01 4.5024568319539e-04
440 2.2070647947841e+04 4.0502255132976e+03 9.0778819222767e+01 4.1962044396076e-04
441 2.2115915585255e+04 2.8574177767693e+03 8.9115500769554e+01 1.0556798999299e-03
442 2.2052626712906e+04 5.5280747777816e+02 -8.6594931701716e+01 3.7887594426424e-03
443 2.2032470848295e+04 2.0874935612145e+03 8.9992670125839e+01 2.3094653333682e-03
444 2.2039433853324e+04 1.5513210878960e+03 8.3927585967164e+01 3.4348617723784e-03
445 2.2074412519861e+04 2.1285933793763e+03 8.6194234109460e+01 4.3151783302735e-03
446 2.1563876191733e+04 3.8606277188096e+03 8.9087828350091e+01 4.1418259881650e-04
447 2.1557712670008e+04 3.1522093443305e+03 8.8810506470002e+01 8.5093630398695e-04
448 2.1963266840623e+04 1.9093801448164e+03 9.2277827080879e+01 5.0365145595333e-03
449 2.1944389470693e+04 2.5834190237986e+03 9.1663451950218e+01 1.3893274810269e-03
450 2.1918546962963e+04 6.3637438125170e+02 -9.2298940066072e+01 3.7309782546929e-03
451 2.1963092335379e+04 2.6313079696866e+03 9.0090986753237e+01 1.3133451663374e-03
452 2.1913949558026e+04 2.4589852562837e+02 -9.2224732368485e+01 3.3902755638131e-03
453 2.1930964982174e+04 7.8195117038122e+02 9.0382278342380e+01 3.9061630657383e-03
454 2.2540706486911e+04 2.6437863103895e+03 -9.0098282742137e+01 1.3310455883959e-03
455 2.2555740208080e+04 1.8148756862664e+03 8.8542885653430e+01 3.2889389747843e-03
456 2.2539003552639e+04 1.5302175729453e+03 8.9967666281263e+01 3.4634732480737e-03
457 2.2543721095826e+04 6.5853948973781e+02 -8.9676737940296e+01 3.8544794525016e-03
458 2.2545461155354e+04 2.7071052934020e+03 8.9608616524689e+01 1.2315314746504e-03
459 2.2346276380075e+04 1.6220898316334e+03 8.9915483360621e+01 3.3185788100604e-03
460 2.2359576846522e+04 2.1356161182289e+03 8.8987281561415e+01 2.2214564817612e-03
461 2.2339436297710e+04 3.4881154816130e+03 9.0295710871877e+01 5.2840291309279e-04
462 2.2633905405573e+04 2.3121243163391e+03 8.9202460236675e+01 1.9194641984451e-03
463 2.2616789582462e+04 2.3722367988088e+03 9.0705174622943e+01 1.8150655077577e-03
464 2.2592571974161e+04 5.1590045989357e+03 9.0254704187262e+01 3.5841372780953e-04
465 2.2632048885535e+04 2.7355044135149e+03 8.8338975411187e+01 1.8508749574391e-03
466 2.2592364839505e+04 2.9167082043083e+03 9.0455323577361e+01 9.5381491373640e-04
467 2.2627801202399e+04 2.6121905445168e+03 8.8686653422091e+01 1.6159757795450e-03
468 2.2976064850144e+04 3.3243325639429e+03 9.3197961933091e+01 4.3845965236217e-03
469 2.3007303249839e+04 3.2577217159800e+03 8.7807039380106e+01 2.6990693828574e-03
470 2.2987793746036e+04 4.6027468013515e+03 8.9337578359766e+01 3.6187558354120e-04
471 2.2376700752654e+04 1.2891760903733e+03 -8.7589955221334e+01 3.7711508644580e-03
472 2.2345986350940e+04 2.0701561022476e+03 9.2151582318044e+01 4.3064637454529e-03
473 2.2356571447523e+04 3.0472580740650e+03 9.2177393762216e+01 8.1752790538461e-04
474 2.2290840878725e+04 1.4888322710517e+03 -9.2243118315209e+01 3.5405382969707e-03
475 2.2307765027953e+04 2.9956616161658e+03 8.8018870175304e+01 2.2258447223977e-03
476 2.2259548761312e+04 2.7356272476046e+03 9.4443555001729e+01 1.6293671247184e-03
477 2.2611509699047e+04 5.9798002644350e+02 -8.7050469892592e+01 3.5383585433523e-03
478 2.2617835430281e+04 1.5890297458369e+03 8.8396344614582e+01 3.3315703499010e-03
479 2.2402549014535e+04 3.0391204564698e+03 9.1053996040244e+01 8.0532823262758e-04
480 2.2427659905012e+04 2.6930169040815e+03 8.8859943157379e+01 1.2497459911262e-03
481 2.2455769266401e+04 2.4058124430976e+03 8.5276744642852e+01 1.9043105805337e-03
482 2.2422229982198e+04 2.4365493364367e+03 9.1118450022763e+01 1.7941296590453e-03
483 2.2455680427425e+04 1.8100023740528e+03 8.1198986792119e+01 2.9365671962458e-03
484 2.2445827587115e+04 1.9457243644369e+03 8.9365015471837e+01 2.6097427872510e-03
485 2.2443416330835e+04 2.9530062382559e+03 8.9849795703183e+01 8.9315288448986e-04
486 2.2209702565277e+04 2.0042811852159e+03 7.9231681876192e+01 2.4826259800088e-03
487 2.2176209948841e+04 2.1872822966273e+03 9.1624500181761e+01 2.0698771614342e-03
488 2.2162935648509e+04 3.2132506954023e+03 9.0302619048647e+01 6.6594785577240e-04
489 2.2141081741368e+04 2.8503187265652e+03 9.2354530079611e+01 9.9928101588946e-04
490 2.2163737839473e+04 3.0472323826080e+03 8.9616159762381e+01 8.0693799354731e-04
491 2.2160653143998e+04 1.7951943431902e+03 8.5252091693404e+01 3.1728680650617e-03
492 2.2264688053546e+04 3.2018927006957e+03 8.5222604043999e+01 6.8457356707811e-04
493 2.1945949084437e+04 4.2909251518807e+03 8.8383583286988e+01 9.4852549702410e-04
494 2.2298635821288e+04 2.9823170804629e+03 9.1608425094188e+01 1.4071057405471e-03
495 2.2335229599187e+04 3.9442177048495e+03 8.8586386739528e+01 7.1581604038675e-04
496 1.8271098144658e+04 4.9432294192236e+03 9.0827325925158e+01 3.9126602096255e-04
497 1.7846982784653e+04 3.3141706285511e+03 8.9161298411412e+01 5.5596217613893e-04
498 1.7869229158386e+04 3.5173676087487e+03 8.8613268774651e+01 4.5380160946321e-04
499 2.0203780871535e+04 3.9157407346720e+03 9.0602632833167e+01 3.9777698355424e-04
