0 1.4670550494190e+04 3.2337508707791e+04 -2.6633326070906e+01 1.9427590228075e-03
1 1.4735356850036e+04 3.2321020177006e+04 -2.3010470140662e+01 3.0228799315313e-03
2 1.4729842262063e+04 3.2382085703002e+04 -5.0807917958049e+00 1.1595198518933e-03
3 1.8610495480953e+04 3.1767573285749e+04 -1.3476494424729e+01 1.6779934016011e-03
4 1.8048678466057e+04 3.1849688827815e+04 1.7913403758058e+02 2.5582425459456e-03
5 1.8505961657997e+04 3.1845147225613e+04 -6.3021577746483e+00 2.5859763702583e-03
6 1.9528997306492e+04 3.1887048865144e+04 5.2340178065712e+00 2.6830404562358e-03
7 1.8730610210778e+04 3.1804304967751e+04 2.3444890292971e+00 2.3767876121817e-03
8 1.6183622567539e+04 3.1898948100632e+04 1.7465788488093e+02 3.5037743370240e-04
9 1.7099970455549e+04 3.1800014447482e+04 -6.9865184709811e+00 3.9257850039225e-04
10 1.7160263309957e+04 3.1799011469364e+04 -6.4345922442850e-02 2.1896003899814e-03
11 1.8040560517150e+04 3.1786398923716e+04 -4.9769781846902e-01 2.7700563807889e-03
12 2.0353689252219e+04 3.2015369059699e+04 9.1808735852728e-01 1.3333569775705e-03
13 1.8209532756691e+04 3.1722922373890e+04 4.7939740947472e+00 2.6911836672415e-03
14 1.8266648542124e+04 3.1664615786425e+04 -4.9329730788247e+00 2.0740137178118e-03
15 1.9426459073802e+04 3.1558069668601e+04 -2.2928467830830e+01 4.9031914634504e-04
16 1.5913698279744e+04 3.1558857650639e+04 -5.8360370451480e+00 1.1935324163200e-03
17 1.6835227585199e+04 3.1165174042868e+04 -1.4386047753337e+00 1.9063213008782e-03
18 1.7247150256206e+04 3.1161102752300e+04 -1.7088957546989e-01 1.8895175898681e-03
19 1.6505438892396e+04 3.1220565543240e+04 3.5799672660668e+00 2.0621168268831e-03
20 1.7646157498657e+04 3.1362517328331e+04 1.6197619573398e+00 1.9823722448290e-03
21 1.7140251890268e+04 3.2091968716586e+04 7.8868105893702e-01 2.8079315525447e-03
22 1.7093546751568e+04 3.2011140032595e+04 -3.4631580364372e+00 1.0795403507093e-03
23 1.7440221682759e+04 3.1887310259916e+04 -1.7326814320840e+02 2.9245368017736e-03
24 2.0756927850468e+04 3.1882712718847e+04 7.7526474307887e-01 2.5229068023353e-03
25 1.9511952980736e+04 3.1866383849317e+04 1.3482867319757e+00 2.7532144156066e-03
26 1.7429598244465e+04 3.1501993722762e+04 -8.6664917996406e+00 1.7275156579849e-03
27 1.8526641428488e+04 3.1586357370217e+04 -1.4025952565511e-01 2.3550198815200e-03
28 1.9081166858665e+04 3.1787473892519e+04 4.2518205816081e+00 1.5305697216059e-03
29 1.4714691448435e+04 3.2360074076786e+04 -1.7734474149266e+02 2.5337441371034e-03
30 1.5934420953130e+04 3.2383033277069e+04 2.8162382003021e-01 3.0632412590820e-03
31 1.6269699150298e+04 3.2493609905646e+04 -1.7393056994084e+02 1.0190615999044e-03
32 1.6105770197523e+04 3.2385699533695e+04 -1.7860565645925e+02 3.0460316009810e-03
33 1.6309208879438e+04 3.2377705495450e+04 -1.7542080849928e+02 3.0155491322335e-03
34 1.6323525365412e+04 3.2349877706987e+04 1.7797366180912e+02 2.0267421084710e-03
35 1.8146174332031e+04 3.2613627085179e+04 1.3612079413128e+02 3.0154903038674e-03
36 1.3969158994899e+04 3.2840988786686e+04 1.2265713811865e+02 2.7939696028062e-04
37 1.7682645359188e+04 3.2853454126884e+04 1.1610510271096e+00 2.3231722434402e-03
38 1.5341948452633e+04 3.2799082555673e+04 -1.7850635854356e+02 2.1557378356949e-03
39 1.7654441365791e+04 3.2542930502568e+04 -1.5920902934346e+01 6.4139149557417e-04
40 1.9547870708293e+04 3.2481556676701e+04 1.5600018752998e+00 2.9320006278877e-03
41 2.0302822020932e+04 3.2463299827987e+04 1.3496137047800e-01 3.0641578543109e-03
42 1.9931843223552e+04 3.2453049546020e+04 -4.2584253758649e-01 2.9426635660101e-03
43 1.9979013500622e+04 3.2475480948757e+04 8.4119283605997e-01 3.0119263329918e-03
44 1.6676718223621e+04 3.2604778732478e+04 -7.2236131972655e+00 1.3063864629655e-03
45 2.2216587721982e+04 3.1630002367806e+04 5.8584798431425e-01 1.0589766866668e-03
46 2.2170449042008e+04 3.1784955313534e+04 9.6594931633946e+01 2.3367700728470e-03
47 1.8513535736190e+04 3.1592888726517e+04 4.7475100040181e+00 2.2338003853612e-03
48 1.8801286418296e+04 3.1670497588329e+04 1.3439945868858e+01 2.3062762026288e-03
49 1.9747219078885e+04 3.1429441909843e+04 -4.1953488814470e-01 1.8989696147973e-03
50 2.0205218763158e+04 3.1764769998732e+04 -4.8247355725133e-01 1.3033189755107e-03
51 1.9210806766062e+04 3.1842260042695e+04 1.9398072676855e+00 2.0010616453934e-03
52 1.7662197778028e+04 3.1808150253227e+04 -1.1508525010068e+00 2.7449642863195e-03
53 1.6361811645608e+04 3.1907159041736e+04 -3.2445402600782e+00 1.4794897675381e-03
54 1.6195818438862e+04 3.1982368512201e+04 8.3275533363880e+00 2.9435612634761e-03
55 1.7454801019582e+04 3.1173504251037e+04 -3.6129038239728e+00 1.5547226322413e-03
56 1.5164137623659e+04 3.0877185348844e+04 -2.4862383926465e+01 1.0626736845050e-03
57 1.5615011411565e+04 3.0816528052964e+04 -2.9402745788600e+00 9.6830563238861e-04
58 1.8870611082770e+04 3.1947664449236e+04 -1.3103991379884e+01 2.4470057475555e-03
59 1.8396067008429e+04 3.2052031328513e+04 1.7919079014173e+02 3.0019588431804e-03
60 1.9397788275960e+04 3.2077484742452e+04 2.7097027351650e+00 5.7492902324484e-03
61 2.1709320050031e+04 3.2155877062975e+04 -4.9800279830644e+00 2.9161249604090e-03
62 2.0237554301779e+04 3.2251623143740e+04 1.7759847734406e+02 3.0041179580726e-03
63 1.9401824059562e+04 3.2152574039009e+04 1.7903210903685e+02 7.8868955857231e-04
64 1.8271531856723e+04 3.1979514249106e+04 -3.4775230281372e+00 2.9092019530973e-03
65 1.7421173355991e+04 3.2032130706388e+04 -9.6763724049580e+00 2.1268821518059e-03
66 1.9173476986838e+04 3.2041449821055e+04 -5.4478236607772e-01 2.6510829944692e-03
67 1.5752453707037e+04 3.2193487304751e+04 -1.6812492406405e+02 1.6378602804491e-03
68 1.8926031755592e+04 3.2345314265201e+04 -4.0710075972820e-01 2.3424127267769e-03
69 1.5767890400771e+04 3.2024746439631e+04 1.7687366292567e+02 5.6967825301413e-03
70 1.7132676748496e+04 3.1944113467453e+04 -3.5651880796371e+00 2.5881644850384e-03
71 2.0303689649058e+04 3.2147979381738e+04 1.8308686572821e+00 7.1473153927473e-04
72 1.9684876733154e+04 3.1990705840576e+04 -1.0337069944605e+02 6.1808468263231e-04
73 2.1354658966134e+04 3.2202227165213e+04 -3.4732493188614e+00 2.9322661863502e-03
74 2.2502880747452e+04 3.2112212786278e+04 3.7916274688243e-01 2.8345286312881e-03
75 2.1116860412072e+04 3.2102909107829e+04 3.6312654284344e-01 2.5571182935627e-03
76 1.7509440486492e+04 3.2246945565038e+04 1.6872386791738e+02 2.1493192059144e-03
77 1.7770320478199e+04 3.2156094560450e+04 -2.9779347757319e+01 2.7477788970031e-03
78 1.8801595666454e+04 3.1868779266532e+04 -4.5821226233153e-01 2.1033385656422e-03
79 1.8821646845152e+04 3.1997501746117e+04 -4.8236370378579e+00 2.7589848186991e-03
80 1.9262376153260e+04 3.2063008789134e+04 9.7102410834395e-01 1.6237510811382e-03
81 2.5208113384131e+04 3.0839993529015e+04 -1.0072424569758e+00 7.8459272978733e-04
82 2.2772992309123e+04 3.1455015864435e+04 -7.1005326151716e+00 1.7614262667445e-03
83 2.3765362295242e+04 3.1505382925724e+04 4.6166421588926e-02 1.8056253372278e-03
84 2.1023969225983e+04 3.1305561051084e+04 1.7774076760420e+02 7.2914167357896e-04
85 1.9126262706411e+04 3.1373884641634e+04 -2.6345079269379e-01 1.3753074919429e-03
86 2.6951730695108e+04 3.2331746954357e+04 2.4356404972115e+00 5.0069070096428e-03
87 2.2292002025751e+04 3.2278015832495e+04 -1.7536353167203e+02 2.7486667988307e-03
88 1.3220816185819e+04 3.1305552372225e+04 -1.2864151501334e+01 1.4868926275664e-03
89 9.8191563678529e+03 3.1383491562677e+04 -1.7332022093614e+02 3.8094121951367e-04
90 1.7405608341412e+04 3.1427639569591e+04 -1.7685414268799e+02 1.7415876083677e-03
91 1.7875637531571e+04 3.1758962128273e+04 -2.4952784684686e+01 2.3099214834465e-03
92 1.5417544485176e+04 3.1807818121751e+04 5.9352885971547e+00 2.9552961667987e-03
93 1.6201164684135e+04 3.1757246964478e+04 -1.0172449312418e+00 2.8700998492174e-03
94 1.5775868072393e+04 3.1651868837326e+04 -1.7954774327386e+02 2.5556695946614e-03
95 1.6992949371464e+04 3.1626371977861e+04 -7.2650494512594e+01 2.6337681808792e-03
96 1.7515699061419e+04 3.1579654823149e+04 2.7748598324377e+00 5.4567636190920e-03
97 1.9336926440731e+04 3.1296858509672e+04 1.5179687211348e+00 1.7253512837874e-03
98 1.9150381643910e+04 3.1306496005866e+04 -4.1673055988834e+00 8.2214613796024e-04
99 1.8837969554088e+04 3.1070790877949e+04 -2.0366217337612e+00 1.5717792911575e-03
100 1.7754301018614e+04 3.1451102948565e+04 -2.6773062558667e+00 2.3209827232121e-03
101 1.9353289907513e+04 3.1388798235174e+04 -2.3490521169576e+00 1.0993510951130e-03
102 1.6799106683476e+04 3.2171277225810e+04 -1.6793948703293e+02 1.1157467219386e-03
103 1.7687369932960e+04 3.1145920246776e+04 -2.2170735608315e+01 1.6932324503076e-03
104 1.5897867339612e+04 3.1333108815832e+04 8.7389284739280e-01 4.0735877062033e-04
105 1.7680214206083e+04 3.1837631440179e+04 2.9209670492014e+00 1.3986521736032e-03
106 2.2705078387969e+04 3.1674878610534e+04 1.1988316935677e+00 1.9860583304547e-03
107 2.2551461434140e+04 3.1797215395271e+04 2.8325944533419e+00 2.1417002509708e-03
108 2.3170713886451e+04 3.2029506857914e+04 2.2897160711617e+00 4.3135095904321e-03
109 2.2026730195372e+04 3.2001393038151e+04 4.8543372871122e+00 2.6243297171947e-03
110 2.1857164286443e+04 3.1882735231923e+04 -9.0515026223096e+00 2.3917744083572e-03
111 2.1036567001777e+04 3.1431867285027e+04 -2.6859943603973e+00 1.2374580365820e-03
112 2.4215428779665e+04 3.1879504424607e+04 -1.7718309223550e+02 4.3667563351018e-04
113 1.8417074155025e+04 3.1781864940993e+04 -1.7921109346181e+02 2.2929280427205e-03
114 1.9863740481581e+04 3.1492316312706e+04 -4.1232565766934e+00 1.9274281324747e-03
115 1.8488118416463e+04 3.1573168280386e+04 1.7894847955669e+02 1.3815327122398e-03
116 1.4890834850106e+04 3.0531657245908e+04 2.1475591858223e+00 2.6295896750434e-03
117 1.7740039680572e+04 3.1096643602112e+04 1.7911825198437e+02 1.7787993603530e-03
118 1.4698349551303e+04 3.1156622942353e+04 -1.4186365526179e+00 1.4191566942076e-03
119 1.8965589909542e+04 3.1467081917666e+04 -1.5292217154422e+00 1.6355544429702e-03
120 1.6076632835543e+04 3.1225261183027e+04 6.7827313010683e-01 2.0018608116769e-03
121 1.7028642219282e+04 3.1271542272661e+04 1.5790830942781e+00 1.2852702095683e-03
122 1.5728170808052e+04 3.1295780835496e+04 -4.8272826769723e+00 1.6671182706078e-03
123 1.4898806203535e+04 3.1149237846838e+04 3.9281754233573e+00 1.9356805434320e-03
124 1.4319686686039e+04 3.1329038379727e+04 -9.1286320626897e-01 2.2999092254728e-03
125 1.3817444495252e+04 3.1337150468222e+04 -9.0567019389724e-01 2.3005705358246e-03
126 1.2967013328052e+04 3.1867117094743e+04 -1.7191887839670e+02 5.8184990533637e-04
127 1.4275339648705e+04 3.1972947121671e+04 2.0176678433765e+00 2.0030491547259e-03
128 1.4830267714648e+04 3.1820486893681e+04 2.0443035805040e+00 2.9643375326394e-03
129 1.3429554499610e+04 3.1890294538096e+04 -2.1652756850159e+00 1.7170192214942e-03
130 2.0267363438997e+04 3.2032768974986e+04 -2.5028415773010e-01 9.1572812220733e-04
131 1.7674435803675e+04 3.1992682465334e+04 -1.7193630214978e+02 2.9137356563513e-03
132 1.9660552723605e+04 3.1988895110025e+04 -7.0783488963070e+00 1.2835354064746e-03
133 1.0864999032711e+04 3.0852674264849e+04 2.0334195589127e+00 1.0198247764876e-03
134 1.3219435080702e+04 3.1496879284392e+04 -4.7578020422498e+00 1.8233992847674e-03
135 1.3432723420483e+04 3.2054444661714e+04 2.4211576555004e+00 2.9218283106567e-03
136 1.2683166412163e+04 3.1975019632531e+04 -4.7056965024247e+01 1.6806463166277e-03
137 1.4409521265049e+04 3.2046377592907e+04 8.2364703189360e-01 3.0666217114673e-03
138 1.5099321163092e+04 3.1888607511306e+04 1.7185819293124e+02 3.0132557435856e-03
139 1.3004587199266e+04 3.1988575346145e+04 -1.6758160831588e+02 1.3262982259221e-03
140 1.7714296992400e+04 3.2007784031952e+04 1.2669718126465e-01 2.9936553292781e-03
141 1.5197974866119e+04 3.1961802786901e+04 -1.7599996612518e+02 2.6591564468717e-03
142 1.9128256608262e+04 3.1570926019304e+04 -2.5214345074511e+00 6.8610083755177e-04
143 1.7061863489021e+04 3.1849678911982e+04 1.6339048927462e-02 2.2475671985208e-03
144 1.9076181617674e+04 3.1689852712100e+04 1.7668097299944e+02 1.7809622720655e-03
145 1.8745258964250e+04 3.1801324805297e+04 1.8865156227577e+00 2.7490855739345e-03
146 1.7276370670681e+04 3.1712864936255e+04 -1.7056083127231e+00 1.6895847567960e-03
147 1.6810235769540e+04 3.1729977791106e+04 1.7745053634771e+02 5.1388049425126e-03
148 1.7674052485622e+04 3.1736562857612e+04 1.4523860321085e+00 2.8482403249320e-03
149 1.5614745954150e+04 3.1872259263466e+04 1.4690420190944e-01 6.3664636527432e-04
150 1.8581263745543e+04 3.1072668569744e+04 -1.6221190362164e+02 1.5995902140002e-03
151 2.0782824180425e+04 3.1482923097093e+04 4.7765351559050e-01 1.0238894706566e-03
152 2.0368639433109e+04 3.1296757223206e+04 -2.0158272342547e-01 6.3791809554618e-04
153 2.0002511288229e+04 3.1673590139610e+04 -1.4549238721745e+00 1.5537072537023e-03
154 2.1387311845779e+04 3.1950933846767e+04 -6.8703925288165e-02 2.7302703635819e-03
155 2.1146620353843e+04 3.2162339307766e+04 6.4102069109019e-01 9.6933713728149e-04
156 2.0517575292761e+04 3.1997088758133e+04 -2.6478317896933e-01 2.8437266729068e-03
157 1.9135592084184e+04 3.2044126302460e+04 1.7281837189675e+02 2.7011827198191e-03
158 1.7413868226377e+04 3.1452306384488e+04 -1.6060736383447e+00 2.2269341904746e-03
159 1.6575077642291e+04 3.1340270937779e+04 -2.3700676349029e+00 2.2257613039186e-03
160 1.5996471701790e+04 3.1314286562466e+04 -3.4960894987502e+01 1.1431670905529e-03
161 1.2464010237168e+04 3.1606230840253e+04 6.0873656673512e+01 4.6693714180040e-04
162 1.9060537311602e+04 3.1625029558712e+04 5.5147778970875e-01 2.4468305198005e-03
163 1.9672329062079e+04 3.1782843188114e+04 1.1214777291733e+00 1.8105343029121e-03
164 1.9029807159256e+04 3.1743401930946e+04 -1.8289513361737e+00 2.6087390151890e-03
165 1.5510313004387e+04 3.1508892358159e+04 -1.6777498807983e+02 2.0819181736268e-03
166 1.6077319533881e+04 3.1592467601260e+04 4.3909103507464e+00 2.5249155147585e-03
167 1.7020708748326e+04 3.1491177628817e+04 8.2176768434047e+00 3.9368249043585e-04
168 1.6346076073361e+04 3.1350695884725e+04 -1.7849716843190e+02 1.5674209337239e-03
169 1.7643468770632e+04 3.0996973266442e+04 1.3809766677862e+00 1.5520031253387e-03
170 1.6542393854043e+04 3.1699049350807e+04 1.7332893983239e+02 2.5477448580050e-03
171 1.7453115402858e+04 3.1689157192055e+04 2.6265995465988e+00 2.7114279069731e-03
172 1.5978239999965e+04 3.1499288278397e+04 3.5509516860941e-01 2.1382157322306e-03
173 1.7824273903194e+04 3.1646036101564e+04 -6.0993199379957e-01 2.3871252497447e-03
174 1.8239622015625e+04 3.1212678928171e+04 -1.3158423630217e+02 1.1536810930827e-03
175 1.5861528284588e+04 3.1056520755923e+04 -4.3606958336382e+01 7.1333819413688e-04
176 2.1718529518046e+04 3.1459538317398e+04 -3.3272120368181e+00 1.9378742972389e-03
177 1.3444875052092e+04 3.2222303017207e+04 1.7882596956245e+02 2.8395765983800e-03
178 1.4753406616763e+04 3.2217023053565e+04 2.5921210058813e-01 2.2795130901337e-03
179 1.8252170952876e+04 3.1148703213844e+04 -5.9006822036218e+00 1.6112033424476e-03
180 1.4886167935103e+04 3.1367526129799e+04 -3.1069855120356e+01 2.0764035251952e-03
181 1.5706563077914e+04 3.1330380835934e+04 -1.6677315962165e+02 1.8054626049980e-03
182 1.7132983364869e+04 3.1332484994290e+04 -2.4171424102706e+00 2.1252568546224e-03
183 1.8149741046652e+04 3.2019552558080e+04 1.9299818702383e+01 1.1318954572964e-03
184 1.5763908086883e+04 3.1785469522618e+04 7.7160488865642e+00 1.7039401136376e-03
185 1.9481592814685e+04 3.1674343774705e+04 6.3767539757755e+00 1.0591014827289e-03
186 1.7215561094308e+04 3.1708021038729e+04 -1.1011367221336e+02 1.3032925334044e-03
187 1.6172168314539e+04 3.1641256341864e+04 -1.7880893984427e+02 9.6093116384342e-04
188 1.4106760210467e+04 3.1132136425889e+04 -1.7869004328632e+02 2.0814662017926e-03
189 1.8251570040230e+04 3.1780219877608e+04 -9.1082394421617e+00 1.2610188779430e-03
190 1.8504254944050e+04 3.2104458355467e+04 1.7988344467846e+02 2.9931089678371e-03
191 2.0342636380204e+04 3.2069003619946e+04 -6.4543922703465e+00 2.5597526306955e-03
192 1.9349101247770e+04 3.1109284223864e+04 -7.7849279971910e-01 1.3947049326896e-03
193 1.7894542270839e+04 3.1049336224900e+04 4.5445799363125e+00 1.5673590058720e-03
194 1.5167759444201e+04 3.1346836175027e+04 -4.2486578869824e+00 1.5441351620160e-03
195 1.8881204306621e+04 3.1748285757179e+04 5.3138610620063e+00 3.5655602264935e-04
196 2.0057186269339e+04 3.1635091950453e+04 7.3303634788690e-01 1.1861449949540e-03
197 1.5358315960672e+04 3.1444791503265e+04 8.1606917653806e-01 2.0622351691181e-03
198 1.4826377605585e+04 3.1407529097491e+04 -1.6226722917896e+00 2.1242447841666e-03
199 1.3882651264058e+04 3.1642867180540e+04 -3.9664414111841e+00 2.6061229729673e-03
200 1.3635996913359e+04 3.1659875794452e+04 -3.9731106609699e+00 2.8123626378613e-03
201 1.0402930032317e+04 3.1424018140168e+04 8.7719976089997e-02 7.2511064596052e-04
202 2.5221820592370e+04 3.1571454012163e+04 6.4471815223400e-01 1.1041942447493e-03
203 2.3787738484764e+04 3.1503484367512e+04 1.8463343227926e+01 1.7694341245683e-03
204 2.5865725362836e+04 3.1909964675065e+04 3.6423293559339e+00 4.2764854177227e-03
205 2.2376252132137e+04 3.1872603544556e+04 2.7182343493438e+01 1.7006258871429e-03
206 1.7546629941955e+04 3.1957127367600e+04 4.3641264264771e+00 3.3611115087484e-03
207 1.9678713481065e+04 3.1983928330345e+04 1.5182815590138e+02 6.0153718147278e-04
208 2.0995231948599e+04 3.1818798312601e+04 -2.9729800711467e+00 1.3998192125092e-03
209 1.7850236760410e+04 3.1710167482904e+04 3.2093801900700e+00 2.6867579820928e-03
210 1.8070701285010e+04 3.1995079537783e+04 -9.5334284960949e-01 1.0417199576345e-03
211 1.8046983281331e+04 3.1898930324433e+04 -1.7770801982641e+02 2.8307167673337e-03
212 1.5164718739212e+04 3.1847630612990e+04 -1.6819782071868e+02 5.1682719454651e-04
213 1.9735273023698e+04 3.1692349543766e+04 2.0841295788738e-01 1.9408480404139e-03
214 1.9299905108511e+04 3.1914862155206e+04 5.8292183364967e-01 2.8254799906672e-03
215 1.9699926929904e+04 3.1832292420826e+04 -2.4308664275858e+00 2.7019348317849e-03
216 1.8402683683020e+04 3.1957237907419e+04 -1.7481792198315e+00 1.6581531553875e-03
217 2.0022874854631e+04 3.1714199260081e+04 -7.0168547188594e+00 2.2666311441069e-03
218 2.0193669152569e+04 3.2121241664583e+04 -5.4523441198345e+00 3.1753563032895e-04
219 1.6613586515780e+04 3.2027169558227e+04 1.5577661442602e+02 2.4682954355571e-03
220 1.8334374727975e+04 3.2145923496288e+04 1.1533809012313e+00 2.7560685014043e-03
221 1.9610526539376e+04 3.1930014522542e+04 -1.7659011604663e+02 2.5616741956726e-03
222 2.0011549964419e+04 3.1943778557933e+04 -4.6342825782608e+00 2.5537837942075e-03
223 2.0621834620721e+04 3.1772902087367e+04 -3.2947084447481e+00 2.3703358951394e-03
224 1.6351947022127e+04 3.1903869953221e+04 -1.7527015595125e+02 2.9430501041144e-03
225 1.6931279665104e+04 3.1912145096560e+04 -4.6983901500104e+00 2.9355831871238e-03
226 1.9257931204846e+04 3.1371347521537e+04 -2.8543621034807e+00 1.7545908148347e-03
227 1.9312251223736e+04 3.1684453989004e+04 -1.5823686494250e+02 5.7523656183827e-04
228 1.4134854104270e+04 3.1372867537909e+04 -5.0875838268388e+00 2.5248397961066e-03
229 1.5518909219923e+04 3.1452863000636e+04 -3.5006706843072e-03 2.1799220680740e-03
230 1.8834866146364e+04 3.1259997953668e+04 -1.6459834941632e+02 1.4070195744323e-03
231 1.5944574697746e+04 3.0753981969096e+04 -2.3980885349002e+01 6.9879608531538e-04
232 1.7835666485248e+04 3.1000852830167e+04 -1.7130390563141e+00 1.5771136378282e-03
233 1.7440008540130e+04 3.1062215965723e+04 1.7227221843953e+02 1.2720671013449e-03
234 2.0307764791604e+04 3.2666684503218e+04 -8.7043395757806e-01 2.7767240632080e-03
235 2.0618800716004e+04 3.2700770179191e+04 1.5182489164488e+00 1.2476939458520e-03
236 1.4597795882326e+04 3.2622565918129e+04 -2.0860326854883e+00 2.7689807389672e-03
237 1.7685788610037e+04 3.2586516431751e+04 -2.2727611995900e+00 2.9508497105098e-03
238 1.8995427693773e+04 3.2415286643418e+04 -3.4548625349066e+00 8.5336702267990e-04
239 1.7790432824909e+04 3.2716381445215e+04 -2.2833725979664e+00 2.8624079655506e-03
240 1.7510714793947e+04 3.2705549828629e+04 -1.6333342810674e+02 2.5226430492196e-03
241 1.7584350337415e+04 3.2382197519333e+04 -1.2145118471934e+00 2.4863484147533e-03
242 1.6838977072742e+04 3.2329499513699e+04 -2.3105547832059e+00 1.9760433540643e-03
243 1.6452563731914e+04 3.1194146692357e+04 -1.7994527917460e+02 1.9527395373157e-03
244 1.7371167171241e+04 3.1175867708888e+04 1.6801346213883e+02 1.8550953753482e-03
245 1.9735267079493e+04 3.0749536649798e+04 -5.6454827504652e+00 8.6085497816260e-04
246 1.6740151156747e+04 3.1025991904287e+04 -1.6059586120554e+00 1.6987835861832e-03
247 1.5890317723185e+04 3.1452876928511e+04 1.7275621778021e+02 7.0701626744134e-04
248 2.2401574348053e+04 3.1263652141315e+04 1.1719246498445e+02 1.3034284773430e-03
249 2.5701128594996e+04 3.1169921698675e+04 5.7226435729851e+00 8.8607573508753e-04
250 1.5999391967407e+04 3.1246548914824e+04 -1.4858347012960e+00 1.4608518797053e-03
251 1.4614702222105e+04 3.1274420554926e+04 -1.7121566594366e+02 1.8625828601278e-03
252 1.2997513283426e+04 3.1349896717455e+04 1.8113720449731e+00 3.2965510187702e-03
253 1.4778348983024e+04 3.1309078068553e+04 2.2916722447228e+00 2.1968581596965e-03
254 1.4420227132684e+04 3.1267449146262e+04 2.2502013251601e-01 2.3731403445029e-03
255 1.1933370128159e+04 3.1412958305919e+04 -1.7424982358656e+02 8.6899316936178e-04
256 1.8275570880538e+04 3.2027591690894e+04 2.2983129376211e-02 2.8993075007026e-03
257 1.7642973016270e+04 3.2018748597018e+04 -5.8697248551322e-01 2.7572345755687e-03
258 1.9578834033254e+04 3.2006589543316e+04 -4.2667609004843e-01 2.4060064127538e-03
259 1.6320544515637e+04 3.2034916789850e+04 1.7947342695077e+02 2.2398601922314e-03
260 1.5519661695802e+04 3.2073145174628e+04 1.7792600208762e+02 2.1802834732298e-03
261 1.6072743254150e+04 3.1376672674933e+04 1.7887044415998e+02 2.2556224130421e-03
262 1.6659369600483e+04 3.1258927098179e+04 -6.5405119754727e+00 8.3069438976341e-04
263 1.3436769642087e+04 3.0689193143827e+04 2.8683556820010e+00 1.4366685833501e-03
264 1.5345189592896e+04 3.0937198234044e+04 -1.7931590073466e+02 1.3878460900262e-03
265 1.5799871361784e+04 3.0900521209530e+04 -2.4439001755265e+00 1.5647093562812e-03
266 1.4928411176955e+04 3.0909690164179e+04 4.6905883621450e-01 1.5228458574593e-03
267 1.7527231902954e+04 3.1194028262362e+04 1.2525369752519e+00 1.9178887827387e-03
268 1.7107840278278e+04 3.1241390504908e+04 2.2947147005877e+01 1.7179145618651e-03
269 1.9629861579098e+04 3.1386702009906e+04 5.1302735394610e+00 2.0374303269749e-03
270 1.8563607062204e+04 3.1245130244038e+04 -7.2709050390191e-01 1.8981109833569e-03
271 1.9295683498269e+04 3.1125925215884e+04 -2.0202499564592e+00 1.2098082031694e-03
272 1.7675986840200e+04 3.1206035007163e+04 1.7125523226443e+02 1.3597563484484e-03
273 1.8540055118847e+04 3.1118844320826e+04 -4.5537997821939e+00 9.0673135246619e-04
274 1.9586455629863e+04 3.0931804758196e+04 -1.1965789767016e+00 9.9558315882573e-04
275 1.9184347157192e+04 3.1702713800656e+04 1.8734019445246e+01 2.0397677934640e-03
276 2.0632137306309e+04 3.1546698823527e+04 -2.3427622359932e+00 2.0068200263993e-03
277 1.8806842776593e+04 3.1822174422570e+04 7.4677634247100e+00 2.4925662348894e-03
278 2.0061201101646e+04 3.1742304331131e+04 -1.7427322864844e+00 2.5596458247508e-03
279 1.5926206306993e+04 3.1420117159693e+04 -7.7831436944187e-01 2.3193950338127e-03
280 1.8406191325734e+04 3.1191545041987e+04 -1.0771310088121e+00 1.6178733256306e-03
281 1.9251593647983e+04 3.1334346234810e+04 1.2425214097143e+00 1.7191499516743e-03
282 1.6184901119722e+04 3.1326071900900e+04 -3.7067799407207e+00 1.3169742189900e-03
283 1.7411303195932e+04 3.1267279127095e+04 -2.5411709633133e-01 1.3716512243858e-03
284 1.9037159665048e+04 3.1698560275090e+04 3.5421319909522e+00 4.4786527020193e-03
285 1.7018600769319e+04 3.1623662454812e+04 -3.6609166078540e+00 2.2668061301617e-03
286 1.6989132524858e+04 3.1680611246900e+04 -4.2446286050842e-01 2.6179128311434e-03
287 2.1369475633157e+04 3.1944328069114e+04 1.5541274680468e+00 2.6334041622020e-03
288 2.1016977326463e+04 3.1858460182057e+04 -2.0544633209670e+01 2.6011085082076e-03
289 2.0351041987082e+04 3.1309008589994e+04 1.5829177727242e+01 1.0319712233063e-03
290 2.0284420613058e+04 3.1337921353855e+04 -3.9550025937776e+00 1.8347890120702e-03
291 2.0573410066562e+04 3.1373982557892e+04 -8.6579331499383e-01 1.9011657806270e-03
292 1.4534129514349e+04 3.1536636551801e+04 -1.4195133455550e+00 2.7432071070688e-03
293 1.4984926566677e+04 3.1554022012182e+04 -2.6713541847355e-01 2.7186385806390e-03
294 1.2732845254116e+04 3.1745892081398e+04 1.7767173212777e+02 2.6693675262362e-03
295 1.2644131525901e+04 3.1502655159776e+04 -4.3521776681970e+00 8.5093731656856e-04
296 1.4171865158499e+04 3.1959975996938e+04 -4.4607198052427e+00 1.0460338635567e-03
297 1.5369457119075e+04 3.1894696802862e+04 4.6886956836799e-01 2.8808768321784e-03
298 1.4239962601963e+04 3.1871097278271e+04 -1.6909814645160e+02 2.6611125122193e-03
299 1.7909940275756e+04 3.1781453400662e+04 -1.5776543945690e-01 2.3095558113285e-03
300 1.4556768288633e+04 3.0321965187922e+04 -1.7459084234030e+02 7.5363293864067e-04
301 1.9318301077590e+04 3.0732058323720e+04 -3.9265010045754e+00 8.8509726410019e-04
302 1.3541737167958e+04 3.2193715589874e+04 -1.0298146815179e+00 4.7769545023575e-04
303 1.6363256268917e+04 3.2364867364049e+04 -5.8103312763459e-01 2.3369270428484e-03
304 1.6843390825541e+04 3.2238836928935e+04 -6.3693923246949e+01 1.2405996732216e-03
305 1.6094161161243e+04 3.2294356604522e+04 3.2493403318631e+01 2.4833221721771e-03
306 1.6413687318194e+04 3.2243873945643e+04 -1.5061398644017e+00 1.9187352635137e-03
307 1.7603461921444e+04 3.2955878365991e+04 1.7177691116838e+00 1.4296562205687e-03
308 1.5212481386774e+04 3.1281234954723e+04 -2.0706298792425e+01 1.3623562387195e-03
309 1.5766161242075e+04 3.1352601928259e+04 -2.6157557239565e+00 6.7781363475858e-04
310 1.8995637822924e+04 3.1064608872222e+04 -2.4670635939126e+00 1.5706968045005e-03
311 9.9017985889154e+03 3.0786150111851e+04 -1.7816792478267e+02 8.6343959117271e-04
312 1.9532420129619e+04 3.1657812630012e+04 -1.7556525571034e+02 1.2368476607816e-03
313 1.9427452985674e+04 3.1727650359806e+04 -1.9433694524185e+00 2.5601237129910e-03
314 1.8984461341208e+04 3.1737804702805e+04 -3.6327367033945e+00 2.2986774328756e-03
315 1.5405325498445e+04 3.1602561022610e+04 -1.7371437673302e+02 2.7319185058658e-03
316 1.2673046392903e+04 3.1951112636415e+04 1.7947676615512e+02 2.4005664867875e-03
317 1.3969547449960e+04 3.1959575718014e+04 4.3881845590412e+00 2.8599183506337e-03
318 1.4781272538154e+04 3.2006477650173e+04 2.2611539480788e+00 4.7088977825137e-03
319 1.5281174148463e+04 3.1983519552296e+04 8.7556913048125e-01 3.0469552707114e-03
320 8.9557002844281e+03 3.1725245512704e+04 1.7511966758038e+02 6.0624062807649e-04
321 1.6273438665553e+04 3.1962053465556e+04 8.6525461301374e-01 1.7349124227161e-03
322 1.6574862051343e+04 3.2031685092321e+04 1.7556938842711e+02 3.0129386163589e-03
323 1.8774209178698e+04 3.1903976895994e+04 -2.3809689883644e+00 2.5813619024831e-03
324 1.5847208277492e+04 3.1631980416192e+04 -4.9897195619712e-01 2.7487072925051e-03
325 1.5940197339262e+04 3.1885663552178e+04 1.7981864578398e+02 1.4954100844343e-03
326 1.6574421080760e+04 3.1886855383199e+04 3.1458023735020e-01 2.6648259353720e-03
327 1.5330008588538e+04 3.1928223510314e+04 -7.3771878058662e-02 3.0262618658130e-03
328 1.6058048595575e+04 3.1349036670330e+04 5.9876347033590e+00 2.1591695408576e-03
329 1.5727416018529e+04 3.1202314003600e+04 -1.2900688568550e+01 8.3747618276880e-04
330 1.7507314998777e+04 3.1399938203877e+04 8.4425274533039e+00 2.1181757952639e-03
331 1.5854514592982e+04 3.1158847512258e+04 -2.0018018536313e+00 2.0065516578583e-03
332 2.7192996787904e+04 3.1719323508614e+04 1.4273723447668e-01 9.5821503308755e-04
333 2.6712849104578e+04 3.1919869472445e+04 -1.9244087546554e+00 2.1437245450536e-03
334 1.9019768285803e+04 3.1475005721645e+04 8.0307724608108e-01 1.5542650412756e-03
335 1.9717729053765e+04 3.1472464150986e+04 -1.9787021152200e+00 1.8273267603589e-03
336 1.8900091278900e+04 3.2088277537929e+04 2.5439018647190e-01 2.7389977380382e-03
337 1.7969672205678e+04 3.2020024674965e+04 -1.6664437169732e+02 2.7568924294056e-03
338 2.1196948867157e+04 3.2010160428796e+04 1.7941825300434e+02 1.3553755230118e-03
339 2.2836441436303e+04 3.2001491882267e+04 -6.1429154417462e+00 2.5668603778897e-03
340 2.3696902504387e+04 3.2074197435437e+04 -6.7193686338558e-02 2.3110471126705e-03
341 2.2162498131731e+04 3.1947244716387e+04 5.7549404316817e-01 1.6538938062404e-03
342 2.0052821686523e+04 3.1979311881693e+04 -1.7686099787823e+00 2.2861865141741e-03
343 2.4452286979465e+04 3.1910222228692e+04 -9.4441969379694e+00 2.4130374615741e-03
344 2.5240527566394e+04 3.1947603726171e+04 -1.2219025696153e+00 2.2153529387132e-03
345 2.4611771020154e+04 3.2222845116623e+04 -1.2120267839653e-01 1.4997837816182e-03
346 2.6597256448638e+04 3.1868672875437e+04 -1.2224836927058e-01 2.0701778983367e-03
347 1.8917580367822e+04 3.1656250391874e+04 6.8104043841582e+00 2.4632170666379e-03
348 1.7598998292077e+04 3.1598994745927e+04 -2.9545077619001e+00 2.2987460913883e-03
349 1.7522979527161e+04 3.1601220410378e+04 -3.1415108391849e+00 2.0873176564220e-03
350 2.0366050093001e+04 3.1850271402509e+04 2.6310945655788e+00 4.7322193898525e-03
351 1.9203669112959e+04 3.1832091543320e+04 -1.8522548824140e-01 2.3216857516664e-03
352 1.9741765363939e+04 3.1783883833443e+04 1.6402026800797e+00 3.0290048492405e-03
353 1.9870018066513e+04 3.1758458053414e+04 -2.5061386898732e+00 2.5211785802932e-03
354 1.7923688916540e+04 3.0996341033047e+04 -2.6737892901708e+00 1.5488352963408e-03
355 1.7144908163446e+04 3.1007456707172e+04 1.7319632325618e+02 8.8517252100454e-04
356 1.7848118808600e+04 3.1268272884382e+04 8.8254513900683e-01 2.0542718658373e-03
357 2.0754651861646e+04 3.1269281753504e+04 8.0201820420978e-01 1.4884428593185e-03
358 1.8996026007182e+04 3.1675828526149e+04 2.1896422016330e+00 3.5096202669351e-03
359 1.4930847311474e+04 3.1466760847876e+04 2.4288345086049e+00 2.4717506805495e-03
360 1.5640580017908e+04 3.1433854358966e+04 -8.9544104562582e-01 2.1869626531956e-03
361 1.6401099121234e+04 3.1848745269050e+04 1.4400978001869e+02 6.9718402646926e-04
362 1.5796973165621e+04 3.1926446623261e+04 -3.5602876477138e+00 9.6371847172522e-04
363 1.6205832414219e+04 3.2080466993663e+04 4.9373148565779e+00 1.6312438927129e-03
364 1.6016254347737e+04 3.1994088879966e+04 -1.7376244075418e+02 2.9811399645852e-03
365 1.7861848561975e+04 3.1966180619303e+04 -4.4067901978099e+00 2.4535971461311e-03
366 1.7784580397276e+04 3.1911344868161e+04 7.2071101925184e-02 2.6935758098635e-03
367 1.7236091324889e+04 3.1970940342413e+04 -1.1981953079941e+01 2.7735822810302e-03
368 1.7920900031491e+04 3.1892209863342e+04 -7.2084602318655e+00 2.1742605506592e-03
369 1.7265403603580e+04 3.2082464624060e+04 -1.7910534809617e+01 6.4078865675887e-04
370 1.7057555117414e+04 3.1982353397032e+04 4.9718019592538e-01 2.9986681574081e-03
371 1.5920308609603e+04 3.2041476804218e+04 1.4618963108384e+00 2.3291161259715e-03
372 1.6469543420967e+04 3.2109633416335e+04 5.3368854372376e+00 2.8856136647045e-03
373 1.5231538834383e+04 3.2085965169287e+04 2.4842019717632e+00 3.0670504179571e-03
374 1.3582897348140e+04 3.1948294690352e+04 -1.5437480861420e+02 1.0683230022831e-03
375 2.1887614344877e+04 3.2264813120423e+04 -1.3639602802825e+00 2.0952968770030e-03
376 1.9515469776889e+04 3.1053816308801e+04 -1.7861652112443e+02 3.0790001376791e-04
377 1.9542444416466e+04 3.1762327957532e+04 5.6672025519001e-01 2.2315460111689e-03
378 1.9596523441774e+04 3.1761118891545e+04 1.6550844871554e-01 2.5118965419107e-03
379 2.4157054156054e+04 3.1347012014298e+04 1.9267697990302e-02 1.4859302701866e-03
380 1.9396268190132e+04 3.1718608550768e+04 -6.0798365669789e+00 1.2391032415089e-03
381 1.9622218033286e+04 3.1710871698422e+04 1.7279549352402e+02 1.1704500436642e-03
382 1.9856223052521e+04 3.1764802214240e+04 2.8195080888195e+01 1.9607679041093e-03
383 1.7372438622201e+04 3.2128979523610e+04 -5.7705859833931e+00 2.0427289832210e-03
384 1.6528276503530e+04 3.2267222180967e+04 8.6692903881303e+01 3.0452568622507e-03
385 2.3814926468581e+04 3.1647046572806e+04 -2.0829151796738e+00 1.7254247923412e-03
386 2.1004996881885e+04 3.1897133995921e+04 1.0060117203773e+00 2.7144540879803e-03
387 2.2403043337429e+04 3.1901603083254e+04 3.8478144162194e-01 2.4977298299315e-03
388 2.0653334920991e+04 3.1966313152740e+04 1.6692417911686e+01 2.7015315972766e-03
389 2.4596073687326e+04 3.1831349955379e+04 -5.7853483062797e+00 2.0042993419396e-03
390 2.4153423654058e+04 3.1868766251887e+04 -7.8980118453630e+00 2.1949698784283e-03
391 2.0316723107966e+04 3.2037800356993e+04 1.7728267390214e+02 5.5838597872341e-03
392 2.0907692343378e+04 3.1836202718181e+04 -1.3844791996990e+02 2.3692696764966e-03
393 2.1829375400591e+04 3.2064566077005e+04 -4.5889510653203e-01 2.8325527538737e-03
394 2.1041638770482e+04 3.2064116720635e+04 -8.3434463416577e-01 2.8564436396154e-03
395 2.0376283843436e+04 3.2186897627813e+04 8.3752564739233e+00 2.7753319333918e-03
396 2.3911549709926e+04 3.2449235960184e+04 -5.7175286747600e-01 2.7220047465707e-03
397 2.3317555359300e+04 3.2478607921860e+04 2.4599454461581e+00 2.6346055353260e-03
398 2.5842836984511e+04 3.2235709061177e+04 -6.5679695605681e-01 1.9276731730011e-03
399 2.2316827689320e+04 3.2252895805519e+04 2.5461570501074e+01 2.1840596388054e-03
400 2.3610843133463e+04 3.2148466735821e+04 -1.3864407474161e+00 1.6803315280339e-03
401 2.0674405209662e+04 3.2283146368338e+04 1.7574594376426e+02 3.4157763279023e-03
402 2.2117410354367e+04 3.2392754572494e+04 -4.6329466531879e+00 3.0123933066071e-03
403 2.3698874208773e+04 3.2394785658475e+04 -8.3227527894842e-01 2.9680708496388e-03
404 2.4859436808964e+04 3.1553549559041e+04 9.1910724340536e+00 1.7759461780119e-03
405 2.2890271871050e+04 3.1887575617994e+04 -2.6098949998885e+01 1.7911202179240e-03
406 2.2068004107277e+04 3.1913630947762e+04 -1.7861459273520e+02 2.5920384829325e-03
407 1.9952089298106e+04 3.2156887428155e+04 4.5259832403092e+00 1.3268780761328e-03
408 2.0772050734894e+04 3.1431890185737e+04 1.8665433935057e+00 2.7528677467120e-03
409 1.8815257184623e+04 3.1791667965641e+04 2.9782423598056e+00 2.7076128463244e-03
410 1.8374468069552e+04 3.1791677863504e+04 6.6238695251564e+00 2.3155845537600e-03
411 1.7755001639642e+04 3.1754235940090e+04 -2.3549859093250e+00 2.6993127638216e-03
412 1.9243562502002e+04 3.1210468534273e+04 -3.0279414636774e-01 1.4197138614225e-03
413 1.4465300138395e+04 3.1673794913611e+04 -2.0797569043285e+00 3.1939870048584e-04
414 1.9546793525781e+04 3.1138388099839e+04 1.7555446506621e+02 1.1728015034939e-03
415 1.8165885934090e+04 3.1217027749630e+04 -2.9228639419084e+00 1.0457553870958e-03
416 2.0881802197997e+04 3.1271578094994e+04 -7.2093815239517e+00 1.3035268509813e-03
417 1.9056765012676e+04 3.1431749076868e+04 5.1177689403656e+00 2.0628184236795e-03
418 1.6235631702444e+04 3.2612792009322e+04 -1.6307801806929e+02 2.6150800532132e-03
419 1.7049477536905e+04 3.2694067592228e+04 3.2329829672250e+00 1.9824834536203e-03
420 1.6553594513415e+04 3.2507674130654e+04 -6.0133837965040e+01 2.4689576497468e-03
421 1.6298553836965e+04 3.2498886241229e+04 -1.5828441775193e+02 2.9203290148972e-03
422 1.6713307193254e+04 3.1703046821441e+04 -6.3578451195236e+01 1.9734804434217e-03
423 1.6777786453824e+04 3.1717532670705e+04 -1.5003731795286e+01 1.6153800663227e-03
424 2.1350518462189e+04 3.1463393964714e+04 1.1712321004418e+00 1.6365303734965e-03
425 2.0621638994735e+04 3.1517734299418e+04 -1.7832017698663e+02 1.8366544962019e-03
426 2.2149786968066e+04 3.1518493458214e+04 -1.7524430367274e+02 1.5892867968007e-03
427 1.5788191318250e+04 3.1653685589804e+04 3.3136232693466e-02 2.3453210464104e-03
428 2.1206512860412e+04 3.1374775107667e+04 -7.4193825842288e-02 1.3627266824694e-03
429 1.9232403705080e+04 3.1239877801248e+04 -1.9853078118970e+00 1.5137860563002e-03
430 1.6807858751329e+04 3.1247002015203e+04 -1.0608040530033e+01 2.0884849698291e-03
431 1.8469956253211e+04 3.1250630476666e+04 -1.3344950331693e+00 1.8190220712501e-03
432 2.1316489673861e+04 3.1345586919156e+04 3.3021874645239e+00 3.5619186272133e-03
433 1.7302996589878e+04 3.1536483174565e+04 9.6414387548840e+00 1.0724193460622e-03
434 1.8815242513800e+04 3.0709649513456e+04 -6.4180235260334e-01 1.0745374451488e-03
435 1.4680414021550e+04 3.0993092150964e+04 1.1092086256245e+02 1.5911989391525e-03
436 1.6068568630949e+04 3.1484046837046e+04 7.1946763927741e+00 1.6257730560369e-03
437 1.5123907943363e+04 3.1558005840606e+04 -1.7938364931864e+02 2.2191012940504e-03
438 1.6200655770088e+04 3.1509609661465e+04 -1.3263931750104e+01 1.2776581160540e-03
439 1.5903322470725e+04 3.0942780056516e+04 -2.3140627687081e+01 1.3957949927503e-03
440 1.5919285011779e+04 3.1502776390628e+04 -1.6249472314529e+00 1.2633721827066e-03
441 1.3177718894772e+04 3.1588788951117e+04 3.1094259984523e+00 1.8128898728869e-03
442 1.8876819913285e+04 3.1186386081618e+04 1.7822442363045e+02 1.2794421430285e-03
443 1.9602636603029e+04 3.1881011355115e+04 1.7200396215334e+02 2.3143248546658e-03
444 2.0512243835510e+04 3.1767160885904e+04 2.1608140861767e+00 3.9860219251358e-03
445 1.5263071165981e+04 3.1866044751883e+04 1.7627058986893e+02 2.0814524477413e-03
446 1.6390119391058e+04 3.2017021305647e+04 1.6371674716913e+02 9.1666370950399e-04
447 2.0608835982471e+04 3.2051019433827e+04 3.8778353435931e-01 2.8850419659089e-03
448 1.7627188035569e+04 3.1905059606458e+04 -1.7285928640500e+02 7.8736253034700e-04
449 1.8826052202100e+04 3.2019704685721e+04 4.3386794920382e+00 2.0275502555127e-03
450 2.0980258647969e+04 3.1498259841861e+04 -6.3709338976048e-01 2.0690414817262e-03
451 2.0645438180580e+04 3.1499243330628e+04 -2.2911517805643e+00 1.8541554481457e-03
452 1.7179583240107e+04 3.1938425402316e+04 -4.4883894910294e+00 2.5605137129260e-03
453 1.8453118321157e+04 3.1430516183970e+04 -7.8043929636718e+00 1.9197537826904e-03
454 1.8276427072217e+04 3.1396055237966e+04 -4.6679674429739e+00 2.1534035104706e-03
455 1.9804291568100e+04 3.1447210725230e+04 8.0312129526759e-01 2.0648861093720e-03
456 1.8401159517060e+04 3.1548426438451e+04 -1.4875412931301e+00 2.4260514946956e-03
457 2.0321376702661e+04 3.1528431838996e+04 -8.5928275886316e-01 1.9398444786908e-03
458 1.7315375077435e+04 3.1503494703980e+04 -1.6691849022066e+02 2.4386014745584e-03
459 1.5061906636121e+04 3.0814593315986e+04 -1.4304498092544e+00 1.3612296218729e-03
460 1.5656187585606e+04 3.1120942420316e+04 1.7100557995014e+02 8.8308123717962e-04
461 1.3624281708282e+04 3.2269387041863e+04 8.4584308296117e-01 2.5154709870594e-03
462 1.3461554204373e+04 3.1837547023433e+04 -8.8372776887009e+00 3.3050940951634e-04
463 1.6158195816697e+04 3.2242805724499e+04 2.2052703870839e+00 2.5691668367661e-03
464 1.5453929694877e+04 3.1777483178554e+04 -1.1083988910126e+00 2.1798327827057e-03
465 2.0835457546179e+04 3.2414239786571e+04 -1.1994932851665e+02 6.8158848251090e-04
466 2.3306689914058e+04 3.2410909463404e+04 1.4475286321173e+00 3.2567405568848e-03
467 1.6450393274830e+04 3.2210798245709e+04 2.6019526501697e+01 5.4828664959072e-04
468 1.7288258393895e+04 3.2091015134123e+04 -1.6499574308581e+02 5.1496430472702e-04
469 2.1429248655339e+04 3.2242308401700e+04 1.8646109182305e+00 2.7848962256075e-03
470 1.8407848474137e+04 3.1555861625376e+04 -1.7487288904460e+02 1.0360609581762e-03
471 2.2455503778060e+04 3.1646593651620e+04 -1.6488995255629e+00 1.9778134553140e-03
472 2.0660761150823e+04 3.1521456257812e+04 -1.8863559120601e+00 1.9151563327691e-03
473 2.0659398760985e+04 3.1280606985740e+04 -2.8342906195525e+00 1.0087408260696e-03
474 1.9515323366337e+04 3.1111641187634e+04 -9.7635850175311e+00 1.5933084705183e-03
475 1.6928799984055e+04 3.1516297336842e+04 -5.1208886029842e+00 1.9560905157828e-03
476 1.7760772485650e+04 3.1542754526150e+04 -5.4556193976526e-01 2.4763320730664e-03
477 1.3920298495596e+04 3.1705973786437e+04 1.6230258595440e+02 1.0750665956394e-03
478 1.8369609542170e+04 3.1942491327903e+04 -3.8078529178108e+00 2.8449888180074e-03
479 1.9212084865391e+04 3.2004459887656e+04 4.2253231451603e-02 2.9072516518564e-03
480 1.8555893063205e+04 3.2079109493141e+04 1.5841903622964e-01 1.7955074939448e-03
481 2.3585437988710e+04 3.1985109618168e+04 -5.0449431333721e+01 2.5584655981654e-03
482 1.7941015157266e+04 3.1934638032752e+04 1.1680431880967e+01 2.4415254121268e-03
483 1.8372176970964e+04 3.1887686016077e+04 2.9077885221189e-01 9.4183945363382e-04
484 2.1614805720569e+04 3.1915417206899e+04 -3.2573594978249e+00 1.9414422454063e-03
485 1.6660883780067e+04 3.1680717452295e+04 1.7987889906088e+02 3.7850428042092e-04
486 1.8042848026334e+04 3.1411784942491e+04 -1.8867199652031e+01 2.0843920302849e-03
487 1.7210076844156e+04 3.1288724068882e+04 -4.3772833755062e-01 1.2426905829892e-03
488 1.6617455445981e+04 3.0969534204417e+04 -3.9930747582149e+00 1.1810337657757e-03
489 2.0973482086837e+04 3.1570427984580e+04 1.7862404318223e-01 1.3355231367195e-03
490 2.1419650636391e+04 3.1527451165854e+04 -1.3086427016729e+00 1.9770419937027e-03
491 2.0062489401337e+04 3.1850516807042e+04 2.1904624780831e+00 2.3191323994822e-03
492 1.4904575305642e+04 3.1258534749154e+04 -2.8387570373993e+00 2.8211043461834e-04
493 1.5497991920992e+04 3.1544438993912e+04 7.3348312860331e-01 2.6199529996581e-03
494 1.6831851653943e+04 3.1139552255017e+04 1.7915092603802e+02 1.0912793685582e-03
495 1.6655645113272e+04 3.0842523188411e+04 8.4339674560802e-01 1.3107380534781e-03
496 1.6472017259378e+04 3.0701089237777e+04 -1.7628985824305e+02 1.2529378568651e-03
497 1.6022636640389e+04 3.1118077594324e+04 1.4786107633541e+02 1.9396408010908e-03
498 2.1649301462059e+04 3.1275741596221e+04 -8.2252000909990e+00 1.6410646999793e-03
499 2.1779713482233e+04 3.1083894017869e+04 1.2585257934771e+00 8.2536776663770e-04
