0 -9.2213734523447e+00 1.5710840518858e+04 9.6807950015640e+01 7.9234053946655e-04
1 -1.2078150755343e+02 2.0583823493075e+04 9.7653427482175e+01 1.0459657057459e-03
2 5.3474992328317e+01 1.9975091666203e+04 8.2640129553189e+01 8.5711551637225e-04
3 -8.8111334431332e+01 1.4873638326914e+04 -6.0704533026130e+01 1.8356826069737e-03
4 1.1149986576571e+03 1.2450876638664e+04 3.8810669990727e+01 6.0838350180909e-04
5 -3.3582867373776e+02 1.4136598171669e+04 -2.6668998359406e+00 2.3012065465694e-03
6 3.5181422064158e+02 1.2716724342666e+04 -9.0429249831280e+01 1.5284071647883e-03
7 5.5491343739962e+02 1.0985594117723e+04 7.4265962716554e+01 1.4183603436328e-03
8 7.1605913480164e+02 1.2334973884165e+04 8.5824972433566e+01 1.9871022683997e-03
9 6.1939568682562e+02 1.3568421274093e+04 9.2456026150007e+01 3.8127169179176e-03
10 -2.2359672394105e+01 1.2711184059781e+04 8.5168730268733e+01 2.3263218537975e-03
11 4.7153154525377e+01 1.3696937036499e+04 9.8080584656272e+01 1.8766752839629e-03
12 3.4326093051583e+02 1.3644347923780e+04 9.1703407421672e+01 1.3231574945623e-03
13 -2.4486721521219e+02 7.0082360179948e+03 9.5354858194341e+01 3.6024181556617e-03
14 -8.6772190449815e+02 1.4432766179126e+04 -1.1502990852650e+02 2.8870827462303e-03
15 -5.9672133229221e+02 1.4288682170307e+04 -5.9979291513317e+01 2.6635481221069e-03
16 3.1473687364997e+02 1.1977155163928e+04 8.5090053507836e+01 9.4887223926875e-04
17 -2.5252465113959e+02 1.4802285877634e+04 8.3355362219148e+01 1.9532570883025e-03
18 -1.8939406331468e+02 1.3114722078036e+04 9.5312481446030e+01 1.5121997296610e-03
19 -1.8037480119431e+02 1.2667262820542e+04 1.0332327614007e+02 1.7754136757893e-03
20 1.4934120818722e+02 1.5182393350315e+04 1.0525336497950e+02 1.4116040189229e-03
21 -6.4649019356756e+02 1.4045417752160e+04 9.7349484316259e+01 3.0102371396053e-03
22 -2.7051021811836e+02 1.3753627553156e+04 7.1744462915878e+01 2.5499040184875e-03
23 7.1691680792674e+02 1.2720020720861e+04 9.6407703676251e+01 5.0838458407762e-04
24 6.1793486826653e+02 1.3262217679731e+04 9.8581674599131e+01 6.0513020666089e-04
25 -1.4651825235986e+02 1.7349779923858e+04 -9.1682942961465e+01 1.5806986516475e-03
26 -4.8790707091841e+02 1.8331921803968e+04 8.9022236618206e+01 1.9620306919547e-03
27 -4.0621184955506e+02 1.6432391944242e+04 -3.8700113052858e+01 2.2293158292815e-03
28 -6.1491652671760e+02 1.7091504688545e+04 9.9590564518956e+01 2.2382735514793e-03
29 -9.8945797242370e+01 1.9415405498274e+04 9.6553682356992e+01 9.7227213322497e-04
30 8.3179511010322e+01 1.8578327822798e+04 9.0372219973222e+01 7.9318369630791e-04
31 2.7363319241947e+02 6.7071351824687e+03 -6.4037084516884e+01 1.3059266345861e-03
32 1.1571644340880e+01 7.4530341991775e+03 -4.7519088725943e+01 2.1171209779818e-03
33 1.9933155142295e+01 1.1434377156903e+04 8.5783264832148e+01 1.5920308560792e-03
34 -8.2136354752480e+02 1.3013387569105e+04 7.9753493094541e+01 3.5669731457891e-03
35 -1.0089989158598e+03 1.3302327974932e+04 9.6080714008915e+01 3.7216466152019e-03
36 -6.7795036352117e+02 1.8158765187142e+04 1.0667586679747e+02 2.0699603427024e-03
37 -8.3701486369388e+01 9.4823215903144e+03 6.4622520363629e+01 2.9501036786521e-03
38 -1.5734738602904e+01 9.8820846121633e+03 7.9741627953394e+01 2.7429922399021e-03
39 8.3129714965140e+02 1.1843920962183e+04 9.4359493798389e+01 1.5196581950585e-03
40 4.7712746429610e+02 1.3449917830034e+04 -6.4896109765759e+01 1.1602591642085e-03
41 -3.4539701307348e+02 1.5483588767476e+04 8.3294015998485e+01 1.5708233427244e-03
42 7.5835759032272e+01 1.3822211916754e+04 8.7356618475557e+01 5.0565544505105e-03
43 7.2180894338215e+01 1.7991793919309e+04 7.6255665655034e+01 9.3623357706399e-04
44 1.8380556624654e+02 1.0514945717749e+04 -7.3275924975236e+01 2.2526198419139e-03
45 -4.1292972705814e+01 1.4853649679978e+04 9.0463409709751e+01 1.8542727230770e-03
46 7.9748536058252e+02 1.2178998524895e+04 8.2340035393188e+01 9.4175801915464e-04
47 -3.7400438816244e+02 1.3659005598307e+04 9.3359381619309e+01 5.6522145073466e-03
48 4.1974277369686e+02 1.0434721071034e+04 1.0246848863618e+02 1.7618559094653e-03
49 7.0847139510883e+02 1.4756655846120e+04 9.2110384163834e+01 2.3545641315494e-03
50 -2.7469241954030e+02 1.2827012402454e+04 7.8363512410826e+01 2.5611520931280e-03
51 1.3827862304367e+03 1.1106410762976e+04 7.1182786879815e+01 5.0837978335433e-04
52 8.8864618791557e+01 1.2597376155631e+04 1.0210053009417e+02 2.0299649309184e-03
53 1.5657306456689e+02 1.1342034679172e+04 -7.2814783349132e+01 2.0873712322029e-03
54 -5.1061526815775e+02 1.3346749062613e+04 -1.0688565628249e+02 2.9753206523844e-03
55 -2.9822752873420e+02 1.4201529867674e+04 7.7639446525275e+01 2.4869682886755e-03
56 -1.7376759798585e+02 1.1507965104478e+04 9.5908619117752e+01 2.6753124022840e-03
57 6.6122463831062e+02 1.1842329389217e+04 9.5272991769605e+01 1.0898169878420e-03
58 -3.6037990439066e+02 1.3643027411825e+04 6.9721216776685e+01 2.4449271108348e-03
59 -1.6353489510931e+02 1.3521406945529e+04 -1.7112825269822e+01 1.7449965362836e-03
60 -3.5137292606372e+01 1.4319214959074e+04 9.9850621995884e+01 1.9634888982071e-03
61 2.9216770787553e+02 1.4248798618942e+04 5.5972675437805e+01 1.3851575785524e-03
62 1.9072319468212e+03 1.3801023538258e+04 -5.1597933662452e-01 3.6786504194330e-04
63 -2.4380466076450e+02 1.1831096278072e+04 6.2902890362965e+01 2.8611754315676e-03
64 1.1753650535365e+03 1.3719465043897e+04 8.5284034412184e+01 7.1701770567465e-04
65 -3.5559642389275e+02 1.4340392803622e+04 -7.2350725518136e+01 1.6572339373547e-03
66 4.8002320716857e+02 1.1791820777012e+04 8.6419917189187e+01 3.5428432532205e-03
67 -1.5845461241150e+02 1.1792163992293e+04 1.3656632872543e+02 2.6934906353178e-03
68 -8.0751449567842e+01 1.2803556513958e+04 8.9634792616973e+01 2.2287939056435e-03
69 3.9056649450218e+02 1.3471138035814e+04 5.8724752599205e+01 1.0375095773964e-03
70 -6.7294928530017e+01 1.9077650826954e+04 6.1926768384617e+01 1.1750534745778e-03
71 1.2036415853575e+03 1.1463489196996e+04 8.1188917105621e+01 5.7111856090442e-04
72 3.8367838201769e+02 1.1471933258700e+04 8.2864901322044e+01 1.4693633045107e-03
73 4.0759964650298e+02 1.4468439495088e+04 9.2263430969973e+01 3.3677821333805e-03
74 4.7845742173476e+02 1.1812098719215e+04 6.6095430528364e+01 1.1152202909510e-03
75 8.3365052062462e+02 9.3482794704510e+03 -9.6666401942621e+01 1.1693448360945e-03
76 3.7757577539326e+02 1.6641041709803e+04 9.5300121795546e+01 7.7619846233915e-04
77 -1.8314860118932e+02 1.0637511435704e+04 1.6854044140769e+02 2.8061788916439e-03
78 1.4279492880557e+02 1.3809340203468e+04 -4.8445057601220e+01 1.2296574397525e-03
79 -7.3305966402168e+02 1.5554734882937e+04 1.1105053753762e+02 3.1222135536845e-03
80 -2.2393104987762e+02 1.5104850605656e+04 9.9341322750316e+00 2.1125132033035e-03
81 6.5427155125507e+02 1.2169112567164e+04 8.1529592673757e+01 1.0991771570113e-03
82 8.7872443276884e+02 1.5735594634633e+04 7.3570135741764e+01 6.0458060312798e-04
83 -8.4117821030939e+02 1.4493279807368e+04 1.2675424626685e+02 3.4240254897001e-03
84 -4.9364075581518e+02 1.6126412765241e+04 8.6662055856484e+01 5.9025690930203e-03
85 7.2690358868257e+02 8.7150973129695e+03 4.9596204264992e+01 1.4953196718995e-03
86 1.5913286258651e+02 1.0164708492479e+04 -8.1534877898537e+01 1.6568332266679e-03
87 1.3714599592466e+02 1.8764136384547e+04 8.4162482176719e+01 9.1724916552384e-04
88 -5.9469843686702e+01 1.5387085236477e+04 7.9919898858292e+01 1.5657897820700e-03
89 -1.0436775559456e+02 1.5260785883072e+04 9.9179590427697e+01 1.3893041664996e-03
90 7.7538844277999e+02 1.0692710773819e+04 -6.3098837073276e+01 1.0798526459036e-03
91 2.2526583872996e+02 9.8865607858775e+03 9.4517445409433e+01 2.6668294385295e-03
92 5.1293419724120e+02 1.1235090332596e+04 7.8760269194458e+01 1.1959786117853e-03
93 3.6556726138051e+02 1.1225583563760e+04 1.0085737407558e+02 1.5424921293856e-03
94 4.2305724686397e+02 1.1143252266977e+04 9.2753894662024e+01 1.3634807943616e-03
95 4.3153669921816e+02 1.1721742644743e+04 2.4654320145049e+00 1.4005113753508e-03
96 -1.9117228253605e+02 1.3698822076128e+04 7.5542961984747e+01 2.3973308874562e-03
97 -2.9056131147141e+02 1.3434700364410e+04 7.9668990188686e+01 2.5294399387844e-03
98 7.3288371508595e+02 1.3335374711189e+04 7.8381584327630e+01 8.2603502842420e-04
99 -5.2692284037901e+01 1.2448503889406e+04 8.0774076158343e+01 1.4312254524118e-03
100 -5.8515940280305e+02 1.1792642655367e+04 1.0780592059337e+02 2.9924415709572e-03
101 1.6203423712414e+01 1.2854141542927e+04 9.8914671892436e+01 1.8845535183418e-03
102 9.6269315940248e+02 1.5082990280617e+04 7.0652588753432e+01 5.8933856395651e-04
103 -1.0885635363909e+02 1.2033698236316e+04 9.3151509183808e+01 6.2309778198026e-03
104 -6.1929338911739e+01 1.0713597270521e+04 -9.2758576027990e+01 2.7112438064028e-03
105 2.9195468431570e+02 1.1001368528498e+04 -6.5181582512143e+01 1.6760943484164e-03
106 -1.8161787516496e+02 1.1413488949588e+04 -5.9338082703525e+01 2.8170596805417e-03
107 -2.3689586504188e+02 1.1965327471360e+04 8.6672240133713e+01 2.7049491995976e-03
108 1.1079601587067e+03 1.3637288593887e+04 -3.5093629261343e+01 5.8581281735899e-04
109 4.9496179135616e+02 1.5356410324874e+04 9.8695278076298e+01 9.6197375628219e-04
110 -3.0472530858410e+02 1.4070382348040e+04 -1.1926955509767e+02 1.8707910115407e-03
111 3.1502223799121e+02 1.4569597291156e+04 9.0121896660581e+01 1.1698756342191e-03
112 1.2150236505241e+02 8.7441390583791e+03 7.2426357649717e+01 2.6360795219817e-03
113 7.7888109452545e+02 1.1275700235491e+04 9.1505984599597e+01 1.4743691776894e-03
114 -8.4135873547823e+02 1.3228824276254e+04 9.4099778528576e+01 2.8793726782354e-03
115 -5.1502470200428e+02 1.5118918162263e+04 9.4608318668060e+01 1.8592623420937e-03
116 -3.5630004605759e+02 9.8531568934810e+03 8.1772989397643e+01 3.1165494085571e-03
117 -6.3850865355055e+02 8.5413801950418e+03 -1.1452148493438e+02 3.5481132048750e-03
118 -3.0796279392360e+02 1.0455413366706e+04 8.3121848329721e+01 3.0175369741148e-03
119 -8.1002775141084e+02 1.7680526038737e+04 8.7695871668789e+01 2.2739915428955e-03
120 1.1198999046018e+02 1.2286730442093e+04 9.8867778303854e+01 1.9154201604031e-03
121 4.5144161783698e+02 1.0633733175977e+04 -7.1660522013073e+01 1.6870922577212e-03
122 -8.1507525136229e+01 1.2934504353125e+04 7.5914444896305e+01 2.1273252438027e-03
123 4.0954031692411e+02 7.9390566814686e+03 7.1853023157548e+01 2.1970007276030e-03
124 4.0185481184781e+02 8.2776101075453e+03 -1.1089198090102e+02 2.0106234001354e-03
125 6.3223693905708e+02 8.6521567789920e+03 1.0660716317900e+02 8.3776221318237e-04
126 5.2628577084589e+02 1.2013137941269e+04 -4.0250731484894e+01 1.2820992376598e-03
127 6.6832448223376e+02 1.4136574252251e+04 -6.3147921398881e+01 8.8068099230645e-04
128 2.2216152356365e+02 1.0352164192615e+04 -8.8235454832107e+01 1.8275971406953e-03
129 9.0480816190119e+02 1.1307249663243e+04 -6.6407202104214e+01 9.2669199044006e-04
130 8.3598992925555e+02 1.2337400604549e+04 7.8299278209012e+01 8.9687738212963e-04
131 3.4860334134262e+02 8.7347390984429e+03 9.5575538717232e+01 1.5350053910116e-03
132 6.2803411546762e+02 9.4568987403098e+03 8.3394427891180e+01 1.1558385410111e-03
133 5.2539038606410e+02 8.8422407196153e+03 8.5135650033087e+01 1.4345512084611e-03
134 1.7356787287881e+02 1.8154482543061e+04 7.5786174693648e+01 9.3676112325317e-04
135 1.3323324915784e+02 1.7219399415637e+04 -2.7646089582706e+01 1.1524858237692e-03
136 2.9228526941710e+02 1.0840696499011e+04 9.1242400168505e+01 1.5457900818653e-03
137 -7.0842933850934e+02 2.1440261101198e+04 1.6709688181233e+01 1.4094743332070e-03
138 -1.4640523596688e+02 1.0915327350790e+04 7.8146346196528e+01 2.6165417280892e-03
139 -4.4709357794317e+02 1.0948878755118e+04 9.6285697876172e+01 3.2478501351810e-03
140 2.9693614662247e+02 1.0798792374257e+04 9.3331274738406e+01 1.9697083837713e-03
141 6.1692593092234e+01 1.4147511703615e+04 -4.5936367856376e+01 1.5617687333274e-03
142 6.6730176239877e+02 1.2776467945689e+04 -8.8009716265350e+01 5.8937556231091e-04
143 -8.7207702177080e+01 1.4075789361839e+04 9.4485762269950e+01 1.8917366086235e-03
144 2.9868184433544e+01 1.3014534868351e+04 8.7939206840443e+01 3.2094552339866e-03
145 -1.1196409039937e+03 1.6100557144471e+04 7.9622725827379e+01 3.3621112924737e-03
146 -9.3090859308577e+02 1.5537850441965e+04 -1.4397712616556e+01 3.0461193594345e-03
147 -4.5660343359685e+02 1.2232317438070e+04 1.0243939423663e+02 1.3219358987914e-03
148 -2.9154409902452e+02 1.5209506501851e+04 -1.1838036973453e+02 2.1849289268515e-03
149 -6.0129910231136e+02 1.3784492770882e+04 8.8724907452536e+01 2.7858848816727e-03
150 -5.3518459167284e+02 1.4050396606345e+04 8.4273261795271e+01 2.5302271858708e-03
151 1.7145680676554e+03 8.5779836586760e+03 8.0898099491749e+01 4.6999410730868e-04
152 1.7891094124955e+03 7.7555651590535e+03 1.2201003575408e+01 4.5697433626205e-04
153 1.1066244837060e+03 1.3003764784175e+04 1.3022071331676e+02 6.2356643552056e-04
154 -8.1273482872035e+02 1.1313066064149e+04 8.3086864974572e+01 3.3369323407118e-03
155 -6.8594141320189e+02 1.1834284388184e+04 7.9550021641251e+01 3.0663479149331e-03
156 6.4660531386972e+02 1.7132431482371e+04 9.6375093072112e+01 6.6739778195011e-04
157 -2.3615514441903e+02 1.0619157693617e+04 9.2209487597883e+01 5.0296782484560e-03
158 -3.0103584275348e+02 9.8010150228436e+03 1.2555871576771e+02 3.2903697596524e-03
159 4.6344078271722e+02 9.4972438641907e+03 9.7329522016303e+01 1.2649020357236e-03
160 6.9821832042837e+02 1.5101193022248e+04 6.9551195566295e+01 6.8158778975511e-04
161 4.6384870829110e+02 1.5525511584499e+04 9.7515050280508e+01 7.6530618414368e-04
162 7.0348849869933e+02 1.5320186077283e+04 7.7605633934880e+01 3.8992437332885e-04
163 1.6301609345282e+02 1.1159882483223e+04 1.0011730869126e+02 1.4327980899947e-03
164 4.3905286737617e+02 1.0418138447578e+04 -1.1095512774062e+02 1.5151186483592e-03
165 7.2378561830804e+02 9.8552296406489e+03 -4.6566522663185e+01 1.0947246470263e-03
166 -1.7470468617811e+02 1.1016103039124e+04 4.9197889363132e+01 2.8856482463979e-03
167 -3.4909137193981e+02 1.1669911251146e+04 9.5119017149530e+01 3.0968563002189e-03
168 -1.3745594209233e+03 1.4127938667290e+04 9.1265571926957e+01 3.7632692945290e-03
169 -1.3568244186638e+03 1.3913507314567e+04 9.0087823955753e+01 3.7645617249116e-03
170 -4.9329854051170e+02 1.4468030094118e+04 9.6863303851415e+01 2.3347939333535e-03
171 -3.8086004885905e+02 1.4706044388934e+04 8.5413890953600e+01 2.2850266747659e-03
172 -1.1485477283004e+03 1.9736038890432e+04 1.0256630777025e+02 2.4500299230530e-03
173 -1.9847897127676e+02 1.5104850743904e+04 1.0217671156501e+02 1.5470401421647e-03
174 3.9146450857464e+01 1.4518663272682e+04 7.4005421058612e+01 1.3944840961136e-03
175 -2.9680055743256e+02 1.6269340576706e+04 7.6155937308819e+01 2.0554485836547e-03
176 -1.3899804436969e+02 1.7160986448173e+04 1.0139231090207e+02 1.6474393093708e-03
177 7.8621523379067e+01 1.6633224494957e+04 5.4027590379815e+01 1.3637836290038e-03
178 2.6987062876628e+02 1.6117276285139e+04 -5.4893109673866e+01 1.1517599000917e-03
179 1.4962140520108e+02 1.4749134336075e+04 7.5815059222493e+01 1.5347787681222e-03
180 -6.2216318491820e+02 1.2701695199510e+04 9.4253636672974e+01 3.2863435700929e-03
181 -6.7751505270578e+02 1.2721374329572e+04 9.6952110367806e+01 3.4574958427589e-03
182 3.7266154464362e+00 1.5008632085716e+04 9.1179494377558e+01 1.0423620733202e-03
183 -4.5795369139572e+02 1.4862137613368e+04 8.8995993933581e+01 2.6780834550089e-03
184 -3.4674144932871e+02 1.3805465225296e+04 -4.0181510955009e+01 2.6939327974165e-03
185 -3.1854767344222e+02 1.3422505242057e+04 6.3429899238957e+01 2.6494051656142e-03
186 -2.4380656172202e+02 1.5002507060322e+04 7.8515195464660e+01 2.1840358175116e-03
187 -3.9192874854460e+02 1.4159729958149e+04 -8.2702699663578e+01 2.6465063298270e-03
188 2.6911183124345e+02 1.2029025908533e+04 -4.9404155024548e+01 1.4915553713201e-03
189 8.4028456221327e+02 1.0984167648117e+04 -7.0146999294911e+01 9.2510292207127e-04
190 -1.1202682052987e+03 1.3849987208298e+04 1.0965583009291e+02 3.5229939652880e-03
191 2.5479399489377e+02 1.7751043657777e+04 8.3714983600355e+01 9.4618219793888e-04
192 -3.9116205386841e+02 1.1266506859200e+04 1.0203029382295e+02 2.5337379235217e-03
193 5.8376050128641e+01 9.9707395011945e+03 -2.5752310043543e+00 2.3046821605707e-03
194 2.7523362635848e+02 8.3617312377865e+03 1.0027630575435e+02 2.1039266035471e-03
195 5.2353209313034e+02 1.3140511430531e+04 9.1998922932121e+01 2.5313759305574e-03
196 7.1046257059734e+02 1.3944279567200e+04 8.2898804341715e+01 8.4036099263805e-04
197 -9.1023477831765e+02 1.6966386358465e+04 1.0465513538330e+02 3.0764489831396e-03
198 7.1558025782764e+02 1.4556625288368e+04 9.3315354744543e+01 7.6478596619435e-04
199 8.7062932508743e+02 1.3317234294701e+04 6.6828135452275e+01 6.9082993300678e-04
200 -6.3485805021892e+01 1.1922265089646e+04 -8.5347817210964e+01 1.9359363358789e-03
201 1.1576143408201e+02 9.2109308772559e+03 1.1323568979624e+02 2.5976876448854e-03
202 1.4860624350576e+02 9.6204533091462e+03 9.8082521158088e+01 2.4932967375517e-03
203 -7.0699725055511e+01 9.6379891524244e+03 -1.7783474508321e+02 2.0590527509645e-03
204 -3.9485582852713e+02 9.7804872680197e+03 9.6730765399122e+01 3.4255668497501e-03
205 -3.0893019574431e+02 9.3912593799718e+03 9.1596408884675e+01 3.8806210908721e-03
206 -6.8512950178727e+02 1.0359732019829e+04 8.5653888825398e+01 3.8741233181784e-03
207 1.9034454870391e+02 1.0541280440419e+04 -3.1128594986176e+01 2.0266895200829e-03
208 1.8534352681308e+01 1.1438037643503e+04 9.0183373334394e+01 2.3252809641165e-03
209 8.7329557913357e+01 1.8373253874389e+04 -7.8527160771681e+01 1.0260509992693e-03
210 -9.0809552425718e+01 1.9114243967638e+04 1.0717372464656e+02 1.1657143679474e-03
211 6.4210087521116e+02 7.9846072115220e+03 8.1918754852527e+01 1.8180632177493e-03
212 -4.5039194788960e+02 1.2279247911668e+04 9.8242659515674e+01 3.1726246341469e-03
213 -2.9515323999125e+02 1.1649010036196e+04 -6.8360440451811e+01 2.8717665475640e-03
214 -9.5824040482626e+02 9.4073847877208e+03 -7.2876835734170e+01 3.1926586596620e-03
215 -1.3685183522045e+03 1.0157467062652e+04 1.4694725564472e+02 2.6501232246353e-03
216 1.7550686724586e+02 1.2004646070691e+04 4.6494630358980e+01 1.0565682568430e-03
217 4.0636014763549e+02 7.8873362333370e+03 9.0978439969032e+01 2.2115379221484e-03
218 4.8957800321822e+01 9.5276048637651e+03 1.1283307713136e+02 2.2095280482829e-03
219 3.6493864950793e+02 9.6672733937045e+03 4.9327337710934e+01 1.8836537241587e-03
220 8.2826783134044e+01 1.0490413646060e+04 1.1640192535968e+02 2.3763359367864e-03
221 9.2867340880431e+02 1.0608500114776e+04 -7.4304759479275e+01 9.0503813339182e-04
222 4.1636263094152e+01 1.4888837197281e+04 8.2427738547514e+01 1.6883605294182e-03
223 -6.4352630832550e+02 1.0763179471034e+04 9.7145265580638e+01 3.4891690667762e-03
224 6.5700605124480e+02 1.1088484625437e+04 8.8603235532301e+01 1.4882322102348e-03
225 6.7437564520602e+02 1.3094906521814e+04 9.8927898975127e+01 1.0041157086141e-03
226 -1.2787660890456e+02 1.4755876768976e+04 8.2053176664309e+01 1.3870229659526e-03
227 2.4466841349098e+02 1.3296059511915e+04 8.9331135233557e+01 1.4840095547538e-03
228 -1.9369231904885e+02 1.1590268525762e+04 7.2012788174505e+01 1.6133949821789e-03
229 -5.1299106681125e+02 1.4647026459109e+04 1.0341888889787e+02 1.9814266916715e-03
230 5.5256349007357e+02 7.2469373380852e+03 -7.3893098104240e+01 2.0054521716693e-03
231 4.7711963165444e+02 9.1144093909547e+03 8.8469184806576e+01 1.7241748047360e-03
232 5.1076626679261e+01 1.0908577678392e+04 9.2437176641647e+01 2.3947330934920e-03
233 -2.8673174752467e+02 1.2911134450361e+04 7.6267655312287e+01 2.3395525215365e-03
234 -5.9894924346546e+02 1.2991414500484e+04 1.0968028738538e+02 2.2335849685898e-03
235 -1.0949484782657e+01 1.2338909047861e+04 1.4357664802830e+02 2.2947644954018e-03
236 -4.5260007708841e+02 1.4224399904533e+04 9.1491014315528e+01 1.8937493476279e-03
237 1.2714673721773e+03 8.0502029931422e+03 8.2887043151424e+01 8.4743732257695e-04
238 1.1897694442742e+02 1.3658724679776e+04 1.1889844301009e+02 1.6800285196584e-03
239 -2.2576409089238e+02 1.4382089269176e+04 9.5859319164269e+01 2.3179528447459e-03
240 -1.4012190308118e+02 1.5118620081007e+04 9.2142976469830e+01 2.0209058741229e-03
241 5.9582463263601e+02 1.7153974325284e+04 7.3823706761856e+01 6.6996574877559e-04
242 -8.1208742859253e+02 1.7359927198729e+04 8.8406860466004e+01 3.4517681628613e-03
243 1.0922954612160e+03 1.0839454931336e+04 6.0801481023775e+01 7.6745447285919e-04
244 1.6884034441350e+02 1.2168268388169e+04 8.5228440819384e+01 2.0036589815813e-03
245 2.5865257102882e+01 1.4003418616450e+04 7.8943178136204e+01 1.8425306074407e-03
246 -8.4622682360697e+02 1.3105899013381e+04 1.0202149633567e+02 3.1167164526176e-03
247 -4.6175178418944e+02 1.2811775359267e+04 1.1392708782445e+01 2.4318115505180e-03
248 4.1889631327151e+02 1.1134662184822e+04 8.7246138663059e+01 5.1899839279283e-03
249 -1.0305159691480e+03 1.5551599890988e+04 -5.4878223173657e+01 3.5185372300608e-03
250 -1.1298548793482e+03 1.6454426713539e+04 8.3010846898575e+01 3.5750363927736e-03
251 3.0252911104456e+02 1.3625475463597e+04 9.1942863424540e+01 2.6339697515712e-03
252 1.8715598381915e+02 1.0725185844589e+04 8.0570344758731e+01 2.1400442710461e-03
253 -5.3824486627031e+02 1.2834396432185e+04 -6.9892144397802e+01 3.1452147933425e-03
254 -8.1924430725186e+02 1.3135083802290e+04 -1.7995027417609e+02 3.2668914836975e-03
255 -4.3473719151901e+02 1.3437312592464e+04 5.4730363984900e+01 2.5122453779025e-03
256 8.4526079124975e+02 1.1702359586329e+04 7.7861807434664e+01 9.5953681137584e-04
257 7.1570289748474e+02 1.1417826097555e+04 8.3534646217157e+01 1.0735466488257e-03
258 9.8680886359877e+02 1.2942320815841e+04 8.7794231422585e+01 2.6225412700997e-03
259 4.4661906402891e+02 1.0587084339132e+04 1.3197257854486e+02 1.6102495150307e-03
260 -3.7276231744312e+02 1.2288995637864e+04 1.0678456389442e+02 2.1334285685017e-03
261 -4.8308219923714e+02 1.6127961069989e+04 -8.3060040801742e+01 1.8025651798848e-03
262 4.7839559723603e+01 1.7297569837506e+04 8.0736796025047e+01 1.3120378911801e-03
263 9.8107206218167e+02 1.2324231102354e+04 7.9472517136540e+01 7.6389974589768e-04
264 -4.4819227151230e+02 1.2652753119753e+04 1.0815749909667e+02 3.0904215126379e-03
265 7.4722990356872e+02 1.3656051172124e+04 -5.0442263847538e+01 8.6328103737059e-04
266 6.4849317590268e+02 1.3600640166881e+04 -7.5868505243758e+01 9.7803837434910e-04
267 2.5974773877195e+02 9.2784699083383e+03 1.0980467776063e+02 2.3027068500036e-03
268 -1.1706862920484e+03 1.8560458279415e+04 -1.0323884276867e+02 1.6166034371246e-03
269 -8.6966074946645e+02 1.9388582419132e+04 4.3878644494525e+01 1.4439752483049e-03
270 -6.6438477870999e+01 1.2952484084113e+04 -6.2132635467465e+01 2.1791049195467e-03
271 -5.9466179605881e+01 1.1853425090968e+04 -1.0014742480524e+02 1.9547975105670e-03
272 3.3042513682794e+02 1.4580816080869e+04 7.9743607846864e+01 9.6679394537223e-04
273 -2.5119593048333e+01 1.2679377602285e+04 1.0331992551279e+02 2.1811661376240e-03
274 8.9658747047113e+02 1.1967537296566e+04 8.3414283634911e+01 7.5479613407816e-04
275 -1.6736668978032e+01 1.5055229752666e+04 8.9556864733918e+01 1.6269202636956e-03
276 2.7215407557829e+01 1.4601888943475e+04 8.0609539432517e+01 1.3079838354604e-03
277 5.4316206529664e+02 1.2655058155034e+04 -7.3569552280497e+01 1.2294440385090e-03
278 9.7349231419376e+02 1.0550730170600e+04 5.8047462557681e+01 8.7179451466110e-04
279 3.6628548084382e+02 1.2038358751987e+04 7.2249695436728e+01 1.5058701878488e-03
280 -8.9428176030547e+02 1.2414907422138e+04 8.4800908438414e+01 3.5375981507018e-03
281 -1.0439367530325e+03 1.2225308490370e+04 9.0815678276138e+01 3.5444685134529e-03
282 4.7434057762148e+02 1.1466446574013e+04 5.8781452450931e+01 1.4196742961142e-03
283 -3.8145439085103e+02 1.5123116870418e+04 7.4751534188721e+01 2.4635079169844e-03
284 -1.2719360098183e+03 1.5777772023879e+04 1.0182269533394e+02 3.7125334855357e-03
285 -1.2859689413536e+03 1.5367252278604e+04 1.0880010066825e+02 3.5247915154073e-03
286 6.5437608200641e+02 1.5293488360007e+04 -1.6518993106410e+01 7.8180423613719e-04
287 -8.7347036551409e+02 1.5726057401136e+04 9.9441740706075e+01 3.2380174394102e-03
288 2.5352833454256e+02 1.4023495158672e+04 9.6267375645586e+01 1.1828054525713e-03
289 -1.1905554169242e+03 1.4632265463187e+04 7.4268146209883e+01 1.9911718091518e-03
290 6.8982031390999e+02 1.1363107927313e+04 8.0473962484812e+01 1.1064232083099e-03
291 3.2865507286047e+02 9.3987415267248e+03 4.0605876862231e+01 2.1726661710240e-03
292 2.0586700781311e+02 9.9344772358727e+03 -7.6828735467501e+00 1.9206207931321e-03
293 5.7245387734234e+01 1.1118407005876e+04 8.0589256253279e+01 2.2112659027818e-03
294 1.9218821584160e+02 9.9139144357852e+03 -3.3172488512796e+01 2.2627535878169e-03
295 3.1498651288379e+02 6.1990879172367e+03 8.9310629355187e+01 1.9980473311012e-03
296 -1.3633145345296e+02 1.2392475208243e+04 8.8133015943313e+01 3.2600479274300e-03
297 -2.9318963013492e+02 1.2263634659403e+04 1.0069845063705e+02 2.4605728996267e-03
298 -7.5498869915584e+02 1.5256899913510e+04 -1.0475651673774e+02 3.1109838275554e-03
299 -5.8209963829228e+02 1.4014600585074e+04 8.8870504756157e+01 1.6306523814178e-03
300 1.9584426798143e+02 1.5859536328942e+04 9.6953808571635e+01 1.2700741591067e-03
301 -1.0058314405872e+02 9.7280951951625e+03 1.4165300650562e+00 2.2565088722470e-03
302 -3.4214513644105e+02 1.0310819494701e+04 7.9073201138715e+01 2.2546674801819e-03
303 8.6614333224525e+02 1.2754908758511e+04 8.3453347083264e+01 8.3152272667004e-04
304 1.5257127563546e+02 1.2883326462163e+04 1.0318051775911e+02 1.7949811464419e-03
305 4.0417091934299e+02 1.3067231504867e+04 7.5255678077260e+01 1.3853087137748e-03
306 2.2461954516720e+02 1.2940093448158e+04 9.2907278975428e+01 1.7137287162986e-03
307 3.4320806795700e+02 1.3419502896543e+04 7.8833308015645e+01 1.2588814817236e-03
308 9.4370067647593e+02 1.1712526745439e+04 -9.2691874458160e+01 7.3029554719352e-04
309 -5.3798027956175e+01 1.2482930998965e+04 -1.1896081353180e+02 2.3545796382488e-03
310 1.1471634970878e+03 2.0145714277133e+04 7.6312933458570e+01 3.7698916199763e-04
311 -8.1428752753704e+01 1.3232635574867e+04 1.2202369020059e+02 2.2647288290835e-03
312 1.5593097890246e+02 1.3654929402105e+04 8.8068980186552e+01 2.8975627397097e-03
313 2.1572152816854e+02 1.5687916911832e+04 9.9958624130208e+01 1.2823075341959e-03
314 -1.8415977421558e+02 1.3635675919424e+04 -9.1467579744728e+01 2.2048247537667e-03
315 1.0955479567726e+03 1.0992510975263e+04 9.1953827440736e+01 1.9823595472780e-03
316 -4.4827332529894e+02 1.3789190634233e+04 -1.2546707437213e+02 2.6272146621744e-03
317 -1.0942711183844e+03 1.3652443906861e+04 9.7861856682846e+01 3.2579109245153e-03
318 -9.3549354210226e+02 1.3499143810748e+04 8.6598664725625e+01 6.2241819103544e-03
319 -2.5438233120630e+02 1.1121652765473e+04 9.0588977972057e+01 2.9747018776807e-03
320 -1.4986451479872e+02 1.8037845149165e+04 8.6653254214315e+01 4.4180369361888e-03
321 5.4841531360002e+02 1.5146181577161e+04 3.0729381283341e+01 9.2432382892322e-04
322 4.8190752445843e+02 1.3718854700449e+04 8.9506165396360e+01 1.1540009809905e-03
323 1.8666256318522e+02 1.3964802882640e+04 8.3312058867638e+01 1.5175499705480e-03
324 4.6626874180163e+02 1.2637675489058e+04 8.7722093112979e+01 2.9896796850886e-03
325 -1.0784931191688e+02 1.2780406450595e+04 9.9094222949046e+01 2.3808201635165e-03
326 -6.8996909470447e+02 1.6027558733274e+04 8.8580639826722e+01 2.6207542431251e-03
327 -9.0226507033660e+02 1.4826682648556e+04 1.3528818133008e+02 3.0598398571920e-03
328 3.8734707119014e+02 1.2443549379396e+04 4.9669582798232e+01 1.4757725744280e-03
329 6.9897478855206e+02 1.3631447808408e+04 4.2864724023422e+01 8.3675533693862e-04
330 -1.5324725750633e+02 1.3468580292249e+04 6.8110927108382e+01 2.0387338776752e-03
331 -2.7488652874732e+02 1.3036571275385e+04 1.6633333446612e+01 2.4791192396518e-03
332 1.9119285604421e+02 1.5713683218274e+04 8.3375803058025e+01 1.3099729997869e-03
333 -1.4596872103946e+02 1.6355240938877e+04 1.7933992236820e+02 1.8011130604722e-03
334 -1.8637920273981e+01 1.7509009771644e+04 9.2609011911200e+01 1.3862046946095e-03
335 4.2616895774732e+02 1.4337667347480e+04 1.3962941430729e+02 9.1153641050076e-04
336 4.5642129699102e+02 1.5099187611179e+04 9.5851206687880e+01 7.7348702387208e-04
337 -2.9606390532806e+02 1.3282534555492e+04 9.8565256182234e+01 2.5608269640247e-03
338 4.7385468805245e+01 1.1921350962211e+04 9.2886914923867e+01 1.2192104638271e-03
339 7.0945855962352e+02 1.3787268702720e+04 -1.5332348281266e+02 8.8878378769440e-04
340 -1.0136430443176e+03 1.6476611874519e+04 9.2398497336505e+01 3.4302515194167e-03
341 -8.6308513288577e+02 1.6109037042675e+04 8.3314825078452e+01 3.2307289735692e-03
342 -4.7100779381385e+02 1.4113414974281e+04 8.0497774465490e+01 2.6182177496350e-03
343 1.1908752471234e+02 1.3551577513383e+04 1.0197207655972e+02 1.7249452647861e-03
344 2.5533680332042e+01 8.9807236176428e+03 -5.7134964075928e+01 1.9925235522125e-03
345 -8.3568386768084e+02 1.5609801789445e+04 1.0613394033187e+02 2.7560980414539e-03
346 5.6816934124475e+02 1.3644968988097e+04 9.9627024708461e+01 1.0259138760752e-03
347 -4.7275896574020e+01 1.3525763786488e+04 6.8278743644773e+01 2.0811866235499e-03
348 -3.8544787479310e+02 1.5780100933412e+04 9.3843516130003e+01 2.2077213661713e-03
349 8.5269295354124e+02 9.3046010175591e+03 9.4980084101901e+01 1.2949523284532e-03
350 1.1750705663249e+03 1.2124494689594e+04 4.0115523739244e+01 6.2298923006931e-04
351 -6.8906393728708e+02 1.3434598414979e+04 4.0265108596197e+01 2.4756375631444e-03
352 2.1748624575804e+02 1.3648543203025e+04 1.0221615012297e+02 1.5743615566974e-03
353 1.8718183177885e+02 1.6283436900617e+04 3.4170696671499e+01 1.2163805882508e-03
354 1.4890564249084e+03 1.1483917019912e+04 9.4614344843163e+01 5.0363224708537e-04
355 -5.2208896212546e+02 1.1489065626372e+04 9.6386271850310e+01 3.2842923140056e-03
356 2.2023389049493e+02 1.6520302662695e+04 9.2087642835960e+01 1.0377682896500e-03
357 -3.7448789037276e+02 1.4266468548714e+04 5.9459562485450e+01 2.1082000809709e-03
358 -5.7960480793917e+02 1.1389609660455e+04 -5.6582646710496e+01 3.1877404144048e-03
359 -8.2161571811885e+02 1.1866409855138e+04 1.0904626532685e+02 3.0477932956433e-03
360 1.4215862087166e+02 8.0387762546177e+03 -7.2202945896519e+01 2.5644912528857e-03
361 1.0619159430191e+03 1.1955409928545e+04 -6.8381340481008e+01 6.8671796133110e-04
362 -4.1969772076821e+02 8.1029056639531e+03 9.9490116293802e+01 2.1842939750950e-03
363 -4.3565726911564e+02 1.3315925447062e+04 -5.2939210037734e+01 2.0502777585601e-03
364 4.6770648397146e+02 1.3369184623495e+04 7.8028746720294e+01 8.7038972733845e-04
365 2.6010610056058e+02 1.4077567063099e+04 9.2884686629512e+01 4.7352615367016e-03
366 3.5954380420662e+02 1.4290733521740e+04 9.7997915171649e+01 1.2021036130785e-03
367 -3.5360436842719e+01 1.6058474987627e+04 7.7348142836214e+01 1.5815429738406e-03
368 2.8715477196820e+02 1.3468847873839e+04 9.0926256859812e+01 1.5047131512829e-03
369 2.5210624066333e+02 1.2721165403936e+04 -1.3383404053571e+02 1.6324285543818e-03
370 1.2153412734098e+03 1.1720384475715e+04 -8.4002883163653e+01 6.2837953986862e-04
371 -4.5707409804387e+01 1.6796550800967e+04 8.6682712434532e+01 1.5193501240455e-03
372 -1.4897248922809e+02 1.3356618894356e+04 1.0917224942741e+02 2.2764321121377e-03
373 3.0206417358725e+02 9.8925150571018e+03 9.1633477327498e+01 2.5164423132489e-03
374 1.8240407300504e+02 1.3303760482808e+04 1.4560611637177e+01 1.6788492056106e-03
375 -9.1039253786383e+02 1.2979861780352e+04 9.0492235717642e+01 3.5026611205761e-03
376 -9.2814962067211e+02 1.1734780988803e+04 1.2290940401957e+02 3.3731324622170e-03
377 1.5115150475726e+02 9.9219635724616e+03 4.9401248401982e+01 1.9740745037584e-03
378 7.6789868885612e+02 1.1382643702589e+04 3.7340065873500e+01 1.0381613005484e-03
379 7.5240833939374e+02 1.1829727060820e+04 7.2500307756916e+01 1.0446008140976e-03
380 8.2338664196017e+02 1.1145326366709e+04 -1.7042098653653e+01 9.8740352476756e-04
381 4.8314357475542e+02 1.0736456205436e+04 7.0407250977491e+01 1.4543295216655e-03
382 4.3337428099762e+02 9.1655175387375e+03 1.0252329949298e+02 2.0061032823866e-03
383 3.0230760653006e+02 1.1465728811594e+04 9.7093874057561e+01 1.7445833987642e-03
384 8.5346236111700e+02 1.3213479319298e+04 -8.8392983435051e+01 7.5920355603373e-04
385 6.8467323204948e+02 1.2102233779613e+04 7.4889572006682e+01 9.9231555275825e-04
386 3.7551787436118e+02 1.5976045656781e+04 8.9957136370226e+01 1.0345963440592e-03
387 7.2417934667681e+01 1.3564601285220e+04 -8.4353297598598e+01 1.8864729398967e-03
388 -5.0776181808685e+01 1.0313550330400e+04 -3.6250268546576e+01 2.6658148771377e-03
389 -3.5757371212005e+02 1.1571700034405e+04 8.5929055958130e+01 3.1232677369912e-03
390 1.0843743481116e+02 1.0162589135217e+04 1.1924352691597e+02 2.4471152546544e-03
391 1.1559923311917e+03 8.9994811573417e+03 7.3417612547945e+01 9.0101459803002e-04
392 2.0872397374009e+02 6.6488950909632e+03 9.9383290882673e+01 2.9110528673297e-03
393 7.1542655499362e+02 1.2214058404044e+04 -9.6747425124593e+01 1.0278397378384e-03
394 1.1876797991791e+02 1.0819720089766e+04 1.0156090432725e+02 2.2996953326523e-03
395 4.8047498151124e+02 9.1713802756620e+03 -7.1537029987222e+01 1.8796407943258e-03
396 9.6076327056082e+02 7.2032633313514e+03 9.3384839560588e+01 1.1036335429350e-03
397 -1.0152352735938e+02 1.4459091374471e+04 8.6100455242457e+01 1.6771450254685e-03
398 -7.1704666659801e+01 1.8279888192120e+04 8.7449920470342e+01 4.0784992519921e-03
399 6.9566262759103e+02 1.3431976878427e+04 6.4591200092813e+01 9.3176617352962e-04
400 7.8463411697763e+02 1.3083496214680e+04 8.6500662349299e+01 3.6748558550912e-03
401 -4.3984046238171e+01 1.6675394430767e+04 8.2531092769552e+01 1.5606084166345e-03
402 -8.9676573808323e+02 1.3907070009371e+04 1.2913123388140e+02 3.4817851879407e-03
403 -8.9383328517645e+02 1.4239346855066e+04 9.9396567878184e+01 3.2780240744183e-03
404 -3.4395967961874e+01 1.7505028217330e+04 8.5441917594641e+01 1.7004052684579e-03
405 1.3414271263049e+03 1.2554823699879e+04 3.7682329210908e+01 5.1722834936082e-04
406 1.0444757928254e+03 1.0293849140438e+04 7.5410198332103e+01 8.8825063563776e-04
407 -4.3453910337612e+02 1.7915561391627e+04 8.8604097254588e+01 2.0426467436844e-03
408 3.2194218347440e+02 1.0242934974669e+04 9.4898603586289e+01 1.9513737388113e-03
409 -2.4684352775608e+02 1.2694396674948e+04 9.6319701533494e+01 2.7109127883394e-03
410 -1.4193608669674e+02 1.3341794272438e+04 8.9180187650832e+01 2.3493408283456e-03
411 -4.3964815889028e+02 1.2439527859753e+04 1.1855546738693e+02 3.1199589317919e-03
412 -5.2370916498484e+02 1.5549734255857e+04 9.1447426912795e+01 2.4872561587892e-03
413 1.9157432532317e+02 1.6222796293620e+04 3.3571747450203e+01 1.2213033193131e-03
414 5.5909918906794e+02 1.0135942812343e+04 9.7099556599368e+01 1.5859294648411e-03
415 -8.6852802033836e+02 1.7884778526891e+04 1.0219585821873e+02 2.9622446371787e-03
416 -1.1312974850147e+03 1.8798398030328e+04 1.0571775834233e+02 3.2279184112759e-03
417 -7.9313971931038e+02 1.8411133540059e+04 8.4718975149517e+01 2.6867946615796e-03
418 -8.6196697643502e+02 1.8298063368759e+04 9.1394008899231e+01 2.8588390291935e-03
419 3.8090832584171e+02 1.1647840759150e+04 7.0121500373528e+01 1.6106912796018e-03
420 -5.0079644796243e+02 1.5525043055062e+04 7.2378437901022e+00 1.6763393289761e-03
421 -7.4936105056738e+02 1.5891662971792e+04 1.0341603605937e+02 2.4691025209925e-03
422 2.1009130269785e+02 9.6148032237062e+03 4.5894080779902e+01 2.3706873913987e-03
423 -4.1697553682353e+02 1.7391548187189e+04 8.9575757579673e+01 1.9337265005885e-03
424 6.0748012195281e+02 1.4565497511896e+04 9.1826124036331e+01 8.5212315428159e-04
425 2.8556339740900e+02 1.2227794795828e+04 6.3373923117957e+01 1.6832677389862e-03
426 -4.0147667558512e+02 1.4096782568024e+04 9.4935743593305e+01 2.5897422943434e-03
427 9.9640005124058e+02 5.3075686586801e+03 9.0448314781809e+01 1.2364188314087e-03
428 -1.5622302031897e+02 1.5380373994911e+04 3.1315335978312e+01 1.8626019921705e-03
429 -3.5829712893832e+02 1.5235483543941e+04 -1.1999221291050e+02 2.3179136556668e-03
430 -5.0357103036351e+02 1.1056946168175e+04 1.0174374316815e+02 3.1290224215941e-03
431 -1.9083835365426e+02 1.1087587912201e+04 8.0454025984190e+01 2.8522295043995e-03
432 1.1263063845902e+03 1.1643778374679e+04 1.5707289842938e+02 6.9996124064196e-04
433 1.1742205804502e+03 1.1312682405762e+04 -1.3488443993759e+02 6.6087834323709e-04
434 1.4181067742195e+02 1.2704832376027e+04 9.3650705984744e+01 1.4905138941713e-03
435 -3.1191522484435e+02 1.3640944947336e+04 8.2552222027232e+01 2.4248760730703e-03
436 7.7729613812611e+01 1.1127215484906e+04 9.4257667669945e+01 2.3477927604727e-03
437 6.0047866564302e+01 1.1680002006221e+04 9.3295536934999e+01 5.7098438871656e-03
438 3.4560697140626e+02 1.0190975224763e+04 9.0873455244798e+01 1.9788037578705e-03
439 2.9876030662445e+02 1.5717573450610e+04 8.3003477022080e+01 1.0124897612079e-03
440 -5.2081894950818e+02 1.6076657046769e+04 9.4334172421094e+01 2.5563684034765e-03
441 -4.4875683686877e+02 1.5507420964908e+04 9.0612228827819e+01 2.5520417868744e-03
442 -7.8054074498061e+02 1.3714260937843e+04 9.6553211975978e+01 3.2944945547717e-03
443 1.5572963079209e+02 1.2995261883738e+04 -1.2020919982867e+02 1.8315634939581e-03
444 3.3612761505469e+02 1.1453830025283e+04 5.0231678261112e+01 1.5866440366838e-03
445 -4.7116301993729e+02 8.4616189594220e+03 1.0122987920132e+02 3.3063844148233e-03
446 -3.9427736452125e+02 8.8726690971008e+03 8.2540876265125e+01 3.5565824372161e-03
447 2.8239842385343e+02 1.0350311412882e+04 8.2825387600947e+01 1.7817523800570e-03
448 9.6691074034766e+01 1.4139021170845e+04 8.8847044276087e+01 1.8067930315800e-03
449 9.2226709075302e+01 1.3684500547770e+04 -3.0911266381497e+00 1.6428639549923e-03
450 2.2482757775306e+02 1.3894831266760e+04 4.3975007738949e+01 1.5081575185116e-03
451 -6.5413562394781e+02 1.3946397957116e+04 1.0059799074881e+02 3.1362112173044e-03
452 -4.5052066753394e+02 1.3631171998250e+04 8.3143136249525e+01 2.8191106084654e-03
453 1.3936039585960e+02 1.3698533149347e+04 7.7645691130797e+01 1.5555485666154e-03
454 1.8141086909673e+01 1.5319162580647e+04 6.8452421381564e+01 1.6138088074655e-03
455 1.7250727474853e+02 9.9234575232951e+03 -7.8299839798259e+01 2.0826381639015e-03
456 -3.7833796778550e+01 1.5208526839416e+04 1.0016172214854e+02 1.7596382086901e-03
457 -9.0819327298134e+02 2.1802710210680e+04 8.8085247443233e+01 1.2800397799011e-03
458 7.5372864591946e+02 1.6926124844845e+04 8.5738104688070e+01 1.3758159713804e-03
459 6.2354000530539e+02 1.5693342400808e+04 1.2968226603803e+02 7.9693819714931e-04
460 -1.4030948802077e+02 1.5180750407446e+04 -3.1549854535382e+01 1.8282228573284e-03
461 -4.3747774917672e+02 1.6040062492011e+04 1.0155887881113e+02 2.1991360922105e-03
462 -6.8971783578221e+02 1.6822425171002e+04 4.8218465401583e+00 2.4240192643439e-03
463 7.2889402163200e+02 1.2314658075545e+04 8.5951856788825e+01 1.0280005429779e-03
464 5.4758476570975e+02 1.2791401315854e+04 9.6146524752873e+01 1.1175496039626e-03
465 -8.2819848091471e+02 1.7081607744672e+04 8.2009995402673e+01 2.9046727393048e-03
466 -8.7375136631690e+02 1.6817182878808e+04 1.2497770059784e+02 2.8091986471341e-03
467 -1.3784981277380e+03 1.4232856023013e+04 1.2366225260967e+02 3.6747862783185e-03
468 -8.7942399025203e+02 1.4546498995044e+04 7.4252086825679e+01 3.3779704902128e-03
469 -3.4806042799124e+02 9.2216832127769e+03 9.5098582407122e+01 2.3767514968799e-03
470 3.4953143004948e+02 1.4533796384433e+04 1.0233132685727e+02 1.2537379600423e-03
471 1.5881789454629e+02 1.6648939133688e+04 8.4671937378107e+01 1.2150508657712e-03
472 3.3957110193455e+02 1.1913686431367e+04 8.5105473945940e+01 1.7825774042657e-03
473 1.0261945842013e+03 1.1396889676218e+04 9.8690170437995e+01 7.9754448621067e-04
474 -1.6344188156707e+03 1.0515481289460e+04 1.0030473581514e+02 2.9360473833277e-03
475 -1.3330802743115e+03 1.0392586301646e+04 7.9856957698547e+01 3.1603283536895e-03
476 4.7171649489889e+02 1.7215056458593e+04 7.2087876958195e+01 8.0016059407197e-04
477 -5.4911089175428e+02 1.8635013927616e+04 8.6007563402094e+01 1.9284414163512e-03
478 -7.8391708102020e+02 1.1546496202046e+04 -6.7716539929628e+01 2.5704271363122e-03
479 3.7559733509089e+02 8.6844311646917e+03 9.1384944477027e+01 1.6082298957176e-03
480 1.4537314496652e+01 1.1088439110596e+04 9.0511686541001e+01 2.4885547438698e-03
481 1.2123788462640e+02 1.0850449742059e+04 8.4870681817701e+01 2.3096506839597e-03
482 9.3457828418033e+01 1.4146925306053e+04 1.5978068428829e+01 1.5066127611296e-03
483 3.7965692507998e+02 1.1622525393923e+04 -6.4492420896486e+01 1.1200143907159e-03
484 5.0004245438462e+02 1.5604507076958e+04 8.8760860671396e+01 1.0997568835907e-03
485 5.5116717819304e+02 1.3907682020399e+04 3.4129048682677e+01 1.0338401906390e-03
486 8.8591066993345e+02 9.2773840484947e+03 1.0386005148254e+02 1.1691983510800e-03
487 2.9532176460606e+02 1.3911463449844e+04 1.0969055273803e+02 1.2859525307560e-03
488 4.8982411162543e+02 1.4607945338463e+04 8.5028264777810e+01 1.0056581383134e-03
489 7.0750199192426e+02 1.3762421009688e+04 2.6528690725358e+01 8.1441650735118e-04
490 5.7937271912440e+02 8.7024244172615e+03 9.4979567737516e+01 1.7483438203237e-03
491 2.9118107672152e+02 1.1637380511614e+04 -6.3617351191747e+01 1.7763790605271e-03
492 1.2098610636121e+02 1.2811621222418e+04 8.4085293729292e+01 1.9302583525837e-03
493 1.4709334923229e+03 9.9878537981676e+03 8.1782041047117e+01 5.7910670151488e-04
494 1.2522188828650e+03 1.0224564220066e+04 1.0178265691967e+02 7.0710992328365e-04
495 -5.9356141841713e+02 1.1807033794586e+04 8.6535171151585e+01 2.3838184508159e-03
496 -7.7975325207653e+02 1.0463988411671e+04 -1.1766583488897e+02 3.0468671446326e-03
497 2.4200015308069e+02 1.6795009529657e+04 -2.8988296483498e+01 9.6314472781787e-04
498 1.8672170512107e+02 1.2749697737807e+04 8.4219467813370e+01 1.7765451583649e-03
499 1.2966104296780e+03 9.3507586113906e+03 8.8820233905255e+01 5.0902456097039e-04
