0 2.5136074040612e+04 2.2648162916174e+03 -1.2209686711040e+02 2.1252124193587e-03
1 2.5661252018864e+04 2.5233162123070e+03 1.0350214933308e+02 1.8063403679756e-03
2 2.5803013652284e+04 1.4796556557946e+03 -1.7422895195208e+01 3.8436379737640e-03
3 2.5365378384259e+04 2.2392272208513e+03 1.0004322902972e+02 2.3874257684128e-03
4 2.5199467659237e+04 3.5390317835708e+03 7.4435752973215e+01 5.5403210516739e-04
5 2.4701667782686e+04 3.5524310537256e+03 9.6390842005892e+01 5.1554414502472e-04
6 2.4336523772140e+04 3.5446509322556e+03 7.9686445745741e+01 5.3945978237659e-04
7 2.5745293644436e+04 2.9623918040490e+03 -8.1139567601177e+01 1.0369326938657e-03
8 2.5509035398949e+04 3.5336704282981e+03 9.1152414824436e+01 5.8121041509292e-04
9 2.4570951060574e+04 3.9622414182942e+03 1.0274551016277e+02 4.2641049104826e-04
10 2.5009458249805e+04 2.3872379046884e+03 1.5121127769422e+02 1.8198321333792e-03
11 2.5370455480651e+04 2.4837623385232e+03 -8.1278360847787e+00 1.8541205416894e-03
12 2.4945787539119e+04 2.5921594419601e+03 1.6285705220522e+02 1.6428399103750e-03
13 2.5774141611987e+04 1.1918212205522e+03 7.9315727094722e+01 4.0146545790108e-03
14 2.5652950237241e+04 1.3003577838740e+03 9.2623564691576e+01 3.9659867038644e-03
15 2.5856645077744e+04 2.0479073799970e+03 8.4332763017717e+01 2.8095327113120e-03
16 2.5668692177296e+04 2.8362144635735e+03 9.5589133072917e+01 1.2506343127675e-03
17 2.5480679721728e+04 1.6287506543594e+03 -7.6579248776451e+01 3.6105881870447e-03
18 2.5283710267808e+04 2.8754761120917e+03 9.6550258980094e+01 1.1849530047434e-03
19 2.5199723220190e+04 2.7690579293115e+03 1.0409953722114e+02 1.3403266097107e-03
20 2.5380623072410e+04 2.4949834551075e+03 8.9512038428799e+01 1.8385779894604e-03
21 2.5367432152288e+04 2.8157120810108e+03 9.1485577859582e+01 1.2866684396325e-03
22 2.5383182256435e+04 9.3387090401416e+02 -9.4720337048475e+01 4.0020044708869e-03
23 2.5373211056707e+04 2.6430670059594e+03 9.3159535777728e+01 3.5555578369534e-03
24 2.4973436114526e+04 2.1984615019672e+03 9.4336834268117e+01 2.3763486740836e-03
25 2.5229341496264e+04 1.2846938512616e+03 6.4288676048123e+01 3.9783472363436e-03
26 2.5160509916292e+04 1.4456660439007e+03 8.8351537146150e+01 3.8634756298785e-03
27 2.5948044434226e+04 2.7806783538169e+03 9.4242047196215e+01 5.1272281512592e-03
28 2.6109855889207e+04 2.9422183970208e+03 8.4467907702486e+01 1.4897713376548e-03
29 2.5477144617045e+04 2.6799152478426e+03 1.1402986889940e+02 1.4131635755627e-03
30 2.6275928666906e+04 2.5087364413317e+03 -5.4735328413361e+01 1.7497081267206e-03
31 2.6081409554877e+04 2.4642851084461e+03 6.7784013586991e+01 1.8745567536407e-03
32 2.4229954800577e+04 2.8080939403135e+03 9.4113675765083e+01 1.0421285475317e-03
33 2.4934105898713e+04 2.3223123128238e+03 7.7975553013491e+01 1.8703511288852e-03
34 2.4648413588183e+04 1.8136843448006e+03 1.3413144362690e+02 2.7767150532096e-03
35 2.4747402199942e+04 2.1230931202039e+03 -5.5846786405985e+01 2.5358506890637e-03
36 2.4241772614804e+04 3.2716571173114e+03 1.1426050514757e+02 7.0624384390930e-04
37 2.4692155209155e+04 3.7766191518993e+03 8.7496656737240e+01 4.7746651179458e-04
38 2.4571047616169e+04 1.4913839577390e+03 -4.0412469790801e+01 3.7991319060320e-03
39 2.4435573070862e+04 1.7722386084694e+03 9.9642677032819e+01 3.3231355696499e-03
40 2.4387468566347e+04 3.4615103793226e+03 8.8123320281717e+01 6.4620770203086e-04
41 2.4842949271431e+04 2.5532206353840e+03 9.2431040560862e+01 2.0364279053730e-03
42 2.4952846903754e+04 1.0443757103131e+03 1.5766416777335e+01 4.0279713980950e-03
43 2.5232889970999e+04 2.0486939469481e+03 5.8196620875067e+01 2.7832131194868e-03
44 2.4890613605762e+04 2.4652105137255e+03 9.5999645587908e+01 1.8580601216469e-03
45 2.5400419867599e+04 2.8683015589974e+03 7.0652729398361e+01 1.0531519629379e-03
46 2.4761287903925e+04 1.9712640116695e+03 -6.4695905862658e+01 2.3800423840908e-03
47 2.4660684776688e+04 1.0846231313731e+03 -9.0579318883204e+01 3.7766323850473e-03
48 2.4878725516911e+04 9.3594160413133e+02 -7.2025255015063e+01 3.7639630188307e-03
49 2.4617336752782e+04 3.0005455885745e+03 9.3545008009676e+01 4.2508291759291e-03
50 2.4609563913280e+04 1.5343255657116e+03 -1.3166958803369e+02 3.5944600602685e-03
51 2.4203253879886e+04 2.3805603290882e+03 -3.5972981806880e+01 1.8115996400810e-03
52 2.3823294955720e+04 3.6738059537598e+03 9.8294656199171e+01 4.9486175446646e-04
53 2.4149393431796e+04 2.8089013663010e+03 1.1544598265672e+02 1.2053908124337e-03
54 2.4541564836905e+04 4.7609575554283e+03 6.7603354267934e+01 3.7238069357421e-04
55 2.4253512312700e+04 2.7605365294415e+03 1.2194021225992e+02 1.2966958451398e-03
56 2.4423369430289e+04 2.6000526758250e+03 -3.4643227941248e+01 1.5376885664418e-03
57 2.4848703866421e+04 1.5462183563280e+03 3.5007700917370e+01 3.7084902670246e-03
58 2.4930516817271e+04 1.9949561690623e+03 7.5178177438194e+01 2.8704846934059e-03
59 2.5431854124037e+04 3.0723067630369e+03 8.2540478510169e+01 8.1037853143661e-04
60 2.5135725137960e+04 2.3470450152267e+03 7.1733222437674e+01 1.6499844095224e-03
61 2.5177487183298e+04 3.0227389506948e+03 7.7494827700383e+01 9.1510253279118e-04
62 2.5107309213653e+04 2.9451058797027e+03 8.1759489581579e+01 1.0022194927860e-03
63 2.4758140092085e+04 3.1300416902118e+03 8.9170358248778e+01 8.2864033998476e-04
64 2.4622544880506e+04 3.1886003245965e+03 1.1337383665917e+02 7.7916085339879e-04
65 2.4847046775757e+04 2.8334090801586e+03 4.5171316302469e+01 1.0621783774629e-03
66 2.5033875505060e+04 1.4331506699652e+03 -7.1986948214913e+01 3.6607734295691e-03
67 2.4721517847209e+04 1.9373035984626e+03 1.3422212456332e+02 2.8110894492570e-03
68 2.5286574179703e+04 2.5486735512925e+03 3.2540271787917e+01 1.5828143807933e-03
69 2.3785245269236e+04 4.4413383353750e+03 1.0303886893549e+02 3.8116800775705e-04
70 2.4282463004461e+04 2.7112317016178e+03 6.6809481619686e+01 1.3612567974794e-03
71 2.4377985352696e+04 2.5114367022575e+03 5.7432660968760e+01 1.7331947544819e-03
72 2.3937460194196e+04 2.5855672743195e+03 1.0951104103780e+02 1.5584511872709e-03
73 2.4535504644221e+04 2.8278215490021e+03 8.7734353776146e+01 1.2188657904727e-03
74 2.3758435347290e+04 2.9861472287431e+03 1.1188923665955e+02 9.3514349563745e-04
75 2.4578709363894e+04 4.3362055672194e+03 8.9761826946057e+01 3.8897774188038e-04
76 2.4624008861372e+04 3.0334089645341e+03 8.4253121171593e+01 1.1458447183893e-03
77 2.4889618119554e+04 2.8072339922296e+03 5.7677128648169e+01 1.2735373134911e-03
78 2.4727110714865e+04 2.0172971464356e+03 6.6147022295244e+01 2.5410482233089e-03
79 2.4522222267080e+04 1.3108545627659e+03 -9.9354382555673e+01 3.6133832449845e-03
80 2.4747237182283e+04 3.1703391508203e+03 6.3852548039233e+01 7.3071552519489e-04
81 2.4095703895766e+04 2.5225025059726e+03 1.1355871977278e+02 1.6644598014816e-03
82 2.4062045897185e+04 3.2992446606247e+03 1.0164228771077e+02 6.4750815192721e-04
83 2.4559913349357e+04 -2.5510454466025e+02 -6.1284904439808e+01 2.0001080055518e-03
84 2.4509920191884e+04 1.7686146858966e+03 8.0491013574342e+01 2.9809968859341e-03
85 2.4496568763280e+04 1.6931642215452e+03 8.0542186296767e+01 3.1412676439749e-03
86 2.3876362497136e+04 3.2668163695337e+03 9.1837543429558e+01 6.6899558952538e-04
87 2.3944850649023e+04 3.6090165646795e+03 8.8987111040257e+01 5.0687824840134e-04
88 2.4039471582019e+04 2.8078898841524e+03 8.1585160499156e+01 1.2112897537958e-03
89 2.3726372692605e+04 1.2360959306158e+03 6.7285760596104e+01 3.7924031441667e-03
90 2.3689173663891e+04 2.1040414125329e+03 8.4382323294742e+01 2.6683052137136e-03
91 2.3401123358477e+04 3.2952819825629e+03 1.0889753244688e+02 6.6719735238777e-04
92 2.3583040282024e+04 3.1903132608950e+03 1.1651177748662e+02 7.6159757013986e-04
93 2.4248240619923e+04 1.1279965560521e+03 1.6957425720809e+02 3.8904057043522e-03
94 2.4845991768919e+04 1.4199582347836e+03 4.7166737474434e+01 3.7015351568131e-03
95 2.4968439335928e+04 2.2078486463175e+03 3.2075343158296e+01 2.3919212506907e-03
96 2.4619182445035e+04 3.0105777951909e+03 1.0260044411287e+02 9.7439677215989e-04
97 2.5192760035586e+04 2.1646831789440e+03 7.4716732114166e+01 2.3650158668068e-03
98 2.4810002911384e+04 2.5114848534745e+03 5.9525787290311e+01 1.6673083234875e-03
99 2.4792630173377e+04 1.9521536649429e+03 -3.1034261434800e+01 2.7810093605397e-03
100 2.4051294087369e+04 2.3690104161086e+03 8.1513094149851e+01 1.9984468145480e-03
101 2.4062707445995e+04 2.5650933143269e+03 8.2826654256252e+01 1.6200028696426e-03
102 2.3143665886041e+04 1.3188586791764e+03 -1.7703861691181e+02 3.9108758303051e-03
103 2.3475766185733e+04 1.6666402609957e+03 6.5054149706278e+01 3.4468452869072e-03
104 2.3851631366445e+04 1.4381777677475e+03 -5.0890949214425e+01 3.8275482195805e-03
105 2.3811810504053e+04 4.7531968862257e+03 1.0590895107649e+02 3.7216289380623e-04
106 2.4627534649796e+04 3.1412249860645e+03 6.3959628189267e+01 7.3760813739962e-04
107 2.4367999307832e+04 3.7692985500200e+03 9.4755755829653e+01 2.7515018685702e-03
108 2.4580477628070e+04 3.1963749136267e+03 8.0892216924727e+01 6.5727980338888e-04
109 2.5034369477636e+04 2.8056526786965e+03 8.6775949491583e+01 1.1553594711876e-03
110 2.5047183511075e+04 1.8691429448606e+03 7.6310273284254e+01 2.7960324340662e-03
111 2.5197258388282e+04 1.6694529210180e+03 1.0035387001969e+02 3.0665463256496e-03
112 2.5345098297864e+04 2.4995803076030e+03 8.5948150849099e+01 5.6322091360145e-03
113 2.4640647097872e+04 2.6675300132167e+03 9.8359833100649e+01 9.5075058558924e-04
114 2.4953272177662e+04 2.1510007319971e+03 8.7041786609358e+01 3.0773832867906e-03
115 2.4028683719835e+04 2.3396109603645e+03 9.8648876699600e+01 1.8669878925051e-03
116 2.4223956206260e+04 1.0127901047908e+03 -8.2473246451685e+01 3.7474181649666e-03
117 2.4511530607282e+04 6.5582589577399e+02 -8.0011868466648e+01 3.7894014106188e-03
118 2.4482003540353e+04 1.4257271612669e+03 8.4578268924130e+01 4.2942428060624e-03
119 2.4542309542939e+04 1.8039192477335e+03 -3.4052354880884e+01 2.8727142383139e-03
120 2.3962371853303e+04 3.1534438715265e+03 9.8373641212298e+01 7.3417777586290e-04
121 2.4805235705917e+04 2.1907061202719e+03 -1.3726679928147e+02 2.1651994918975e-03
122 2.5638863420702e+04 2.8746593675984e+03 -5.1530761966992e+01 7.1260221560463e-04
123 2.5486649593117e+04 3.1878516972471e+03 9.0892704160152e+01 8.0658774329819e-04
124 2.5285637107901e+04 1.6675134310389e+03 -1.4451301619247e+01 1.6863053658204e-03
125 2.4782381532586e+04 2.8814351298206e+03 8.9457507401916e+01 9.2356981509435e-04
126 2.5212001736607e+04 1.6550538414432e+03 7.0780384215448e+01 3.1691514955803e-03
127 2.5227110554942e+04 1.5263749881304e+03 6.1737204504462e+01 3.3293719645135e-03
128 2.4909601881991e+04 2.5493098726476e+03 7.6562793340691e+01 1.2043156682357e-03
129 2.4794061574297e+04 2.8516054485477e+03 9.3537517405170e+01 4.1410973225781e-03
130 2.4976435520597e+04 2.0108029364067e+03 -5.6407045242407e+01 1.9223444980423e-03
131 2.4615632807303e+04 2.2042060700451e+03 1.0269986296255e+02 1.6626624300675e-03
132 2.4780083372833e+04 1.9901526286005e+03 9.9888407517790e+01 1.9901489420657e-03
133 2.4833154151666e+04 1.3607131716869e+03 1.1415401048797e+02 2.7059593396689e-03
134 2.5529727844470e+04 2.8748229139805e+03 8.6432157536455e+01 4.4798955433316e-03
135 2.5532874434914e+04 1.9981397640481e+03 8.1020648163688e+01 2.7049150792431e-03
136 2.5644415731621e+04 2.3345119991699e+03 8.4287747677059e+01 2.2771036853593e-03
137 2.5502854673922e+04 2.3759432065148e+03 9.1184461927838e+01 1.9835189463775e-03
138 2.3816583830472e+04 4.5633757882781e+03 3.5081109759986e+01 3.7668770551612e-04
139 2.4740226016503e+04 5.1341418140218e+03 8.6150869712309e+01 3.6913193346413e-04
140 2.4044838890594e+04 1.6759413429160e+03 -1.0693599170461e+02 2.1469275571177e-03
141 2.4032010041890e+04 2.5706720900952e+03 4.5377221478554e+01 1.2201426980654e-03
142 2.4821278100552e+04 3.2672986069723e+03 -2.1257600053371e+01 7.4409224147740e-04
143 2.4489208735186e+04 2.2927912557008e+03 -7.2940323786233e+01 2.1795954062092e-03
144 2.4137046050635e+04 3.4859933587381e+03 8.9512245651781e+01 5.7707215053730e-04
145 2.3999384242505e+04 2.8391723947877e+03 9.6430838744687e+01 1.1593697492978e-03
146 2.4495913382478e+04 2.4188196181967e+03 4.3871947044132e+01 1.8883490370447e-03
147 2.3879271756796e+04 8.0997582498729e+02 -2.6001263708561e+01 4.0005339247872e-03
148 2.3829670451974e+04 1.2666678675756e+03 6.7796438614237e+01 3.9400458551864e-03
149 2.3724477331491e+04 3.3293016742756e+03 1.0129500045589e+02 6.6279445929535e-04
150 2.3769970255966e+04 3.2976574508988e+03 9.9160560456802e+01 6.8830148568001e-04
151 2.4461379731081e+04 3.1564042074973e+03 8.2799411706181e+01 6.7355885281160e-04
152 2.4430533491408e+04 3.1436751580509e+03 4.8914185856450e+01 7.2086756518415e-04
153 2.4352715836244e+04 2.8594717999455e+03 3.6626773733671e+01 8.0022196715996e-04
154 2.3823800736198e+04 3.1564519745825e+03 1.0760747625072e+02 6.5967680949738e-04
155 2.4160051922211e+04 2.3069498348881e+03 7.1568216752883e+01 2.1386565952502e-03
156 2.4027075898769e+04 2.0111521740163e+03 7.9584188360837e+01 2.7737495388675e-03
157 2.4240979621874e+04 2.0310176414066e+03 8.3218378519280e+01 2.7008012111195e-03
158 2.4333006696181e+04 1.7542605515194e+03 6.0753622381677e+01 3.2843658633577e-03
159 2.4127065334380e+04 2.6294966925657e+03 1.0285824916273e+02 1.3778577838695e-03
160 2.4293625691286e+04 2.9877487554102e+03 7.9365971602284e+01 9.0575926782886e-04
161 2.4009604925639e+04 -2.2547559269934e+02 -1.2876657094476e+02 1.9401219078583e-03
162 2.4004944018007e+04 1.2739200819901e+03 7.5782642031708e+01 3.6813759424802e-03
163 2.3967083186515e+04 9.1285578379994e+02 -8.1019422637604e+01 3.8050257332374e-03
164 2.3989081300084e+04 2.4339882776452e+03 3.9438181136238e+01 1.7931740422598e-03
165 2.4062091379419e+04 1.8754345670254e+03 -6.0358652853671e+01 3.0671649382860e-03
166 2.3871731524165e+04 2.5831496604610e+03 1.0259036411633e+02 1.5635413800373e-03
167 2.2974166171773e+04 3.7097216810228e+03 7.7509587066781e+01 4.6846133750534e-04
168 2.3406768980848e+04 5.1816639009541e+03 9.6134916566341e+01 3.6857124804667e-04
169 2.3872649860103e+04 2.8932834741049e+03 1.0025371436864e+02 1.0794361771389e-03
170 2.3682742938122e+04 2.4271854944636e+03 1.0011898858876e+02 1.8583739919953e-03
171 2.3958757865852e+04 2.7172330496994e+03 7.4243970196693e+01 1.3549570569162e-03
172 2.3733241964409e+04 1.4673433411614e+03 6.5259538069884e+01 3.7822046595985e-03
173 2.3676353615935e+04 1.4536206254393e+03 7.3059652736420e+01 3.7978708287713e-03
174 2.3759267347880e+04 2.3584803798239e+03 -8.2165420557812e+01 1.8435888581875e-03
175 2.4857818457852e+04 2.8367351618670e+03 8.2402893643172e+01 1.2145516764931e-03
176 2.4985433532908e+04 2.9754677283931e+03 8.3366399002310e+01 1.0011355017506e-03
177 2.5040717179789e+04 1.7884451981375e+03 3.9821292940098e+01 3.1531435801115e-03
178 2.4563816817338e+04 2.5336400782243e+03 7.9588092984704e+01 1.7224938496139e-03
179 2.4419882863294e+04 4.1018675933809e+03 9.0669996590149e+01 4.1044894416551e-04
180 2.1703345522133e+04 4.2055951431889e+03 3.5923167615738e+01 3.8573059366161e-04
181 1.8784803542179e+04 2.9570189275210e+03 9.8953614965801e+01 7.2107950041317e-04
182 1.7902730305293e+04 2.4413868969060e+03 5.9283631723554e+01 1.2145104974356e-03
183 1.8902205512379e+04 3.5682907955865e+03 1.0166526449769e+02 4.6393977722631e-04
184 1.8974654675557e+04 3.0826647378398e+03 1.0215942886420e+02 6.9845422479888e-04
185 1.9142006433336e+04 2.3311869507579e+03 1.0150329946301e+02 1.6752401956218e-03
186 1.9769880810970e+04 2.0430851107920e+03 -1.9854259580279e+01 2.3281289299852e-03
187 1.9597501030058e+04 2.2121145279457e+03 3.8343616700087e-01 1.9507122468474e-03
188 1.9425921448915e+04 4.1812986394298e+02 -1.0879972846064e+02 3.8964537428131e-03
189 1.9595075385741e+04 6.9740470221111e+02 4.7198255157462e+01 4.0461151679098e-03
190 1.9260452077472e+04 2.5415249984992e+03 9.0316255464762e+01 1.3249594914662e-03
191 1.9401612653106e+04 2.4386860672114e+03 8.0020495118627e+01 1.5052968379136e-03
192 1.8969235301230e+04 2.0418229198781e+03 9.8379442172266e+00 2.2371556285569e-03
193 1.8616474627659e+04 1.7726248987471e+03 -1.3515218916931e+02 2.2643890065648e-03
194 1.8447352556224e+04 2.7202354480511e+03 1.0281414243557e+02 8.7096743169781e-04
195 1.9171799991239e+04 1.4732478818129e+03 6.6247910533286e+01 2.4423804376407e-03
196 1.8655083845015e+04 2.9448343860320e+03 6.2517462377266e+01 7.6276605946057e-04
197 1.8789444423973e+04 3.3170197745769e+03 4.3903783048787e+01 4.3614050595846e-04
198 1.9012592895231e+04 4.6322647903495e+03 9.5847260933338e+01 3.7132945283525e-04
199 1.8875735090666e+04 2.7225476331568e+03 8.0803656041025e+01 1.0443484142091e-03
200 1.9326971469045e+04 4.9247317607973e+03 9.7215080524405e+01 3.6910431015125e-04
201 1.9012274456230e+04 2.9548171678944e+03 -5.9364689165209e+01 7.0328156040582e-04
202 1.8586910292985e+04 1.1559135119138e+03 1.2747450462515e+02 3.2990914799198e-03
203 1.9047375189085e+04 5.2971848754033e+02 -5.8531678535806e+01 3.3818419800880e-03
204 1.8716216104457e+04 1.6552288460542e+03 8.0474428078333e+01 2.6405758631806e-03
205 1.8724458322147e+04 2.6023476866791e+03 8.1322463629151e+01 1.1626796223234e-03
206 1.8897208127121e+04 1.7786096882373e+03 6.5564166215798e+01 2.4878843422186e-03
207 1.8850578623743e+04 2.1383325187113e+03 8.8718959571482e+01 1.7886643661058e-03
208 1.7318032445838e+04 2.6842195223063e+03 -4.2919750270383e+00 9.9934096193298e-04
209 1.6949363612284e+04 3.1803180686123e+03 9.9393725362826e+01 5.8071617866075e-04
210 1.7131168510874e+04 3.1933289297098e+03 7.8028123397498e+01 5.7774279497050e-04
211 1.6934926579489e+04 3.3128699906907e+03 9.1532704473030e+01 5.3278418812666e-04
212 1.7177541085031e+04 3.5798475862040e+03 9.4473654864388e+01 4.4848923991540e-04
213 1.7715566205335e+04 4.2888800815011e+03 8.6027956210261e+01 3.7543455284046e-04
214 1.8546332091200e+04 1.5435047200820e+03 1.5251196573525e+02 2.8813853621859e-03
215 1.8919220044105e+04 2.6637239576219e+03 9.5821391381105e+01 1.1620277003907e-03
216 2.1916394056320e+04 4.6461151937948e+03 -9.0581998007081e+01 3.7216014653365e-04
217 2.2855659465807e+04 1.6071883583520e+03 -6.4749372509578e+01 2.6071922761574e-03
218 2.2477404658560e+04 3.5857559444721e+03 9.8582234669613e+01 4.6739727997983e-04
219 2.2778156337497e+04 3.1140046448435e+03 9.6855148307361e+01 6.6526829517602e-04
220 2.3036311579655e+04 1.4653304431807e+03 6.7100695294919e+01 2.5921932409728e-03
221 2.2540305664668e+04 2.7199720187625e+03 -1.1219481428387e+01 1.0272106215087e-03
222 2.2551479016407e+04 3.1591410808771e+03 8.3698756969878e+01 6.1848868807190e-04
223 2.1912568337337e+04 2.2657933266688e+03 9.5601386630522e+01 1.9112813101068e-03
224 2.1966334380642e+04 1.9861251352127e+03 9.1349817891085e+01 2.0680869063417e-03
225 2.2800655081747e+04 1.7055614901326e+03 6.9683099739961e+01 2.6181426256020e-03
226 2.2860714529500e+04 2.2111060264389e+03 8.0738080763188e+01 1.7735852941364e-03
227 2.2699632753293e+04 1.8899552510687e+03 3.3363832171115e+01 2.1233627820652e-03
228 2.2806647662136e+04 1.8378362114125e+03 1.5892614132995e+01 2.2029760504230e-03
229 2.2426340236311e+04 1.5511802590798e+03 1.6851714804949e+02 2.3835651707096e-03
230 2.2968577206649e+04 1.9879298250915e+03 5.8498665154279e+01 1.8226938896389e-03
231 2.2185186019190e+04 1.7533075776886e+03 -1.7142101701691e+02 2.7298718262818e-03
232 2.2297195186470e+04 2.0608896420999e+03 9.5213987688689e+01 2.1221923110824e-03
233 2.2362986656334e+04 1.6188522916557e+03 9.2359979222385e+01 3.2093889789559e-03
234 2.1917524982815e+04 2.9032621737425e+03 9.6683087697854e+01 9.5439771660549e-04
235 2.2600337502230e+04 2.3784211408826e+03 4.1247574585571e+01 1.6315031000603e-03
236 2.2716592183539e+04 2.6273369615155e+03 1.0341799806794e+02 1.2634026011445e-03
237 2.2778963018869e+04 1.2505287649366e+03 -1.0363321227878e+02 3.4873362339124e-03
238 2.2146146051154e+04 2.1553802746523e+03 9.3280232485320e+01 2.0836333597204e-03
239 2.3092535800203e+04 2.0183541147498e+03 7.4420161276597e+00 2.0147809619328e-03
240 2.2401868589229e+04 3.1253679490019e+03 1.1838672805746e+02 6.5055040873097e-04
241 2.3130002295343e+04 3.1008446626086e+03 9.2206419063143e+01 9.6300482071544e-04
242 2.2074049466870e+04 3.9091147681756e+03 9.1134892960101e+01 4.2196844724768e-04
243 2.2192620092526e+04 1.9823921405071e+03 1.1459968610242e+02 2.6399539480046e-03
244 2.2370044912732e+04 1.3941705301407e+03 -8.1615725070463e+01 3.7512096287094e-03
245 2.2860514617788e+04 3.3593015632216e+03 4.3061506785178e+01 6.2395398307838e-04
246 2.2620485221686e+04 2.6690340830849e+03 7.0254992618302e+01 1.3412043365942e-03
247 2.2035251157797e+04 2.2871678053486e+03 1.1332540126966e+02 2.0007499774807e-03
248 2.2290169190872e+04 2.2193332657510e+03 7.6097064192227e+01 2.1666831841474e-03
249 2.2652143458172e+04 2.0465909779933e+03 5.0280371289446e+01 2.5838850221907e-03
250 2.2190154953956e+04 3.0432498265005e+03 9.8620847952936e+01 8.4470205037614e-04
251 2.2622900087567e+04 1.2864538508801e+03 1.7041515816053e+01 3.9338911058945e-03
252 2.2326111549672e+04 2.1634350636731e+03 9.7792729113401e+01 2.2947357727102e-03
253 2.2595815152888e+04 1.1448937986890e+03 -3.2135770755253e+01 4.0255333639061e-03
254 2.2446038264905e+04 2.2182304915128e+03 1.0143920523352e+02 2.1774701795802e-03
255 2.2547985374833e+04 1.4427025978161e+03 1.0898120051193e+02 3.7440208494086e-03
256 2.2623579048092e+04 3.2041131046161e+03 8.0683769307803e+01 7.2046071242346e-04
257 2.1342120580842e+04 4.2995484786377e+03 9.0690867357546e+01 3.8205124240152e-04
258 2.1344057045117e+04 3.6611231550498e+03 1.0945765233649e+02 4.7104749148707e-04
259 2.1652257353142e+04 3.2235107106995e+03 8.1359908378544e+01 6.7822763045057e-04
260 2.2072026797490e+04 2.6460429648120e+03 7.9262401824268e+01 1.3184360670779e-03
261 2.1637808501375e+04 1.9192221157130e+03 6.0304862023367e+01 2.6338706774803e-03
262 2.1374109950353e+04 2.2402903469205e+03 1.1920792200224e+02 1.9532194877523e-03
263 2.1937254979757e+04 1.3972191236375e+03 -6.0980015783398e+01 3.7808658927963e-03
264 2.2066054718022e+04 1.4067507387518e+03 -3.4732077480975e+01 3.7734569845594e-03
265 2.1834306699697e+04 3.3336209908736e+03 6.8161371240412e+01 6.0051230193108e-04
266 2.1909533141121e+04 2.9636910834147e+03 9.1144476292856e+01 9.1375686153579e-04
267 2.1938582457547e+04 2.3961786402996e+03 5.1938237478118e+01 1.7772294489623e-03
268 2.1580872231327e+04 2.0333356530732e+03 -1.0799381747830e+02 2.4841875482448e-03
269 2.2589055874412e+04 1.9298437386428e+03 5.7578957250656e+01 1.9339944895322e-03
270 2.2463533566883e+04 2.1816314302643e+03 8.0591565831017e+01 1.5506986219884e-03
271 2.1565034028805e+04 3.2879322609218e+03 9.1537268093447e+01 4.7083175398907e-04
272 2.1800287789621e+04 1.1600787381351e+03 -1.7791929785246e+02 3.1307070829954e-03
273 2.2127591588843e+04 3.3381621566282e+03 7.4641408172796e+01 5.3482834970939e-04
274 2.2273312189770e+04 2.3405709250447e+03 1.0877180502525e+02 1.4176466319284e-03
275 2.2958062336545e+04 3.3427210553078e+03 9.2867777489603e+01 1.7535090028882e-03
276 2.2414505409134e+04 3.7680452123078e+03 9.0076427828428e+01 4.5494209512401e-04
277 2.2441632989755e+04 3.8212927962445e+03 8.5520116639123e+01 4.4347542175949e-04
278 2.1790226921842e+04 2.9189829702569e+03 1.1550887977115e+02 9.5294757589664e-04
279 2.2343851050521e+04 1.5534964078184e+03 -7.2624404227920e+01 3.5487077724039e-03
280 2.2173564144682e+04 2.1500736730544e+03 9.2038997810450e+01 2.1376390903909e-03
281 2.1665374720553e+04 2.0475004825332e+03 1.2313663934424e+02 2.3182391008115e-03
282 2.2811555430118e+04 2.4296565855134e+03 -1.0052985871497e+02 1.7136402656634e-03
283 2.2694020036960e+04 2.7567978670736e+03 1.0598371326209e+02 1.2149390683871e-03
284 2.2654953350233e+04 9.9371037920589e+02 1.0585870523926e+02 4.0183535376431e-03
285 2.3022741040606e+04 1.4303686488967e+03 6.9587174669966e+01 3.7319892147994e-03
286 2.2536256847029e+04 1.6387457569147e+03 1.0000573054487e+02 3.3448727882543e-03
287 2.2863313695416e+04 1.1433070884915e+03 -1.6428110565616e+01 3.9517628100710e-03
288 2.2718394426850e+04 2.8809376636563e+03 6.8670741645280e+01 1.0486992974351e-03
289 2.2390532750051e+04 2.8746924594068e+03 9.2286237308629e+01 1.2068873986824e-03
290 2.2485113175643e+04 1.1289601337203e+03 -8.4722704103290e+01 3.8558933700330e-03
291 2.2283434840669e+04 3.5531544559954e+03 9.3076264139733e+01 2.2408148858934e-03
292 2.2147716592744e+04 4.2971537032421e+03 8.4258688472402e+01 5.7681314721680e-04
293 2.2154071378262e+04 1.7021655297291e+03 1.4446617343833e+02 3.2452003358467e-03
294 2.2493342940985e+04 2.1867020084862e+03 8.2709550677797e+01 2.2412815068026e-03
295 2.2775650975195e+04 3.2054266588134e+03 8.9663243954584e+01 7.2590859712841e-04
296 2.2693027248125e+04 2.2036318883218e+03 9.2957168943615e+01 2.0888810164191e-03
297 2.2526036625030e+04 3.0496529220438e+03 9.9047394488636e+01 8.1708083130128e-04
298 2.2535223060469e+04 3.6211436292423e+03 7.8357210221727e+01 4.8885578873504e-04
299 2.2397100976024e+04 1.3851060967575e+03 -6.9031892348238e+01 3.8139989000086e-03
300 2.2092125626022e+04 1.8072036701415e+03 1.4078309729042e+02 3.0533390706083e-03
301 2.1651445060963e+04 9.0221255038272e+02 -1.2184744126720e+02 3.6683898555639e-03
302 2.1817861673443e+04 1.2318862235118e+03 6.5724514256171e+01 3.4948200236668e-03
303 2.1801441243142e+04 1.3028308701814e+03 9.3792913149372e+01 7.1306894211205e-03
304 2.1820427582118e+04 2.7389487451894e+03 1.0408604092797e+02 1.1887208297972e-03
305 2.1980098322779e+04 2.9010062597450e+03 2.2134466201242e+01 9.8430600452800e-04
306 2.2197661058270e+04 1.8971758283520e+03 1.3488964141539e+02 2.8709466728010e-03
307 2.2766429918600e+04 2.3711915041108e+03 6.6948260858231e+01 1.8938830202452e-03
308 2.2663969399569e+04 2.0431348488899e+03 3.4217658227016e+01 2.5098341344949e-03
309 2.2290624037710e+04 2.7623844611000e+03 9.4176556059540e+01 5.0807937332569e-03
310 2.2836118544284e+04 2.2307094915550e+03 4.7725516348152e+01 1.9777338972709e-03
311 2.2496707288266e+04 2.7452852965581e+03 9.1561658761786e+01 1.1296244505854e-03
312 2.3096571705686e+04 2.5017486726317e+03 6.3061866481702e+01 1.5113560830585e-03
313 2.1657949086353e+04 4.5779614819882e+03 9.3604795138303e+01 3.8360618912595e-03
314 2.1536643827252e+04 3.9589569848188e+03 1.0630722905731e+02 4.1130069628114e-04
315 2.1751751101183e+04 4.2029964741537e+03 8.9342563960864e+01 3.8914626198768e-04
316 2.2516056306205e+04 4.1484784321861e+03 9.5921812268682e+01 3.9553464119192e-04
317 2.2452455643119e+04 3.9029716738777e+03 9.9768878799252e+01 4.1833607027110e-04
318 2.2739488795270e+04 2.5727792801320e+03 -9.4827823613340e+01 1.3674606188535e-03
319 2.1823420800273e+04 2.1225503543472e+03 1.2891564593169e+02 2.3060315248037e-03
320 2.2187606034222e+04 2.6308040048800e+03 8.2362147983966e+01 1.3273066272242e-03
321 2.2099317398394e+04 2.2668654305259e+03 8.5994239882055e+01 1.9602221790035e-03
322 2.2424600552505e+04 1.5174669999583e+03 2.1603043733774e+00 3.1525954566532e-03
323 2.2212231586266e+04 1.8927652304578e+03 1.0515933847211e+02 2.4745659853718e-03
324 2.2671319730120e+04 3.2498123876644e+03 8.0529903753096e+01 6.7514137381031e-04
325 2.2750643384813e+04 2.8386797086478e+03 8.2413283983572e+01 1.1036016132820e-03
326 2.2838895659472e+04 1.2068739703907e+03 1.2003704795622e+00 3.9999345079721e-03
327 2.2883182678613e+04 1.8643524016170e+03 7.6646735810744e+01 3.0083305525900e-03
328 2.2060101317892e+04 4.9676849542830e+03 9.2501362748523e+01 3.6939055926847e-04
329 2.2725969252227e+04 3.4538761188676e+03 7.6406450766611e+01 5.2499682402810e-04
330 2.2030052567076e+04 2.5927727837221e+03 9.5481572513990e+01 1.0632397331731e-03
331 2.2317715675603e+04 3.6024592201885e+03 8.9331184070067e+01 4.9739581131452e-04
332 2.3046344585593e+04 1.8243417190593e+03 4.6549822920815e+01 2.8512980751933e-03
333 2.3112513450428e+04 1.6500065278697e+03 6.3064117968303e+00 3.1949127401846e-03
334 2.3041541099533e+04 1.9053495588327e+03 7.5306575388637e+01 2.4755021198066e-03
335 2.2797190007839e+04 1.5044183087386e+03 9.7862130415125e+01 3.1475105051116e-03
336 2.2199387744747e+04 4.8907926074287e+03 8.6800834658476e+01 2.5008629481021e-03
337 2.2304093751788e+04 3.6389320664483e+03 1.0157967155984e+02 4.8959587496870e-04
338 2.2169313180946e+04 2.7528619786468e+03 9.6973308607252e+01 1.1736600958800e-03
339 2.2091484350228e+04 2.6385151566920e+03 1.0263813417018e+02 1.3537644749860e-03
340 2.1706404557852e+04 4.6881384012266e+03 1.2010721659799e+02 3.7192170494243e-04
341 2.2459061942450e+04 3.2235649451630e+03 -6.6676580869705e+01 7.0194054837836e-04
342 2.2385873878625e+04 4.7569300991065e+03 9.9581079743062e+01 3.7123349452918e-04
343 2.1917027982664e+04 3.1558683688269e+03 1.1345729257989e+02 7.0671126758744e-04
344 2.2437507604148e+04 5.2935652099714e+03 8.7140482488738e+01 1.4707030988170e-03
345 2.2688846918629e+04 2.6259367391681e+03 3.3471402485446e+01 1.3964106666517e-03
346 2.2468126452926e+04 2.6499954207773e+03 9.0152964829048e+01 1.0425686444207e-03
347 2.2641226354248e+04 2.6207158679262e+03 7.2456817965709e+01 1.0794768332987e-03
348 2.2746556798664e+04 1.4139077872570e+03 -2.3700337832839e+01 2.7635499314117e-03
349 2.2370352993714e+04 3.4470058177446e+03 9.6592231070569e+01 5.4761989537405e-04
350 2.2302586423947e+04 2.7059273344164e+03 7.3294765236827e+01 1.2664163154804e-03
351 2.2244850105419e+04 2.4191972337733e+03 9.0481995473652e+01 1.7331269992401e-03
352 2.2142386318980e+04 2.0909300538198e+03 1.0162687051188e+02 2.4023665723740e-03
353 2.2172796795107e+04 3.8553154338846e+03 7.3884999287084e+01 4.2839063241415e-04
354 2.2651844043324e+04 2.3446917852420e+03 -9.3879539020277e+01 1.9403766903692e-03
355 2.2619681158117e+04 3.7554996631697e+03 9.2994519941257e+01 1.9330493103573e-03
356 2.2535139487267e+04 2.3136657560393e+03 -1.1036836364815e+02 1.9947156241547e-03
357 2.2688544389999e+04 2.3350161962492e+03 9.3913493429365e+01 5.9803229838652e-03
358 2.3008280059614e+04 4.6422410420804e+02 -5.2788925322793e+01 3.7756214727764e-03
359 2.3130815380853e+04 2.3986779309302e+03 6.2405969818452e+01 1.7857386530759e-03
360 2.3431882580326e+04 3.6427736388231e+02 6.9188081269843e+01 3.5111070558907e-03
361 2.3193708125812e+04 3.8167692605347e+02 1.1324797896805e+02 3.5440103029431e-03
362 2.3341289139012e+04 1.5830977664226e+03 8.7605162397431e+01 3.5648816426398e-03
363 2.3587606162506e+04 7.5090682115745e+02 -4.5044399461714e+01 3.7100318719665e-03
364 2.2838937661497e+04 2.0950655204839e+03 -1.9599985863176e+01 2.0395335505936e-03
365 2.2953182607510e+04 8.8110718733057e+02 -2.2019498837426e+01 3.5993584944360e-03
366 2.2851572487413e+04 1.5729786153078e+03 7.3875213592180e+01 3.1253796229724e-03
367 2.3321727301510e+04 1.1451757033428e+03 4.2004734493289e+01 3.2354258500628e-03
368 2.3116042138911e+04 2.0220314118810e+03 9.4022062551417e+01 2.1052524214798e-03
369 2.3209331119932e+04 2.4883779496932e+03 8.1336091653891e+01 1.3760072407375e-03
370 2.2666625012388e+04 3.2228539598035e+03 8.4776750625966e+01 1.5907969321536e-03
371 2.2391516681656e+04 2.8969124751263e+03 1.0479374056921e+02 9.8394947687072e-04
372 2.3285928046552e+04 2.1987774060706e+03 8.7541829177612e+01 2.3910339885915e-03
373 2.3694736554362e+04 1.2834580225680e+03 -5.4371778249919e+01 3.4445236623413e-03
374 2.3404958645549e+04 2.5148173921551e+03 6.3725831543453e+01 1.4645511094222e-03
375 2.2815229128677e+04 3.5162186744841e+03 6.6793841801941e+01 5.1438157099625e-04
376 2.2589994774581e+04 1.8582771257285e+03 1.0950637415071e+02 2.6390994661477e-03
377 2.2748287263113e+04 1.8685004506097e+03 9.1715604300411e+01 2.9133895658157e-03
378 2.3072049919233e+04 1.7342347530509e+03 1.2505164309283e+01 3.1841181902886e-03
379 2.2559132773899e+04 3.3621708570048e+03 3.7412325167203e+01 5.7491376622276e-04
380 2.2505188341115e+04 3.5828701477322e+03 1.0684069119133e+02 4.7266347243113e-04
381 2.2920331012823e+04 1.8742383006031e+03 1.1780157835983e+02 2.3622251971580e-03
382 2.3019785374007e+04 3.1189346266320e+03 7.1555039193816e+01 7.3423786018737e-04
383 2.2772732693323e+04 3.5589020834830e+03 1.0151900968060e+02 5.2420671793796e-04
384 2.2776547858906e+04 5.9429147022725e+03 9.7212808162201e+01 3.6798478854206e-04
385 2.3359336873711e+04 3.3256376257037e+03 8.4202965816213e+01 6.3743344878322e-04
386 2.3539819814894e+04 2.7912840371119e+03 9.9680418986319e+01 1.1054639554600e-03
387 2.3106718381804e+04 3.4453897976495e+03 7.5918068643048e+01 5.6407907320935e-04
388 2.3228859822899e+04 1.3098516554523e+03 9.0659556717465e+01 3.8796735638034e-03
389 2.3446866912235e+04 -2.3734822320278e+02 -7.4900164709734e+01 2.3252150400644e-03
390 2.2588865641276e+04 1.0309691049089e+03 8.7263791478987e+01 4.8572740307134e-03
391 2.2388478848576e+04 2.1682926505681e+03 9.5102698545524e+01 3.4765437017758e-03
392 2.2531627428199e+04 6.1357493132773e+02 1.0578746645530e+02 3.9487485125444e-03
393 2.2581916482578e+04 7.5252544510649e+02 9.8048312024933e+01 4.0255456218382e-03
394 2.2830906367213e+04 5.6726990120887e+03 9.9087797301443e+01 3.6804841520543e-04
395 2.2951934675733e+04 5.3024110134625e+03 9.2169808441634e+01 5.1047348681333e-04
396 2.2934318529701e+04 1.7362149896966e+03 -9.3958321044474e+01 3.1023599601754e-03
397 2.3229625448543e+04 1.2886911632419e+03 8.5392571669517e+01 3.8826210864779e-03
398 2.2972033268199e+04 1.8415478093256e+03 1.1079782133859e+02 2.9862128337997e-03
399 2.2996164377479e+04 2.4034747687939e+03 9.6656148032629e+01 1.8437163498322e-03
400 2.3429562211082e+04 4.1790821705910e+01 -5.4296029099906e+01 2.9524090319731e-03
401 2.3463389100970e+04 1.2568478842013e+03 5.0184398770630e+01 3.9140050485325e-03
402 2.3209662934137e+04 1.6040138917924e+03 8.8650809348916e+01 3.4895434115577e-03
403 2.3502108795410e+04 2.2964061604538e+03 -4.1484595822437e+01 1.9295027766247e-03
404 2.3638679495579e+04 2.2939232957702e+03 1.1804495933557e+02 1.6870975919636e-03
405 2.3408777250021e+04 3.5212236467797e+03 1.0167946169171e+02 5.1642369463426e-04
406 2.3735401171943e+04 2.2137961879961e+03 2.0582795520440e+01 1.9182425895761e-03
407 2.3249801025286e+04 3.5579419501146e+03 7.6415354507246e+01 4.8596985669951e-04
408 2.3087676244032e+04 2.2697916349106e+03 5.7180482483917e+01 1.6271364232378e-03
409 2.3231249411334e+04 1.6006457943395e+03 -2.4737216142740e+01 3.0797554794201e-03
410 2.3054357854188e+04 2.4693009298906e+03 3.4820994051273e+01 1.4999219927778e-03
411 2.3017550647814e+04 3.4883032710488e+03 8.8257875888775e+01 5.2703714753964e-04
412 2.3043595943951e+04 2.5689755986412e+03 8.3778095605237e+01 1.5141952183911e-03
413 2.3117377571911e+04 1.7958777384677e+03 6.6173392255747e+01 3.0766732261761e-03
414 2.3806274089754e+04 2.5860947625921e+03 -6.0850962983543e+01 1.4449009253506e-03
415 2.3031042380924e+04 4.4417506507796e+03 1.0536794958212e+02 3.7947995090169e-04
416 2.3622615451070e+04 2.8776299683174e+03 6.6750300461449e+01 1.0598157222887e-03
417 2.3641324785420e+04 2.1777232155523e+03 5.6761747310750e+01 2.3468362573164e-03
418 2.3340805695904e+04 2.0126439321222e+03 9.7853655483720e+01 2.6720270024954e-03
419 2.3378354870320e+04 1.5842530851618e+03 3.1795825158143e+01 3.4047387638689e-03
420 2.3459913906544e+04 1.9639285183635e+03 6.6791756691640e+01 2.7004165095482e-03
421 2.3345070866603e+04 2.0374300756331e+03 -3.5867545498045e+01 2.5494705714173e-03
422 2.2830991358575e+04 3.7270811150972e+03 6.7980417410792e+01 4.5109931186673e-04
423 2.2795340942340e+04 3.7432587234869e+03 8.3673928389743e+01 4.6429081271461e-04
424 2.2817469768450e+04 3.6648345094689e+03 7.9853199586994e+01 4.8703352750690e-04
425 2.2902213553735e+04 3.7236609686797e+03 6.8687428845677e+01 4.6846408640971e-04
426 2.2853865392283e+04 3.3108090226053e+03 -1.7700463588862e+01 6.4353749637626e-04
427 2.2569812354690e+04 3.0172251176943e+03 1.0703119242139e+02 7.2726473169065e-04
428 2.2377525204922e+04 4.1669759411525e+03 1.0251854743632e+02 3.8627061593067e-04
429 2.3286250235308e+04 2.8742071757972e+03 8.3732681447416e+01 8.2406043205785e-04
430 2.3089823068107e+04 2.7336582549919e+03 5.4306390409020e+01 1.1961247500982e-03
431 2.2290190857095e+04 4.1186639644197e+03 1.0344854797157e+02 3.8826178154810e-04
432 2.2961933729750e+04 2.3440950204887e+03 6.7889534225883e+01 1.5958560645694e-03
433 2.2796955913747e+04 3.3721500604072e+03 9.5657102637868e+01 8.1401934800934e-04
434 2.2938425275830e+04 2.8239076044800e+03 8.7419515517003e+01 1.4820467922413e-03
435 2.2948265614124e+04 2.3518702186838e+03 8.9720295119391e+01 1.3240410262474e-03
436 2.2426063787959e+04 1.3133198807543e+03 -1.0468165476910e+02 2.8299718041384e-03
437 2.3221467461954e+04 2.3128904589252e+03 6.0944460907550e+01 1.6454407561352e-03
438 2.3239498186270e+04 1.5586849129987e+03 -4.5899590629221e+01 2.8609339328788e-03
439 2.3170176536346e+04 1.7196741526408e+03 2.8715047698298e+01 3.2937032442949e-03
440 2.3213483418706e+04 2.2305062877113e+03 7.3773483472009e+01 2.2114942892240e-03
441 2.2940144449637e+04 2.8325480140772e+03 1.3132259511457e+02 1.0763791209190e-03
442 2.2429329807633e+04 3.1017607878145e+03 6.8342449981532e+01 8.0035293703308e-04
443 2.2611731694372e+04 3.4324259805417e+03 1.0011088242388e+02 5.7753432484589e-04
444 2.2840433822499e+04 2.1806028147919e+03 1.2336001322705e+02 2.2925554198048e-03
445 2.3142189718571e+04 2.4368789848526e+03 9.1610906989371e+01 1.8028002505572e-03
446 2.3153301159823e+04 1.6204119796228e+03 5.0836143395382e+01 3.5097881236718e-03
447 2.3009560934235e+04 1.7091983547060e+03 8.9880427430050e+01 3.3324530510571e-03
448 2.2830275536112e+04 3.4724871872337e+03 1.0570304561941e+02 5.6199490184684e-04
449 2.2970398814968e+04 2.2668215871351e+03 1.1438689713213e+02 2.0462136589684e-03
450 2.3432810129341e+04 1.2142130340347e+03 -6.6994946613708e+01 3.8452109253550e-03
451 2.2893364629835e+04 1.5515916890907e+03 9.9460332357157e+01 3.3870543658004e-03
452 2.3165069778485e+04 2.1761887417905e+03 8.2920216017463e+01 2.1917983296334e-03
453 2.2975573995919e+04 1.4896809515821e+03 9.2743334276521e+01 4.3025436416297e-03
454 2.3239436743340e+04 2.1956219516294e+03 2.2969394576137e+01 2.0184410956591e-03
455 2.3435397460756e+04 9.3794636664889e+02 4.8508415728771e+00 3.9367649729697e-03
456 2.3374464043317e+04 2.2179834886171e+02 -6.8669572745298e+01 3.1969110189287e-03
457 2.3042719795721e+04 5.8819127785843e+02 9.2095572011536e+01 3.8900972718429e-03
458 2.2750904593195e+04 1.1790761528060e+03 1.1056830744016e+02 3.8959366868561e-03
459 2.2541405907891e+04 2.4880190237204e+03 1.0037725509033e+02 1.5367569449341e-03
460 2.2764349683460e+04 6.3293544542862e+02 9.2758352399069e+01 3.9378520586843e-03
461 2.2937517730325e+04 1.2523167890700e+02 4.3012038827598e+01 3.1770574292677e-03
462 2.2938890466637e+04 5.1424037837409e+02 7.4603716437546e+01 3.8223138695912e-03
463 2.2990675940098e+04 2.6316973047724e+03 1.1380574415305e+02 1.4188510006031e-03
464 2.3327281888137e+04 2.2324450740974e+03 5.2511958934005e+01 2.2186616511204e-03
465 2.2837133526325e+04 2.9000042839502e+03 8.5162954268318e+01 9.6334858855779e-04
466 2.2843241581099e+04 2.9336176467459e+03 8.4912393173211e+01 2.1673208259515e-03
467 2.2885481200662e+04 3.1273459790874e+03 9.7845322194017e+01 7.7969540671363e-04
468 2.3339427748681e+04 2.3518082951228e+03 4.3522523714218e+01 1.9169157609167e-03
469 2.2743864089807e+04 2.0071697492750e+03 8.3424326396532e+01 2.4995340147904e-03
470 2.3154718998081e+04 1.1404288665271e+03 -2.0136832998687e+01 3.8004914715107e-03
471 2.3671249595571e+04 3.4232444737267e+03 4.1651825842081e+01 6.0553555009822e-04
472 2.2978701837371e+04 3.2182095393598e+03 1.6355920190521e+00 7.1742115152102e-04
473 2.2858587158914e+04 1.4354195860909e+03 7.8706977386661e+01 3.7811236632310e-03
474 2.2577843068803e+04 1.4909691406329e+03 1.0756321484092e+02 3.6868528978453e-03
475 2.2945452406865e+04 1.3738605734769e+03 7.9763674050917e+01 3.7504759342053e-03
476 2.2599706809044e+04 1.8330882193478e+03 1.0590193054296e+02 2.9591262602044e-03
477 2.2821796084471e+04 1.1050888692182e+03 1.0179237454775e+02 3.9327730703041e-03
478 2.1873874067693e+04 3.5208823510866e+03 9.7861493925150e+01 5.2284816213509e-04
479 2.2012351458201e+04 2.3890858327443e+03 9.9938619806638e+01 1.7778679758561e-03
480 2.3472015091541e+04 1.2378861406158e+03 -6.2751114017689e+01 3.9870712251453e-03
481 2.3354226097880e+04 2.2473090383840e+03 9.2027094862374e+01 2.2856265112428e-03
482 2.3136695895050e+04 3.0361598129728e+03 8.5686776689832e+01 4.5608118445768e-03
483 2.3038051762618e+04 2.7986254676863e+03 8.9935893484006e+01 1.1758770084164e-03
484 2.3408213371931e+04 2.1151627572022e+03 3.9027562564070e+01 2.2834090849652e-03
485 2.3253103069049e+04 2.1805568597815e+03 -1.0407989485533e+02 2.0852995783582e-03
486 2.3258977691809e+04 2.5666801733580e+02 9.3400839462387e+01 2.8202252270887e-03
487 2.3048029753710e+04 1.2126119685700e+03 8.1817857950162e+01 3.7086385178709e-03
488 2.2889960772871e+04 1.2969841569106e+03 9.4577418474224e+01 3.6063085248536e-03
489 2.3001079832547e+04 2.3735756528119e+03 -3.1595630761692e+01 1.4158094580162e-03
490 2.2749324459994e+04 1.9320134693824e+03 1.1839094023932e+02 2.2123529292260e-03
491 2.2828560712608e+04 2.3336660226408e+03 7.7786627473756e+01 1.8074358408144e-03
492 2.3041476045186e+04 1.6845390419059e+03 -1.6492593009901e+01 3.0791686736323e-03
493 2.2822526228179e+04 2.8479021837706e+03 7.7739673111487e+01 7.9922163562699e-04
494 2.3131848553439e+04 4.8436335547963e+03 7.7507401564555e+01 3.6988114607738e-04
495 2.3024911806977e+04 3.7070337036823e+03 9.5164605388272e+01 1.5065052134621e-03
496 2.4004982517932e+04 1.8563532836327e+03 4.4788018463879e+01 3.0753535494551e-03
497 2.3786888590799e+04 2.7879587580076e+03 1.0042145970039e+02 1.2211865948955e-03
498 2.4055711085396e+04 2.0782062633482e+03 5.5444553919615e+01 2.4219899430970e-03
499 2.3507987927829e+04 2.7935821204652e+03 1.1506330585983e+02 1.1280226846710e-03
