0 6.0408926619620e+04 1.4041250520368e+04 -9.4397050234207e+01 4.3938231867444e-04
1 6.4190784142436e+04 1.3423407247516e+04 -1.3457310997657e+02 2.0204700708988e-03
2 6.2756435516818e+04 1.3540150430532e+04 -1.2972830472366e+02 3.2716206176737e-03
3 6.2413846108160e+04 1.3718174077734e+04 -1.6935078056771e+02 2.9227938539406e-03
4 6.0632314401742e+04 1.4281619858991e+04 -1.5726863430896e+02 3.6421921404155e-04
5 6.4084823365288e+04 1.0247063199111e+04 -7.1131478765441e+01 2.9154702124671e-03
6 6.3144405631775e+04 8.6951218211700e+03 3.6909534618521e+01 3.0967178942921e-03
7 6.2433178183902e+04 6.7163570304867e+03 -1.0286313020141e+02 1.5419631260184e-03
8 6.2515402306247e+04 9.4969207243952e+03 -7.5529506803181e+01 1.6210746988193e-03
9 6.2337352766528e+04 9.5546019856208e+03 -8.3699858732827e+01 1.3594998736238e-03
10 6.1754643990763e+04 1.2462844456584e+04 -1.2026330714614e+02 1.4016969772988e-03
11 6.1899422228657e+04 1.0475256429942e+04 -7.6946803276336e+01 1.2014829666762e-03
12 6.1644929776673e+04 1.2044157508410e+04 -9.5782912215759e+01 1.2836271875460e-03
13 6.0981187370985e+04 1.1210271652188e+04 -1.2680063701736e+02 4.5241506016050e-04
14 6.2533851470453e+04 1.2296486190098e+04 -7.0560202975674e+01 2.8163844061706e-03
15 6.2460147348183e+04 7.0790145074473e+03 1.2639140859668e+02 1.6594352958360e-03
16 6.0032661332207e+04 8.5742732226993e+03 -1.1347168611898e+02 3.1526487956300e-04
17 6.1312705792919e+04 1.4957385152733e+04 -1.1760892313742e+02 1.2602735287013e-03
18 6.1077128518612e+04 1.5283095049379e+04 -1.7561282057852e+02 7.9550514991662e-04
19 6.0539100434820e+04 1.4284648284771e+04 1.7023496251907e+02 5.1081460213423e-04
20 6.0125381035429e+04 1.7649288367069e+04 1.4431633706267e+02 5.1472485460759e-04
21 6.0353463970688e+04 1.6459075381800e+04 -1.4729113442627e+02 4.9030943176434e-04
22 6.3711413336589e+04 1.4198610792356e+04 -1.0651560986991e+02 5.3698351440928e-03
23 6.1584138318433e+04 1.5056511899791e+04 1.6511652672547e+02 1.7902905677968e-03
24 6.2288592925110e+04 1.3145169151544e+04 -8.5828614158223e+01 2.3816544953138e-03
25 6.2061198121539e+04 1.3316356152742e+04 -9.5720241549657e+01 2.2813438555668e-03
26 6.0805789409317e+04 1.0986393785311e+04 -1.1006322773413e+02 4.4982919867672e-04
27 6.3217172219049e+04 9.6393170722423e+03 -1.2622200577725e+02 3.3382407401115e-03
28 6.0491487272846e+04 1.2338852178630e+04 -1.0687684949577e+02 1.9858588339970e-03
29 6.4444882191587e+04 8.7131543787897e+03 -8.9244632843287e+01 2.2812197921360e-03
30 6.3421517219983e+04 8.1521641850945e+03 -8.2578416900026e+01 3.2481968849635e-03
31 6.3418526989295e+04 8.2775016186481e+03 -8.1087237432138e+01 3.2207080595041e-03
32 6.3073347600822e+04 9.5361127191909e+03 -8.6304589271168e+01 2.8074624837144e-03
33 6.2775922876936e+04 8.6872514614061e+03 -1.6809515453221e+02 2.4003822546283e-03
34 6.4122541421409e+04 7.0297781543242e+03 -8.2759633215698e+01 3.0307523483980e-03
35 6.4213510429258e+04 8.4345734883478e+03 -5.4946860466953e+01 2.4619338192847e-03
36 6.2776241742152e+04 1.0309911710192e+04 1.2881701260903e+02 2.1905025338360e-03
37 6.2976674668998e+04 1.0548627152428e+04 -7.8901661803994e+01 2.4249219693250e-03
38 6.1700320017445e+04 9.2860618915228e+03 -1.0318705644642e+02 9.3478305002954e-04
39 6.3163336088291e+04 7.9733185854548e+03 -6.9534542545544e+01 2.8519639410836e-03
40 6.1377122850842e+04 5.0831460549502e+03 1.6176923118147e+02 4.6726901885252e-04
41 6.1021735882591e+04 1.2353181216864e+04 -1.3776371263972e+02 5.7683158255968e-04
42 6.2306368343782e+04 9.7583034136009e+03 -1.1717906908109e+02 1.2731473810307e-03
43 6.2011517263308e+04 1.2475664871116e+04 -1.0139988745960e+01 1.9878133503234e-03
44 6.1501553866325e+04 1.1795568457741e+04 -9.6433332441042e+01 1.0560872036669e-03
45 6.1772438140454e+04 1.2864187741498e+04 5.9293671877468e+01 1.6880861462492e-03
46 6.3178530298413e+04 1.0162652287765e+02 -9.1285207423288e+01 4.6655682244997e-04
47 6.3785670578846e+04 1.0517732408863e+03 -6.7552634997558e+01 1.1186939599711e-03
48 6.3780782637263e+04 2.6918288894457e+03 -8.0308602412849e+01 3.4081539687513e-03
49 6.1418556289797e+04 4.9997042989422e+02 -8.0058178615893e+01 7.1578046702189e-04
50 6.1513053943956e+04 1.6884941732568e+03 -6.5259764057347e+01 2.5679043378277e-03
51 6.3403130583460e+04 3.9395722689514e+03 -1.0050132151097e+02 2.5398572692226e-03
52 6.4388562205777e+04 2.0076516340042e+03 -7.0741246845674e+01 2.9292678732191e-03
53 6.3575132716384e+04 3.8609792831182e+03 1.3847519803305e+02 1.5330969832114e-03
54 6.4898194234014e+04 4.1590975780608e+03 -8.6210119533511e+01 2.9411769818865e-03
55 6.3725420150723e+04 9.3261145659350e+03 1.0358374367679e+02 6.4998845113798e-04
56 6.3186119794248e+04 6.6516485068600e+03 -8.1770413226979e+01 1.0168618006850e-03
57 6.2719503564234e+04 5.6090740252343e+03 -8.1906580988984e+01 1.8028600236556e-03
58 6.1799147579337e+04 7.3632740708995e+03 -1.0974496260788e+02 7.8711241358012e-04
59 6.1619028503719e+04 9.8024955035478e+03 -1.2484719218508e+02 6.9632858399549e-04
60 6.4348317432680e+04 5.5912030056175e+03 -5.7529131328542e+01 2.1049675047228e-03
61 6.2999392256293e+04 8.3369966545036e+03 1.0738261603334e+02 2.0795799251658e-03
62 6.2321957913682e+04 8.4032754766288e+03 -1.3455151991466e+02 1.6868637394127e-03
63 6.3100993420464e+04 8.3811332318514e+03 -1.0109037636452e+02 3.0468712598998e-03
64 6.2934528100320e+04 8.0016056601359e+03 -8.3105192471416e+01 1.9882277653080e-03
65 6.2136485944939e+04 9.7870584243027e+03 -1.2180834424501e+02 1.5458517093521e-03
66 6.3860203496874e+04 1.0248028043077e+04 1.2957568369951e+02 2.9897746718041e-03
67 6.2910715676304e+04 9.0588212054810e+03 -7.6121766123462e+01 2.2077508713463e-03
68 6.2130706225843e+04 1.0009226616321e+04 -1.5367346269579e+02 1.6789369841643e-03
69 6.3452515811730e+04 9.4945898812820e+03 1.5407466147111e+02 3.3830035999825e-03
70 6.4377848390484e+04 8.6536973084361e+03 -1.0427264245195e+02 2.2821859893301e-03
71 6.3857190361800e+04 9.3572483602611e+03 -1.7934194033523e+02 2.3217239356529e-03
72 6.2843065791969e+04 8.8064031417353e+03 -9.2884024452139e+01 2.7400702574470e-03
73 6.3164930941783e+04 8.8624205209036e+03 -8.0269889491208e+01 3.2083857766470e-03
74 6.2672479511441e+04 7.6678788571664e+03 -7.8047606632677e+01 2.1657782156109e-03
75 6.1786662491693e+04 9.4893952022450e+03 1.6356975425055e+02 6.8507025626067e-04
76 6.2252515573920e+04 7.1667645477251e+03 -9.1401768751101e+01 9.7745458836756e-04
77 6.1035116458562e+04 1.3287852847393e+04 -8.4497605146393e+01 5.4578197823323e-04
78 6.1356118451674e+04 1.4110456975479e+04 -1.4999401369530e+02 1.2612438400721e-03
79 6.1269941751947e+04 1.2247705548981e+04 -1.3056511031243e+02 7.3005350084418e-04
80 6.2361133404361e+04 1.3883631005654e+04 1.4704919529763e+02 2.5074812921510e-03
81 6.1959485856928e+04 8.7151524372441e+03 8.7166935433616e+01 1.1793430342623e-03
82 6.3411753462923e+04 5.0403770763204e+03 -9.9675510447089e+01 2.1338183158626e-03
83 6.3061996702087e+04 1.2909179767212e+04 -8.0654429075113e+01 3.1963531172592e-03
84 6.5807624563446e+04 1.0383178109387e+04 -5.0719089510213e+01 5.4914907048257e-04
85 6.2483504361143e+04 1.1093008898787e+04 1.6459865625179e+02 1.8152262409277e-03
86 6.2948893307282e+04 1.0748030929290e+04 -1.3433688599397e+02 1.0693847575156e-03
87 6.3133353790710e+04 1.0611865412816e+04 -1.4367628025984e+02 3.3424780279945e-03
88 6.4199575599678e+04 9.4187376528201e+03 -8.3408307108093e+01 2.0946316426985e-03
89 6.1824268937084e+04 1.5090973834467e+04 1.7514690501329e+02 9.8117363088897e-04
90 6.3685046248849e+04 1.2377486894665e+04 -7.2200017958051e+01 1.9074961660929e-03
91 6.2468744150198e+04 1.4563991636435e+04 1.7964619807601e+02 2.4162497070696e-03
92 6.1743629900272e+04 1.2319775451068e+04 -7.6884680497144e+01 1.2077320521904e-03
93 6.3399668226584e+04 1.6957290033930e+04 8.5063734598854e+01 1.8435219023651e-03
94 6.4030083953016e+04 1.4539452867678e+04 -6.6713870495836e+01 1.9414789611537e-03
95 6.3358992272214e+04 1.3194874423274e+04 -5.1718112351667e+01 3.0993834155353e-03
96 6.0619904644976e+04 1.4939950109457e+04 -9.8186062570950e+01 4.7895862283746e-04
97 6.2736440092252e+04 1.2043975170238e+04 -6.8837096085401e+01 3.0594930766933e-03
98 6.4031592446113e+04 1.0620859020126e+04 -5.0074277930491e+01 1.3772254385268e-03
99 6.2898547767192e+04 1.0232861751627e+04 -8.5542915125304e+01 1.8115039951308e-03
100 6.1821188991583e+04 1.2275084916955e+04 -1.4303927612716e+02 6.6283992351331e-04
101 6.3827354260174e+04 1.0098185387537e+04 -7.6063294183294e+01 3.0164681775635e-03
102 6.0247494421249e+04 1.6769245576501e+04 9.1277166641551e+01 4.8828270373486e-04
103 6.3290640147854e+04 1.1027430135140e+04 -1.0624651381753e+02 3.4138475841516e-03
104 6.3623130400692e+04 1.3325121308966e+04 9.3349383453906e+01 2.4277998869561e-03
105 6.3034708905974e+04 1.3320211000251e+04 -8.5373120331162e+01 2.0512197015042e-03
106 6.2811222905713e+04 1.3019535109222e+04 -9.2478822246622e+01 3.2457657286638e-03
107 6.1930891826732e+04 1.2289593074227e+04 -8.8892447029403e+01 1.7238655450533e-03
108 6.1837011754152e+04 1.2259520788609e+04 -1.2614066206181e+02 1.4586785063200e-03
109 6.2666189926523e+04 1.2501376534704e+04 -7.8437482891620e+01 3.0973207019362e-03
110 6.3320560800663e+04 9.3970491137157e+03 -5.8787922512751e+01 3.3617934784923e-03
111 6.2547312287361e+04 8.1898038926207e+03 -8.8920033230824e+01 1.3468229152847e-03
112 6.3084010072473e+04 1.1218816587141e+04 -9.6299440485571e+01 3.3523901539990e-03
113 6.3564473321825e+04 1.0967453531438e+04 -4.2726876682202e+01 3.3640178656768e-03
114 6.3966564685812e+04 8.5220355999478e+03 -6.8281801778965e+01 2.9954298176994e-03
115 6.3654319490716e+04 8.9153855836596e+03 -7.2413411077277e+01 3.6910678883015e-03
116 6.0977898270859e+04 1.4866080746010e+04 1.2893103169466e+02 9.1237494335415e-04
117 6.1479530344223e+04 9.9118514837624e+03 -8.4007171602167e+01 3.4452044412219e-04
118 6.3767956824226e+04 8.5859834339731e+03 -7.5079508839084e+01 3.1891962534266e-03
119 6.3870142268376e+04 8.6783324074687e+03 -7.1866500744683e+01 1.8738717189238e-03
120 6.2991560722417e+04 1.2374709732209e+04 -7.6633879521500e+01 3.2192346910003e-03
121 6.2122211747828e+04 1.2514210841318e+04 -6.6054601104998e+01 2.0710931914620e-03
122 6.4688235701985e+04 6.2010291124912e+03 -7.2160373099911e+01 2.4391070455181e-03
123 6.3288766318189e+04 8.0748158951467e+03 1.5241650624930e+02 3.1827303410032e-03
124 6.2701762111017e+04 7.1541154587322e+03 -1.1809470200579e+02 1.9656135546838e-03
125 6.3276559494652e+04 4.9540862689104e+03 -8.6130827910698e+01 2.6422385826872e-03
126 6.4522551431704e+04 4.5749213537970e+03 -8.9564242214726e+01 2.4782472633603e-03
127 6.3119443607959e+04 6.9066783455349e+03 -8.6881231110642e+01 1.6747336828750e-03
128 6.3692479715923e+04 7.7358129362788e+03 1.0386601042583e+02 3.4150626201872e-03
129 6.3890436625549e+04 7.1790294156191e+03 -5.6899882482682e+01 3.4155375900789e-03
130 6.3296161337112e+04 1.1482523864060e+04 6.7611373802145e+01 2.2609212434015e-03
131 6.3807326033609e+04 8.1161616676295e+03 -1.0583280486673e+02 3.1486055712675e-03
132 6.3888763294509e+04 8.8862851732545e+03 -1.1532569072995e+02 3.2576111037454e-03
133 6.2435462025234e+04 9.2865483977191e+03 -1.0740217350393e+02 1.9695608314289e-03
134 6.2455846170101e+04 1.1014058104434e+04 -9.0277927946257e+01 1.7227125973567e-03
135 6.3556601892538e+04 1.1200576941967e+04 -4.2348053278446e+01 2.4571498244788e-03
136 6.4085960747013e+04 9.8762837729663e+03 -7.7933450877414e+01 3.0365650947681e-03
137 6.2047779818119e+04 1.2001912711202e+04 -9.7237371002730e+01 1.3884760279162e-03
138 6.1776676278227e+04 8.4627758384567e+03 -1.0767678941448e+02 8.4601253947022e-04
139 6.1703077794499e+04 9.2598603231294e+03 -1.3541167268085e+02 9.5601532112995e-04
140 6.2321610227930e+04 7.3299234310564e+03 -1.0079389948222e+02 7.6452778581101e-04
141 6.2939550491481e+04 6.2849346738224e+03 1.7441137319850e+02 1.8213680330134e-03
142 6.0354088551043e+04 7.0380550485872e+03 -1.3018618129426e+02 3.1846329207813e-04
143 6.2406813729100e+04 9.6231387132153e+03 -1.0648116624649e+02 2.1374347766503e-03
144 6.2329654725104e+04 1.0550079144176e+04 1.2085527987497e+02 1.7689402955589e-03
145 6.3901073619609e+04 7.9391633608229e+03 -3.9267052570084e+01 3.1743212592312e-03
146 6.2324966209950e+04 8.0454963624304e+03 -1.6460436748504e+02 1.2631883777200e-03
147 6.2862489507232e+04 7.9619990386154e+03 -1.3925986920785e+02 1.3777900706295e-03
148 6.3985180732580e+04 7.0469579834960e+03 -8.7212437256797e+01 3.1174370003028e-03
149 6.3259288085809e+04 7.7704001541503e+03 -9.7597916745575e+01 3.1516713647882e-03
150 6.3369079044283e+04 7.3237976892876e+03 -9.0318099085879e+01 3.1736812191677e-03
151 6.3340999282992e+04 8.9450211152452e+03 1.5770070108861e+02 1.8848260793154e-03
152 6.3259287977218e+04 7.7650599635415e+03 -1.1826677897649e+02 2.8750613362022e-03
153 6.2363072026218e+04 6.0979285769932e+03 -8.7085053160906e+01 6.9666424235633e-04
154 6.3477958980381e+04 7.2289925890308e+03 1.2610372552132e+02 3.1716302271318e-03
155 6.2336638761178e+04 8.9611683925048e+03 -9.5308816392906e+01 1.7719531170989e-03
156 6.1863765737255e+04 1.0039367594170e+04 -1.3804823749558e+02 1.2115986338330e-03
157 6.2092622757070e+04 9.5905564526106e+03 -1.4299604427112e+02 1.2115179900291e-03
158 6.1139279616938e+04 1.0272353235060e+04 -1.2153903532602e+02 5.8081400512809e-04
159 6.1219640808607e+04 1.0305619672029e+04 -1.0271010161341e+02 6.0011488635495e-04
160 6.2212803472727e+04 9.5393381778882e+03 1.7247481034754e+02 1.0230527922423e-03
161 6.2118987091186e+04 5.7318774006375e+03 -9.4235780561504e+01 8.0099108227305e-04
162 6.3418280722147e+04 9.2880383778102e+03 -3.6276304722425e+01 3.2642958926101e-03
163 6.2355496425949e+04 5.8138008805827e+03 -9.0302899029644e+01 1.2470844946143e-03
164 6.2494802491011e+04 6.5515181164694e+03 -1.3058511416985e+02 1.4606551741828e-03
165 6.3311648577549e+04 6.4165256268776e+03 -1.0218640058585e+02 2.5927750436401e-03
166 6.0747148586900e+04 1.2502018024208e+04 -1.5168733364425e+02 5.0589809963661e-04
167 6.3272981890066e+04 6.7050518843140e+03 -9.4387664638934e+01 2.0671877598623e-03
168 6.2451347285206e+04 8.3143823789112e+03 -9.7481320269586e+01 1.9166397117180e-03
169 6.2788030191278e+04 7.2514253572579e+03 -7.9933184255495e+01 1.9630701062174e-03
170 6.5129824900093e+04 8.2673509342463e+03 -9.6888922220782e+01 1.6006644230150e-03
171 6.1287805879004e+04 1.2154878134314e+04 -1.1973047976089e+02 8.8698181884006e-04
172 6.3143669564410e+04 9.9581599763680e+03 -7.5121717818796e+01 3.1333614988675e-03
173 6.2468246336667e+04 9.5726131292118e+03 -7.6826062082705e+01 2.2139802976831e-03
174 6.3288757158050e+04 6.2859138722385e+03 -7.5349452234101e+01 2.9385241329361e-03
175 6.3164788967792e+04 7.5574174877304e+03 -6.6040941433743e+01 2.4758382544331e-03
176 6.3064364141127e+04 8.6235468316720e+03 1.5918054586460e+02 2.9863778228223e-03
177 6.2610771670399e+04 1.0019655932687e+04 -3.8966371103672e+01 1.3884353328633e-03
178 6.2951814645402e+04 6.0748197932632e+03 -8.0478115365570e+01 2.0525850828252e-03
179 6.3429415223436e+04 4.9969824949535e+03 -7.1942311215431e+01 2.8995446994505e-03
180 6.2684211050037e+04 1.5227779939720e+04 -3.6946654155766e+01 2.0674856392152e-03
181 6.1954100676498e+04 1.4209275529774e+04 -1.0638881659592e+02 1.9733325316839e-03
182 6.2830461035060e+04 1.4789629636014e+04 1.3019644285447e+02 3.3982939546189e-03
183 6.3576691103134e+04 1.4495042857897e+04 -8.5962230825985e+01 2.5549647249708e-03
184 6.3155420518391e+04 1.5481460261154e+04 -1.5557266376153e+02 3.3290093378846e-03
185 6.0574589529489e+04 1.7716312368681e+04 -1.2102722030110e+02 6.5187467454155e-04
186 6.0553047507898e+04 1.4781367759701e+04 -1.7016047498942e+02 4.9098116216515e-04
187 6.3191232129209e+04 1.0662977785919e+04 -8.6542783329907e+01 3.2702150521948e-03
188 6.3497838408918e+04 8.9809688713203e+03 -7.5150870152395e+01 3.4113589880071e-03
189 6.3049894978630e+04 9.6236043405002e+03 -1.0198668026128e+02 2.5793853255950e-03
190 6.3650398259633e+04 1.0520659738586e+04 -9.1572709308504e+01 2.3051642009157e-03
191 6.2113191648808e+04 1.3982168355752e+04 -8.8612032669400e+01 2.4467204816196e-03
192 6.1640065775140e+04 1.3371405130732e+04 -1.0355664530098e+02 1.5286053590778e-03
193 6.2098151497704e+04 1.2015546530340e+04 -1.1108409169025e+02 1.4891606043466e-03
194 6.2273925213053e+04 1.0429133331857e+04 -7.2362257394906e+01 8.1468539350782e-04
195 6.5875504245997e+04 6.7170347625729e+03 -1.0942209483942e+02 8.3639751374775e-04
196 6.5120856483710e+04 6.0565092325322e+03 -9.0810947605531e+01 2.1018645365156e-03
197 6.4333963114462e+04 5.8217591785061e+03 -4.8806632142157e+01 3.2784171008223e-03
198 6.3926822828807e+04 4.9497224694895e+03 -7.9144364602419e+01 3.0498872070903e-03
199 6.1340705023804e+04 8.5796445896365e+03 1.1816126890010e+02 4.9236602645597e-04
200 6.3768623965348e+04 1.2140078527033e+04 -6.5305868723468e+01 2.0551411154185e-03
201 6.3960704502052e+04 9.3985905949759e+03 -4.9806595153344e+01 1.7967001531750e-03
202 6.3373728033389e+04 7.9755959079984e+03 -8.8740298729827e+01 1.2262991868782e-03
203 6.3923253548008e+04 5.1029595427546e+03 -9.4649265753495e+01 2.0771530188676e-03
204 6.3530021255147e+04 6.5667120291896e+03 -1.3992474270702e+02 3.2245996015408e-03
205 6.2213131074502e+04 8.2907047506906e+03 -1.1675320379583e+02 1.4939002146584e-03
206 6.3964269030348e+04 6.2057156669291e+03 -6.8100531335640e+01 3.1423768827046e-03
207 6.3831274623796e+04 6.6922054396639e+03 -2.4582682454126e+01 3.4139118704983e-03
208 6.4041755572590e+04 7.5765921816745e+03 -5.1181983838528e+01 2.5348053106529e-03
209 6.4807741135211e+04 3.5204256654237e+03 -9.3422676495842e+01 3.1108457597993e-03
210 6.4153811851914e+04 4.5835051187131e+03 -1.6393140164775e+02 2.7178318204847e-03
211 6.3798285964539e+04 5.4156670927709e+03 -4.2843413188977e+01 3.3622210143334e-03
212 6.1742092421826e+04 7.1606614559952e+03 -1.2006712601037e+02 5.2179751096905e-04
213 6.0718935508180e+04 1.1656611769498e+04 -1.1375133428345e+02 4.3419712242889e-04
214 6.1107837853813e+04 1.0571485871613e+04 -1.4207612478484e+02 5.5085244987748e-04
215 6.3904437564563e+04 1.0469655739524e+04 -8.8720669713187e+01 3.2063416433444e-03
216 6.2121838943055e+04 1.3097088463100e+04 -1.1898684065897e+02 1.5161859442549e-03
217 6.2603610647901e+04 1.4256879039760e+04 1.1592186208943e+02 1.6395298707785e-03
218 6.2679866999374e+04 1.2364997306055e+04 1.0416356504246e+02 3.1488927548991e-03
219 6.3845067126282e+04 1.0743427143435e+04 -9.2939110884879e+01 2.8783126417970e-03
220 6.4033082655950e+04 1.0371829298786e+04 -8.3093369185920e+01 2.8740021120509e-03
221 6.4379200169540e+04 8.2083537588206e+03 -8.4071734199568e+01 2.7438439418942e-03
222 6.4348386377525e+04 8.5422542384402e+03 -8.3939526525090e+01 2.8509719137167e-03
223 6.3314541269810e+04 1.1024333482169e+04 -7.0482325729332e+01 9.9499908285351e-04
224 6.2422307512684e+04 3.9253032249727e+03 -1.2363236918205e+02 1.5458569086690e-03
225 6.3154004981842e+04 4.0712340534905e+03 -9.1055493487279e+01 2.2226338587016e-03
226 6.3691823150982e+04 6.8787985682152e+03 -6.7597247228545e+01 3.3910981768243e-03
227 6.2799009656440e+04 6.4455487743910e+03 -1.0766345034312e+02 2.1024181249363e-03
228 6.2814853454641e+04 8.4513693318132e+03 -7.0753074218992e+01 2.1251754368212e-03
229 6.2071967363645e+04 6.4353405343460e+03 -8.8693651358271e+01 7.8350038632629e-04
230 6.3497931389477e+04 2.9549288920973e+03 -6.6200176023878e+01 2.9437829757886e-03
231 6.3508622482166e+04 4.1552332836697e+03 -8.5660477994061e+01 2.8951954451152e-03
232 6.3443622109951e+04 1.9426915846536e+03 -7.6507224621578e+01 1.5098052701180e-03
233 6.2928262255961e+04 -3.4466570174168e+00 -7.0335606304112e+01 4.3540701039382e-04
234 6.2548061919100e+04 8.4374874046389e+03 -6.0149097975908e+01 1.7487155074729e-03
235 6.4083785408926e+04 4.8159844169588e+03 -6.9754338998778e+01 2.8317278165220e-03
236 6.3026311128094e+04 5.6371473675863e+03 -1.2856792589876e+02 2.3706802585128e-03
237 6.2357538514072e+04 5.7898137876039e+03 -9.9428198107867e+01 9.5862759008994e-04
238 6.3603755436806e+04 -1.5340680314266e+03 -8.2664055251573e+01 3.1129200020953e-04
239 6.2919712191780e+04 5.4155714043591e+02 -1.2051397541403e+02 6.3803188772548e-04
240 6.3013516382926e+04 1.5314696223346e+03 -1.1269046344035e+02 1.9999882247812e-03
241 6.3689809178397e+04 1.3101454157000e+03 -7.5749016513962e+01 1.7467844879402e-03
242 6.3894005752549e+04 -3.5227834600480e+02 -7.9021008482548e+01 3.3632966711366e-04
243 5.9471858878391e+04 1.6770228503392e+04 1.3222600530182e+02 3.3592568778705e-04
244 5.9295945186011e+04 1.6027337978677e+04 -1.1227596603823e+02 3.2034362305051e-04
245 6.0229389672597e+04 1.6097152422921e+04 -8.5489485515923e+01 3.4215589050086e-04
246 6.2509752053740e+04 9.7611800639193e+03 -8.8978060495726e+01 1.9899855112601e-03
247 6.1748829751884e+04 8.6110762352531e+03 -1.0078597925740e+02 4.4662532604474e-04
248 6.2636538764940e+04 7.8376487581967e+03 -1.2020523353564e+02 1.9035496283742e-03
249 6.3807538453711e+04 6.9927262500340e+03 -7.3343921711661e+01 5.6314683498925e-03
250 6.2777022559916e+04 6.7762755409345e+03 -8.2034465200765e+01 2.1017504032824e-03
251 6.4930520790074e+04 4.9351010088106e+03 -1.0415470408766e+02 1.1292580228207e-03
252 6.2465121851839e+04 9.6316404449351e+03 -7.4444338995935e+01 2.1895712437784e-03
253 6.3252945554540e+04 5.0053476234745e+03 -8.6669408783429e+01 2.4777101742727e-03
254 6.3028208427365e+04 7.2299864159965e+03 -9.4732366227745e+01 2.5493446596135e-03
255 6.3879885325938e+04 8.2461755068479e+03 -7.6941025903751e+01 2.7229433580763e-03
256 6.2722236516439e+04 7.9169610529993e+03 -5.9035668564961e+01 4.7856359975443e-04
257 6.2364266323632e+04 1.6478888611716e+04 -8.1892930664251e+01 1.9319824950556e-03
258 6.1742616501348e+04 1.6820516516281e+04 -1.4219388712403e+02 2.5248711316251e-03
259 6.1919067525271e+04 1.8122749746241e+04 1.5990746874404e+02 2.3819302355740e-03
260 6.1734004749291e+04 1.7174401691037e+04 -1.5011301303356e+01 1.2235619347888e-03
261 6.3728627654892e+04 4.7613970176589e+03 -6.3416118598997e+01 1.0997080406992e-03
262 6.1851729708547e+04 1.3259450601900e+04 -9.3421595697509e+01 1.7976416845970e-03
263 6.2269364491950e+04 1.0785729813962e+04 -6.6533559996001e+01 2.0000480522295e-03
264 6.4473639604812e+04 1.1894872876948e+04 -1.3053271107353e+02 1.6353664886008e-03
265 6.2756479123126e+04 1.2652398892838e+04 1.5357328151429e+02 2.4752697361641e-03
266 6.3259183307650e+04 1.1302787378117e+04 -8.3803516703352e+01 3.2816704501398e-03
267 6.1470039816327e+04 1.2425816082779e+04 -1.6043058521662e+02 8.5145699688867e-04
268 6.3960001417794e+04 1.0640111093578e+04 -1.6577784628130e+02 3.0681106254452e-03
269 6.2518829707941e+04 1.2501515888775e+04 -2.3578350158736e+01 1.9882520864675e-03
270 6.2891520573013e+04 9.0445625029651e+03 -1.0318267329627e+02 2.8750864162173e-03
271 6.3530935142641e+04 7.4869295747182e+03 -7.9582002943598e+01 3.2786032369518e-03
272 6.2526385427780e+04 1.0953894406079e+04 1.3497982604393e+02 2.6571937534131e-03
273 6.3513843269202e+04 7.9221760363520e+03 -8.5902645720462e+01 2.2938169881625e-03
274 6.2852791525324e+04 1.0824164361304e+04 -8.8753862407200e+01 3.0502395793385e-03
275 6.2843964688562e+04 1.1927143990110e+04 -8.8109491687669e+01 3.2453906467306e-03
276 6.2059342584817e+04 8.5925989553349e+03 -1.1457981138171e+02 1.1673244777423e-03
277 6.3273723254140e+04 7.1405407839727e+03 -1.3159824422980e+02 2.8115233470261e-03
278 6.2920951551230e+04 7.0223634490609e+03 -1.4398827770921e+02 2.3389431192429e-03
279 6.1856998469631e+04 8.8255863499915e+03 -1.2198090760443e+02 1.0768481451721e-03
280 6.1750667872538e+04 8.6390692008376e+03 -1.4651035270412e+02 9.0586270239764e-04
281 6.2051428544629e+04 1.0258527141846e+04 -1.1469199995931e+02 8.8039377739078e-04
282 6.2750086438745e+04 9.5618578182165e+03 -1.2585655176207e+02 2.5384240025088e-03
283 6.3097824365106e+04 1.0016334637631e+04 -1.2290436559401e+02 3.1767851237274e-03
284 6.2575207893965e+04 8.6825197766427e+03 -1.1335060886891e+02 1.4330650194890e-03
285 6.2442882381374e+04 1.2724831139510e+04 1.6181589040531e+02 2.4929648662026e-03
286 6.2143063122843e+04 1.1872262571035e+04 -1.2790270238900e+02 1.4710595661825e-03
287 6.2066827804801e+04 1.2448368414028e+04 -1.7359698685104e+02 9.6530216747894e-04
288 6.3082734634432e+04 1.1262103131844e+04 -7.0737297838492e+01 1.5505880817545e-03
289 6.1552732850568e+04 1.3439525026692e+04 -1.1616408195608e+02 1.3950622177651e-03
290 6.2033742485681e+04 1.3550265990053e+04 -9.2905867310784e+01 1.8501280994992e-03
291 6.3245629794827e+04 1.0374746351549e+04 1.1288722985587e+02 6.7621112028685e-04
292 6.2442492131215e+04 1.1130088952494e+04 -9.0899943107709e+01 4.3459893506647e-04
293 6.3297803268732e+04 9.0863031069544e+03 -9.4836131350984e+01 2.2192542814125e-03
294 6.2904090321198e+04 8.8890650827353e+03 -8.4675895314553e+01 2.6990344225477e-03
295 6.1608839794581e+04 9.6654721839330e+03 1.0566771061569e+02 8.6952124635912e-04
296 6.2956406878391e+04 6.9596655618487e+03 -1.0336429447103e+02 2.5508819011139e-03
297 6.4116204138719e+04 6.9416737899039e+03 -6.6979095243090e+01 3.0190930124013e-03
298 6.2593968556677e+04 8.7356030808973e+03 -8.1653780607288e+01 2.2469651487843e-03
299 6.2735453952907e+04 9.3996023619620e+03 -1.0677142078952e+02 2.6878213820694e-03
300 6.3429534559346e+04 1.1615862346584e+04 7.0525887263807e+01 3.1618173829911e-03
301 6.3333699655914e+04 9.3650252231651e+03 -5.5103314102304e+01 1.7028949095516e-03
302 6.1802578204979e+04 6.6560587004574e+03 -1.3569557807407e+02 5.7383275627720e-04
303 6.2660859788081e+04 8.8676954811200e+03 -1.1674426140963e+02 2.3446488824499e-03
304 6.0772672009643e+04 8.6800769252183e+03 -1.5338425166602e+02 3.7652401661899e-04
305 6.2919263090309e+04 8.1492998910165e+03 7.3591415041433e+01 2.7370000399003e-03
306 6.3103689883937e+04 1.0190519934841e+04 -1.7203131135215e+02 3.2559581463056e-03
307 6.3955055534026e+04 8.8910532946408e+03 -7.2228491547111e+01 3.3724645403310e-03
308 6.3695026326284e+04 6.3030369046504e+03 -9.7864468891380e+01 8.9357895544596e-04
309 6.2481933978994e+04 9.9667047374362e+03 -1.3082767388024e+02 2.2180885234473e-03
310 6.3983447407435e+04 8.0082652925208e+03 -1.1197277020407e+02 3.3217550759641e-03
311 6.4101288290598e+04 8.6338684563697e+03 -1.7191506835959e+02 2.6051173872373e-03
312 6.3476905849228e+04 5.4314993042356e+03 -9.2807004653407e+01 2.8440764056477e-03
313 6.2352898412089e+04 7.5308957156457e+03 1.6837244270866e+02 3.7192715402560e-04
314 6.3533815132696e+04 8.5819271070792e+03 1.7799554066178e+02 1.4652280123459e-03
315 6.2617928678545e+04 9.2688060222699e+03 -1.7818313471296e+02 1.2063045486730e-03
316 6.2861460291614e+04 8.5061481072062e+03 -1.3924848814547e+02 1.3624074256121e-03
317 6.3486388219167e+04 8.8385402793682e+03 1.3212803483234e+02 3.1861582581099e-03
318 6.4671268745616e+04 6.3485189659634e+03 -6.8674773614358e+01 2.8075130237771e-03
319 6.2795180581873e+04 9.5673173237167e+03 1.3569741810562e+02 2.8121887997045e-03
320 6.2884382969908e+04 8.6956145720285e+03 -1.0977083488018e+02 2.6786259403609e-03
321 6.2821773748987e+04 8.9341748152215e+03 -1.2060895761873e+02 2.6392810385980e-03
322 6.4409145026103e+04 5.6194071053906e+03 1.2895592571830e+02 3.2316835600507e-03
323 6.3620505498100e+04 9.2056368363090e+03 1.1141430996183e+02 3.2893359843997e-03
324 6.4027878992556e+04 6.4935533872758e+03 -1.0048485065977e+02 3.1531670125651e-03
325 6.5880813296339e+04 4.0937645724748e+03 -6.9157463431814e+01 1.2279957034402e-03
326 6.4334775045827e+04 9.2277814953673e+03 -8.7783416425461e+01 1.7884462267980e-03
327 6.3752416950704e+04 6.3242964664285e+03 -6.1195603623130e+01 3.3737251093280e-03
328 6.3767549318368e+04 4.2845807143719e+03 -8.1042873047588e+01 2.7698965352482e-03
329 6.3874675149079e+04 6.1942640655590e+03 -1.6627071853900e+02 3.4138078203565e-03
330 6.4988666673839e+04 4.7317548457240e+03 -6.6900775995488e+01 2.3421472522188e-03
331 6.4262171099561e+04 4.8699151335054e+03 -1.0541730985476e+02 2.2480978313626e-03
332 6.3867012558745e+04 2.4931223947794e+03 -9.4990810010313e+01 3.4067832156507e-03
333 6.0828924612346e+04 1.1076766349299e+04 1.3799532257610e+02 4.4708234183165e-04
334 6.5229004421077e+04 5.6336063887981e+03 -9.0962650166695e+01 1.9298969709913e-03
335 6.4811074940501e+04 7.6349061374017e+03 -9.2269147522457e+01 2.3164164592924e-03
336 6.1553792982797e+04 1.3108662508851e+04 -6.9408248384335e+01 6.7703319740141e-04
337 6.3313261526443e+04 7.5346882663497e+03 -8.7424688576172e+01 3.1266925791982e-03
338 6.3106473509881e+04 8.3640824090214e+03 -1.4802117952009e+02 2.0966488312362e-03
339 6.1447168978812e+04 9.5193477112359e+03 -1.4558467582514e+02 6.2460240768761e-04
340 6.2283343636360e+04 9.7994682197147e+03 -1.1904922327329e+02 6.9594350149974e-04
341 6.3373514695087e+04 7.4226532885613e+03 1.5186865634154e+02 1.6458874706277e-03
342 6.2317945026459e+04 7.6592486421322e+03 -1.3625799327178e+02 9.4474913396528e-04
343 6.2737650413881e+04 9.0570135772990e+03 -1.0063149906050e+02 2.0772313966807e-03
344 6.4908695951011e+04 5.7031477308901e+03 1.6160401843531e+02 2.6082363664403e-03
345 6.2337187535080e+04 5.6775474427437e+03 1.2915186550918e+02 1.0606695904516e-03
346 6.2304073584787e+04 5.8256358532137e+03 -1.2419557978297e+02 1.1772967226799e-03
347 6.1439205278286e+04 5.2842189859418e+03 -1.6779402759385e+02 4.3975360697675e-04
348 6.2374813675095e+04 4.5253560233621e+03 -8.2994108902899e+01 9.5104946505792e-04
349 6.2209817233837e+04 4.9716048791811e+03 -1.1689955987800e+02 9.3186605187147e-04
350 6.3711700965119e+04 6.1459190870989e+03 8.0342832780073e+01 3.2691403582992e-03
351 6.3474854729510e+04 5.3848046160430e+03 -1.1126806136024e+02 2.7743426287030e-03
352 6.2327080359527e+04 4.8050406690034e+03 -1.3610876195865e+02 9.6771011548907e-04
353 6.2340379021609e+04 3.7584900722890e+03 -1.1311459623310e+02 1.8736528665748e-03
354 6.4145855398975e+04 8.0926224864062e+03 -1.0269573001720e+02 2.3341635960606e-03
355 6.2049927591315e+04 1.2492272019339e+04 1.4847789305736e+02 2.0240779863503e-03
356 6.1998404800214e+04 1.2031036368255e+04 -1.7130425260145e+02 1.9175349459304e-03
357 6.3124637010434e+04 1.1620479971689e+04 -1.5492893780989e+02 6.6631611212532e-04
358 6.3067070506963e+04 8.6976514769658e+03 -9.3560801704109e+01 1.5524780761861e-03
359 6.2619458445586e+04 8.7336921690025e+03 -1.0937669606759e+02 1.8696180513607e-03
360 6.1347345402245e+04 1.3000150184742e+04 1.7161867546080e+02 9.9101026414608e-04
361 6.2994160098495e+04 5.1311333908721e+03 -8.9474950145284e+01 1.2897678673340e-03
362 6.6113715919334e+04 3.9706383247051e+03 -9.1401993471073e+01 4.7847521804358e-04
363 6.2860092297609e+04 6.3207193087190e+03 -1.6199091202685e+02 1.2923727294438e-03
364 6.4051390485674e+04 4.3282874353951e+03 -8.2292721090261e+01 3.0328393613266e-03
365 6.3888816010220e+04 5.0213551020061e+03 -8.4744799590788e+01 2.9634707320709e-03
366 6.4925145408207e+04 4.1920762924542e+03 -9.2930928695287e+01 2.3528216907617e-03
367 6.4692447542484e+04 5.1231129628938e+03 -1.0501784346301e+02 1.9127783858918e-03
368 6.1646112258334e+04 1.2062351496704e+04 1.0776652982331e+02 1.3389465793205e-03
369 6.2517939041384e+04 4.9333894828375e+03 -7.8067381160680e+01 1.3215938674421e-03
370 6.3037712562896e+04 3.5442010103298e+03 -8.9884811144688e+01 2.5117297812971e-03
371 6.2945972898357e+04 6.6706741565599e+03 7.6870908117728e+00 2.3742567762146e-03
372 6.2025082059744e+04 7.6975745296501e+03 -1.5808224145945e+02 5.8465154412896e-04
373 6.4019486738025e+04 3.4618628987548e+03 -6.5294512359167e+01 3.2043943512682e-03
374 6.1801829190293e+04 4.6847603139626e+03 -9.8531395309196e+01 5.5971598754093e-04
375 6.1862944882337e+04 7.8520429053955e+03 -2.0104270294141e-01 3.3481469734619e-04
376 6.3452827127572e+04 3.1875437661629e+03 -7.9860569628411e+01 2.9004866879412e-03
377 6.3784649022181e+04 3.1047787686396e+03 -7.0510327414567e+01 3.1921019189870e-03
378 6.3277432092456e+04 3.7735872667297e+03 -9.1122793224907e+01 2.1670100940487e-03
379 6.4478885697663e+04 3.5913431594720e+03 -8.1534573694297e+01 2.8040174149391e-03
380 6.4919906682562e+04 2.9780349209464e+03 -7.4480312704530e+01 2.2799612871441e-03
381 6.3919012013134e+04 -1.4034531807748e+03 -8.1968082306002e+01 3.1148508842219e-04
382 6.3321647430178e+04 6.3195628166779e+02 -1.0546630125686e+02 3.3688399286453e-03
383 6.4972635895652e+04 2.1395457681254e+03 -7.2285998839221e+01 4.9146656963144e-04
384 6.3752276302479e+04 4.1807223305638e+03 -1.7531212110937e+02 2.1817407334525e-03
385 6.2250031299247e+04 5.9164933243521e+03 9.3640162594239e+01 1.0620525534042e-03
386 6.4531089577148e+04 1.6281721639798e+03 -8.1184736435188e+01 3.1050403828661e-04
387 6.3017581095166e+04 5.8948639194572e+03 1.0887236463001e+02 2.3771411055140e-03
388 6.3191686898318e+04 4.4220555910333e+03 -9.2158279576139e+01 2.2858520179518e-03
389 6.4520798626232e+04 1.8317766159658e+03 -8.6865875733382e+01 3.1050403828661e-04
390 6.4465771732528e+04 2.3092609298454e+03 -9.1373032226798e+01 3.1050403828661e-04
391 6.4405469021818e+04 1.9997033431386e+03 -9.4388418151542e+01 1.7510565372654e-03
392 6.3611059001546e+04 3.7424816308256e+03 1.6103128117551e+02 2.1329762980171e-03
393 6.4015111657706e+04 2.3427448618063e+03 -9.2444347583564e+01 1.5067730728831e-03
394 6.3150952768275e+04 5.3467009175134e+03 -7.3121462871903e+01 2.5385797668668e-03
395 6.4666580643820e+04 3.2686050191734e+03 -7.9104821133905e+01 1.9673279120916e-03
396 6.5064560298714e+04 4.3530722942851e+03 1.6481280752874e+00 2.6085915683500e-03
397 6.2597164698478e+04 6.1851219884625e+03 -8.1212443883624e+01 1.6878800959504e-03
398 6.1856647632399e+04 1.1211506227686e+04 -8.3626083670999e+01 1.4362981945598e-03
399 6.1339880769719e+04 1.4011249554970e+04 -1.6549357311882e+02 5.0150429137976e-04
400 6.2493307807780e+04 1.2329192548302e+04 -1.4290162371251e+02 1.1968060622486e-03
401 6.2069566429293e+04 1.1747375898077e+04 1.3003904026994e+02 1.5741030726458e-03
402 6.4217403495755e+04 4.5992118120697e+03 -7.9909957662128e+01 3.4129407775834e-03
403 6.3860791055628e+04 5.9770704012024e+03 -8.4942186276801e+01 2.9100372777746e-03
404 6.2809730135682e+04 7.0127092186771e+03 -1.3838497303234e+02 2.2720022260657e-03
405 6.4783271365163e+04 5.9745255110008e+03 -5.7076332421127e+01 2.4019087896070e-03
406 6.4245990168346e+04 7.0562842717907e+03 8.6164240428735e+01 3.1153320390048e-03
407 6.3236692373128e+04 7.4563269989746e+03 -9.9469394801969e+01 2.8440879627662e-03
408 6.3701256350631e+04 6.5006183611070e+03 -8.0404199213291e+01 2.8824142793014e-03
409 6.3842329047133e+04 9.5103176895175e+03 1.7621486807864e+02 2.2701861803442e-03
410 6.3090467722833e+04 7.1139770312383e+03 -9.8281233384635e+01 2.1342384898172e-03
411 6.2851609596835e+04 8.0171627677701e+03 -1.4889706330577e+02 2.1585023396345e-03
412 6.5640076244750e+04 4.6766684750050e+03 5.7706709038644e+01 1.5157967880373e-03
413 6.4483293230457e+04 3.8772125112449e+03 -9.4498269924093e+01 3.1309695313271e-03
414 6.4296480382992e+04 4.3795810160726e+03 -1.0685887066608e+02 4.9941519895580e-03
415 6.2119868980036e+04 1.0760186484415e+04 1.1191083257105e+02 1.6269841940810e-03
416 6.3213977230648e+04 7.7250923504003e+03 -7.3560364499214e+01 3.1028086027912e-03
417 6.3053758798122e+04 8.5477216971432e+03 9.8965691104218e+01 2.8386058043863e-03
418 6.2426210036881e+04 7.2241580885489e+03 -7.2534838750249e+01 1.2703553647074e-03
419 6.4331904839286e+04 4.3287987381351e+03 -6.6718142604623e+01 3.3481799219613e-03
420 6.3092555715355e+04 6.3125174384353e+03 -1.0145527615989e+02 2.6476149355797e-03
421 6.3361642524764e+04 8.5938926643022e+03 8.8468074750800e+01 3.3483667092468e-03
422 6.2741255735384e+04 4.3687495353334e+03 -9.3518492963301e+01 1.5409353837417e-03
423 6.4558690041514e+04 3.9259609303863e+03 -1.4425163614040e+02 1.4406240001452e-03
424 6.4938657933030e+04 2.5346852607575e+03 -8.2759086862709e+01 3.1050403828661e-04
425 6.3727452634477e+04 4.6213485249406e+03 -1.0570500204635e+02 3.1969624559347e-03
426 6.1396137470061e+04 9.9743621521371e+03 1.2782554313159e+02 6.9152629476577e-04
427 6.2045923351033e+04 9.7780269050225e+03 1.5226924180553e+02 1.4455932430364e-03
428 6.4372075238907e+04 1.0593566767411e+04 8.7657468670782e+01 2.4595211209637e-03
429 6.4063862804365e+04 9.3258185660431e+03 -1.1917679324704e+02 3.2000228807148e-03
430 6.4922505202910e+04 4.9812943231145e+03 -7.7797933913356e+01 1.1394182803645e-03
431 6.1924438102195e+04 4.2713205371823e+03 -1.0495556902213e+02 4.5681987164857e-04
432 6.1000440632505e+04 8.7487029402959e+03 -1.0488575287705e+02 1.3414699640711e-03
433 6.0519568169208e+04 1.3547017526594e+04 -1.5071137126231e+02 4.7385232473049e-04
434 6.1471525946313e+04 8.8169634499428e+03 -1.1595302162570e+02 5.8271379110542e-04
435 6.3887763969474e+04 1.1503645846185e+04 1.3494793845042e+02 2.7496384093199e-03
436 6.3072267651373e+04 3.7624259521790e+03 -7.3326564674354e+01 1.6421189948412e-03
437 6.4380946994980e+04 6.4126733760234e+03 6.6685497195115e+01 2.5554881548040e-03
438 6.4443258708694e+04 3.6179405997266e+03 -8.5201312289559e+01 3.2686451179544e-03
439 6.3619191319230e+04 4.9296561011482e+03 -1.1826894760850e+02 3.0392877291491e-03
440 6.3304346512717e+04 2.4801138062456e+03 -6.5077574358010e+01 3.2923503192452e-03
441 6.1832433197456e+04 3.9569496655293e+03 1.4915222577625e+02 1.5226414415078e-03
442 6.2964735111024e+04 6.2869693301814e+03 -5.2247459877592e+01 2.3612465780794e-03
443 6.3073914913480e+04 5.7486972546671e+03 -7.6246304188514e+01 1.3469454160403e-03
444 6.2113139649580e+04 6.2661516542429e+03 -1.2690456730211e+02 9.8479254259326e-04
445 6.1752922688766e+04 5.7434969569257e+03 -1.0164152540772e+02 5.3268139790793e-04
446 6.2676076993048e+04 7.3399041243661e+03 -7.7497820796566e+01 6.9781802518323e-04
447 6.2469525850064e+04 6.6006419396357e+03 -1.5705255144368e+02 1.4282830069077e-03
448 6.3769510730413e+04 5.3081603453882e+03 -8.4975744902658e+01 3.3305541271982e-03
449 6.3431024799217e+04 8.8662072744294e+03 -8.1778833384216e+01 3.3161832466362e-03
450 6.2531952746848e+04 9.1047623576691e+03 -1.3977702230431e+02 2.1653010679631e-03
451 6.3275165961612e+04 1.0031609099543e+04 7.7192847757365e+01 2.8121179859225e-03
452 6.3668500250464e+04 8.8686069676186e+03 -6.5429697571588e+01 3.3772239698346e-03
453 6.2723298529211e+04 8.6366985558398e+03 -1.2414882673771e+02 2.0390065056704e-03
454 6.3111885774931e+04 8.6022122393773e+03 -1.1936233967729e+02 1.6768816497915e-03
455 6.3552010138589e+04 4.9484627219683e+03 -8.5585502101334e+01 2.0170760605343e-03
456 6.3229307990174e+04 7.6647321852801e+03 1.1650482795998e+02 2.7999745684599e-03
457 6.3775554348854e+04 5.0619498509330e+03 -1.4946020487058e+02 3.3108098674554e-03
458 6.2090018328172e+04 7.1438704199766e+03 -7.4620953875922e+01 1.0816755686586e-03
459 6.3667407177130e+04 3.8626579219466e+03 -2.0978629643799e+01 2.5536284355783e-03
460 6.4082311169683e+04 3.7441003704211e+03 -6.1822050681610e+01 2.1341013790697e-03
461 6.0359287020091e+04 8.0975697105702e+03 -1.6436414718545e+02 3.2536136391308e-04
462 6.2868394516105e+04 8.1685228225678e+03 1.4975946185547e+02 2.1823081364264e-03
463 6.2215619332913e+04 8.3922397586941e+03 -1.3381548780643e+02 1.4346947156722e-03
464 6.2826475542317e+04 7.7479271669747e+03 -7.4351162659246e+01 1.4454432571186e-03
465 6.2240924389979e+04 5.7689332111534e+03 -7.9281125168961e+01 5.5058813466701e-04
466 6.2820750418593e+04 1.3245245245015e+04 -8.4591063149459e+01 1.3556585542066e-03
467 6.2768202599357e+04 5.8272487514137e+03 -8.8555487176956e+01 1.3476517117355e-03
468 6.1575307301898e+04 8.8447452033908e+03 1.7713047234608e+02 5.1618363767486e-04
469 6.2733265106734e+04 1.0715517317014e+04 -5.0499583630362e+01 2.9252549490608e-03
470 6.3452537444735e+04 5.1524316606405e+03 -7.5938198728317e+01 2.4177337150724e-03
471 6.4284586714157e+04 8.1907030183994e+03 -7.4264178734525e+01 6.1732716530340e-03
472 6.1010031272148e+04 9.9051326730795e+03 -7.9863899832221e+01 4.7427317663832e-04
473 6.2814207578601e+04 9.4761937167370e+03 -1.0557070444224e+02 9.7684542561129e-04
474 6.3465372470244e+04 1.1238113893390e+04 -7.8268959697104e+01 2.8621507810620e-03
475 6.3120692785885e+04 1.2405382756066e+04 1.2342359204640e+02 3.3711405345174e-03
476 6.3833138200760e+04 8.6632131097776e+03 -9.8954990317054e+01 2.0667026346948e-03
477 6.2672933634265e+04 1.0148451364699e+04 -1.0675020533834e+02 1.5276978936031e-03
478 6.3552519906919e+04 1.1338714373576e+04 -9.7686518095595e+01 3.3889412853718e-03
479 6.4069102924016e+04 1.2777716526584e+04 -4.3791441529615e+00 2.5062855533491e-03
480 6.2192577475793e+04 8.5258237745142e+03 -9.6523082033404e+01 1.5086909351180e-03
481 6.3399799536820e+04 8.9373089336877e+03 1.6626128672960e+02 3.1722729809152e-03
482 6.5000175337144e+04 8.2403328231410e+03 -3.4853681021898e+01 1.8634148189149e-03
483 6.2457700189652e+04 8.6600297166830e+03 -1.1750981425733e+02 1.9588862610815e-03
484 6.2943790941868e+04 8.6709103222938e+03 -8.6887831971598e+01 2.8838486541297e-03
485 6.3549881164264e+04 5.2809821001588e+03 1.0644868310976e+02 2.0826398225957e-03
486 6.1837928898018e+04 6.4208513988578e+03 -1.4640856276338e+02 7.3262210550047e-04
487 6.1922937241871e+04 3.5748647594615e+03 -8.6426035254047e+01 2.3113244504547e-03
488 6.2739050608999e+04 1.3040373784852e+04 -1.0951914926705e+02 2.1705856814819e-03
489 6.2705805033322e+04 1.3080036732108e+04 -4.4561614102348e+01 3.2402446023904e-03
490 6.1732629430816e+04 1.3142884822257e+04 -1.3546253005094e+02 1.6646777911455e-03
491 6.1464235714277e+04 1.4333613662483e+04 -6.9479565603397e+01 1.3760934955465e-03
492 6.3403295619643e+04 8.1535968516196e+03 -7.9583102369309e+01 3.0032747216112e-03
493 6.3487672307916e+04 1.0269796768274e+04 -4.1164401718291e+01 3.1002744307341e-03
494 6.2872015682656e+04 1.1105289895472e+04 1.3388693832769e+02 2.3707849157924e-03
495 6.3529819158252e+04 9.9055004188779e+03 -9.2608683203509e+01 3.3676703762025e-03
496 6.3304522588540e+04 1.0932796895230e+04 -7.5931254886150e+01 1.8235516580256e-03
497 6.4696869292126e+04 8.8032681348683e+03 -5.9464219095787e+01 1.9806850079677e-03
498 6.3929545118856e+04 8.3480448735903e+03 -9.5390818302295e+01 2.3717131452357e-03
499 6.2955014657745e+04 6.9686860315494e+03 -9.5202153116059e+01 7.9956925818935e-04
