0 4.3052711409371e+04 3.9119588840584e+03 1.6788660893912e+02 3.4680895022259e-04
1 4.6769284473250e+04 2.6809675694108e+03 -4.9651682107842e+00 2.5262473818222e-03
2 4.1892187365339e+04 1.3883844080197e+03 1.7377600713942e+02 2.6075593672470e-03
3 4.0722045386741e+04 1.1659691370161e+03 -1.4174481766832e+02 6.2984414531263e-04
4 4.8967327917139e+04 2.9443011117359e+03 -3.0736916137121e+01 1.9139851886296e-03
5 4.5851501541331e+04 2.8156128614778e+03 -1.5275083485533e+02 1.2602932470640e-03
6 4.6979573059824e+04 1.4511714038390e+03 1.7271074908824e+02 2.4701857469517e-03
7 4.9784164476056e+04 3.1624212548239e+03 -1.4035436869905e+02 2.0059323220084e-03
8 4.8628866822858e+04 2.6378433491636e+03 1.4119686480586e+02 2.9096966303082e-03
9 4.9064260874985e+04 2.2130440034244e+03 -7.3402483142291e+01 2.6247904603065e-03
10 4.8419335474055e+04 2.8988444958663e+03 1.6457813185632e+02 1.4527370451805e-03
11 5.1374668960670e+04 2.4336624151329e+03 1.1950132884116e+01 3.0205837340833e-03
12 5.1280300465634e+04 2.2094465093268e+03 -2.9528973469525e+01 3.2871939428293e-03
13 4.9188485852553e+04 2.8170488184405e+03 1.7498494050241e+02 1.7832914460628e-03
14 4.5884993116039e+04 2.6417544478752e+03 -1.7965866853751e+02 1.1104979915851e-03
15 4.6371491990243e+04 3.6414336340240e+03 1.6706329185173e+02 9.3817451996218e-04
16 5.2450671591342e+04 2.6428332482517e+03 1.6224704493897e+02 2.5335201649321e-03
17 5.1899845167538e+04 2.4756924318115e+03 1.6210696622409e+02 1.6203350451846e-03
18 5.2604884923932e+04 1.9985167180352e+03 -1.7422377016785e+02 2.1604310564586e-03
19 5.2051824097039e+04 1.9486443521051e+03 -1.7219317966564e+02 3.2051973450473e-03
20 5.2852740017237e+04 2.3167591724530e+03 3.5746564049221e+01 2.7722354430609e-03
21 4.9065559515920e+04 2.4054800181548e+03 1.6848153604886e+02 2.8623702569153e-03
22 4.9542317266458e+04 2.3268552838524e+03 1.2904017781591e+02 3.2453171753192e-03
23 5.2799818056976e+04 2.5186036782454e+03 3.0440018675572e+01 2.4795948494526e-03
24 5.1530679352017e+04 2.8126095637668e+03 1.3107774789882e+02 1.5541694635956e-03
25 5.1335855595436e+04 2.3804246721770e+03 1.6969973190882e+02 3.0357324510477e-03
26 5.2751549544364e+04 1.9175272027107e+03 1.6359928088219e+02 3.2052770498705e-03
27 5.1038350439240e+04 2.5982639318428e+03 1.4262020735988e+01 2.9573126221471e-03
28 4.8929335545543e+04 2.2846725243283e+03 -1.7907051408421e+02 2.4743701117382e-03
29 4.9526717350214e+04 2.9143402769030e+03 -1.7026458133458e+02 2.5204975367839e-03
30 5.0509896957819e+04 2.0688238741875e+03 1.6623847970232e+02 1.1635845320192e-03
31 4.9962897030222e+04 1.2986949664393e+03 -1.5866234521057e+02 6.3555420694106e-04
32 5.1923289585116e+04 2.3070481330961e+03 -1.1106681653182e+02 2.1471863048159e-03
33 5.0938857991941e+04 2.6786040098915e+03 1.6224997740339e+02 2.9313428030000e-03
34 5.2610270284039e+04 2.7630313859058e+03 -1.7576899096650e+02 1.9524924866517e-03
35 5.2982222263568e+04 3.0068691328034e+03 1.5749387309351e+02 2.5478152970371e-03
36 5.5514472339351e+04 2.5140228756003e+03 1.7649286537354e+02 1.4265712564350e-03
37 5.1421068872177e+04 2.4846347761046e+03 1.7546340212169e+02 2.6324272286284e-03
38 5.1960956727021e+04 2.0722114994829e+03 -1.8453582436912e+01 3.1091332357006e-03
39 5.0096843768979e+04 1.4188306471962e+03 -1.3999618282086e+02 5.3173882401092e-04
40 4.9799655673365e+04 1.4367050595582e+03 -1.6896952350646e+02 6.6164574279475e-04
41 4.7853885367147e+04 2.8016993861206e+03 -1.6273324779713e+02 2.2145373856331e-03
42 4.9336166444737e+04 3.2582242763683e+03 1.2471659780208e+02 1.8622479562184e-03
43 4.9105212792655e+04 2.0618990694811e+03 1.4877656954198e+02 5.5676375022964e-04
44 4.6998821520649e+04 2.0097779908739e+03 1.7837467060986e+02 3.2830496457946e-04
45 4.7487615571118e+04 1.0712665201434e+03 1.7580062511725e+02 4.2154391146843e-04
46 5.0127084100429e+04 1.0889271628547e+03 -8.1096469563536e+00 1.9610022963610e-03
47 4.6070239561535e+04 2.0854982477819e+03 -1.6144105809288e+02 4.0240173674764e-04
48 4.4420322056731e+04 1.1320163694002e+03 1.7770039862002e+02 2.7812845772203e-03
49 4.4313972070967e+04 1.4482220941549e+03 -1.7465722729600e+02 3.1601143169711e-03
50 4.5123898929173e+04 1.3345450118544e+03 -1.4705347229283e+02 2.7892256967934e-03
51 4.5430237345987e+04 1.2292898092446e+03 -7.8673723039416e+00 1.5994126214470e-03
52 4.3855326799290e+04 1.7024831410002e+03 1.5821069107723e+02 2.7335140707434e-03
53 4.1297710086134e+04 2.0080682545990e+03 -1.7146983745840e+02 1.7083870373866e-03
54 4.2189333894595e+04 2.7459455044813e+03 1.2994616787501e+02 1.4032298569482e-03
55 4.0859003932025e+04 2.6119782464737e+03 1.7015507791012e+02 2.4032826883699e-03
56 4.7660675479545e+04 1.6235589993509e+03 1.7754827409907e+02 3.1424736990943e-03
57 4.7632366720605e+04 1.3616490369936e+03 -1.6756421270714e+02 2.7655393615269e-03
58 4.1202185833770e+04 2.1047365666786e+03 -1.4012875713138e+02 4.6554986263243e-04
59 4.0967788210760e+04 2.4370216707181e+03 1.6757767018870e+02 4.8924587358319e-04
60 4.1268369728567e+04 3.4681826181581e+03 -1.7682714886312e+02 1.0442157860785e-03
61 4.2088533884486e+04 2.8882670715417e+03 1.0739357454604e+01 9.0186841794015e-04
62 4.7559689627851e+04 3.6652052359149e+03 1.2524957349161e+02 1.0377663229973e-03
63 4.3812301084585e+04 1.1410146748384e+03 1.6954464183432e+01 2.8272172781725e-03
64 4.3398362830863e+04 1.2666044872718e+03 1.4191510224226e+02 2.8158464513829e-03
65 4.0126369434896e+04 1.9265663883951e+03 1.6974386850023e+02 3.2251514696381e-03
66 3.9989001964298e+04 1.8714049557757e+03 1.7425355329167e+02 3.2248785458796e-03
67 4.3750646382381e+04 1.0076402859431e+03 -2.0685693360113e+01 2.2218583347827e-03
68 4.4241143711748e+04 1.3133209455102e+03 2.1919091528376e+01 2.9413916042513e-03
69 4.2897679467335e+04 1.7303648317934e+03 1.5429406273557e+02 3.2899031826542e-03
70 4.1601675709763e+04 8.4185417224691e+02 1.7394532581448e+02 1.8514187067487e-03
71 3.9410422057665e+04 3.9443642016826e+03 8.1242711031000e+01 5.3065017531603e-04
72 4.2219583389886e+04 3.1451629090782e+03 -1.5971212216730e+02 9.4716609282466e-04
73 4.2936167277204e+04 1.5205294245852e+03 1.7548330438874e+02 2.4340671130639e-03
74 4.1132433987365e+04 1.3570692714809e+03 1.7744000206086e+02 5.5080256815671e-04
75 4.1042117111512e+04 2.8946026001191e+03 1.7994758885985e+02 1.7917415734634e-03
76 4.4213894401060e+04 1.9316240108714e+03 -1.1570546634440e+01 2.7020916124504e-03
77 4.2755801500274e+04 2.1691798594099e+03 -9.4933792144556e+01 3.1469723149173e-03
78 4.3578309710585e+04 8.2710971495484e+02 -1.2488198233537e+02 2.0554057069413e-03
79 4.1684766991429e+04 2.5383972796456e+03 1.7242670230200e+02 2.6173542031532e-03
80 4.2792967082638e+04 1.9981750839963e+03 -1.2808255458469e+02 3.0498289963579e-03
81 4.2227805871036e+04 2.3959313842020e+03 1.5382826937879e+02 2.6898200289563e-03
82 4.2508991285632e+04 2.0302055749476e+03 -1.3291829335168e+02 1.9502841285284e-03
83 4.3906103173089e+04 2.8575481631220e+03 -1.6301465491389e+02 1.3279538709004e-03
84 4.3153939611379e+04 2.4194089445008e+03 1.5789027993572e+02 2.8980221824752e-03
85 4.4073430505312e+04 1.9680723754812e+03 -1.5008485548202e+02 3.2509899250906e-03
86 4.3236027480935e+04 2.0410255188550e+03 -3.4026590428880e+01 1.8764346612221e-03
87 4.2727215574157e+04 2.2431518731477e+03 -1.5276731654095e+02 2.2892762687378e-03
88 4.4579396941239e+04 1.4345880711791e+03 -1.1643465779222e+02 2.3727052058211e-03
89 4.3017056091105e+04 1.6651109558235e+03 1.7526804067971e+02 9.5722150020075e-04
90 4.2180928913014e+04 1.2265138136999e+03 -1.6891079405324e+02 1.2512482764830e-03
91 4.2228168118056e+04 1.1568702458558e+03 1.5880034933112e+02 2.3547248863932e-03
92 4.0890190031445e+04 3.4278386107269e+03 1.6327502109541e+02 8.3143635990266e-04
93 4.5003504412728e+04 5.2424857020957e+03 1.7570489875685e+02 2.9924903586330e-04
94 5.2366267611390e+04 1.8242451286049e+03 -1.1173891982339e+01 2.1298988563082e-03
95 4.5838207703348e+04 2.0415429741036e+03 1.6868522728418e+02 2.9915839724786e-04
96 4.5536524705991e+04 2.8877328658467e+03 9.9742041315942e+00 2.1831492794727e-03
97 4.6217611215115e+04 2.9534175458964e+03 9.6177553549033e-01 2.0529988024118e-03
98 4.5893803462618e+04 7.0907228135280e+02 -1.6863504234790e+02 4.4475471427514e-04
99 4.3660460629343e+04 3.3669585851445e+03 -1.7530064260217e+02 1.2142317535187e-03
100 4.8020414995247e+04 1.9039236912223e+03 -1.2735463210281e+02 1.8373875150975e-03
101 4.6426733598295e+04 2.2322492118027e+03 1.2262023070253e+02 1.8342749105341e-03
102 4.7017218112744e+04 2.6049572510489e+03 -1.7097349829307e+02 2.8274725368869e-03
103 4.0270550063834e+04 3.0138401086737e+03 1.7119901579484e+02 1.4808370992996e-03
104 4.5922148908661e+04 1.9876564529886e+03 -1.7998079455438e+01 3.2477835758725e-03
105 4.6179085994557e+04 1.9608256060488e+03 -1.4284841386363e+01 3.2782442381135e-03
106 4.3945187285504e+04 2.8762993674866e+03 1.4507820157599e+02 2.1636369235471e-03
107 4.3847035351978e+04 2.5518645670132e+03 1.7734684098725e+02 1.8908872028247e-03
108 4.1013853983930e+04 1.2197615606579e+03 -5.8976379628378e+01 3.0733471502966e-03
109 4.0940948649477e+04 1.1999082180977e+03 -6.9676846497930e+01 2.8977649109833e-03
110 3.8581540514827e+04 1.0098270590639e+03 1.7240021399909e+02 3.3802605909372e-03
111 3.9257758873163e+04 1.8963379662361e+03 1.6466494190596e+02 2.0397027271672e-03
112 4.2905680790025e+04 2.4965374543124e+03 1.1380505837706e+02 1.3831237838240e-03
113 4.3248126663412e+04 2.3366009901321e+03 1.5330552839794e+02 2.9507955230408e-03
114 4.2481443644805e+04 2.3679925300870e+03 1.6901087124561e+02 2.2541738955105e-03
115 4.8831087525642e+04 1.9233774932840e+03 -1.7164790196158e+02 5.3041672124804e-04
116 4.5882584374282e+04 1.6785839465294e+03 -6.0002984923624e+01 2.1948425141230e-03
117 4.4720012615908e+04 3.4457706024721e+03 4.4595164470027e+00 1.0941177138123e-03
118 4.5673250955794e+04 2.6166292429972e+03 1.4706890404464e+02 2.6281060256345e-03
119 4.5735643463414e+04 2.3505794746718e+03 1.7079273718414e+02 3.0931245137130e-03
120 5.4194823955973e+04 2.4511521132276e+03 -2.7877022186627e+01 2.0998852098791e-03
121 5.3620952751449e+04 2.7528893363251e+03 1.6536633130324e+02 2.9598215660565e-03
122 4.3394709741213e+04 2.5164748712548e+03 -1.2659369099020e+01 2.1004446926534e-03
123 4.3840155516355e+04 2.5915813357243e+03 1.6630053604318e+02 4.1531491975600e-04
124 4.6492044349169e+04 1.2774113836887e+03 -1.7045147966628e+02 2.8624163134526e-03
125 4.7974121924046e+04 1.5139061809977e+03 1.5368888456491e+02 1.3336530506203e-03
126 4.6495098325342e+04 3.3358451000363e+03 2.5005735707714e+01 1.4129940758109e-03
127 4.8008481964811e+04 2.1301308379597e+03 -1.7391797861105e+02 1.4832764899999e-03
128 5.0274018437137e+04 3.7461771534311e+03 1.4075629022983e+02 6.6014394419412e-04
129 4.7647038673049e+04 3.5798940223130e+03 1.7365282910845e+02 6.8014920361227e-04
130 4.8591215201753e+04 2.7228619969925e+03 -1.7775660309224e+02 1.9072793674201e-03
131 4.9999436317936e+04 2.8119266466752e+03 -1.2053634894219e+02 2.5304387619958e-03
132 4.7086877061977e+04 3.4113626365706e+03 1.3605707202081e+02 1.3352663058763e-03
133 4.7875299318441e+04 3.1576283722750e+03 1.6953335193797e+02 1.1155317412212e-03
134 4.7495135137121e+04 3.8555410147525e+03 1.7509371319904e+02 8.8913521407074e-04
135 4.7700011544645e+04 3.4260724597313e+03 1.0007809218979e+02 1.2744601189456e-03
136 4.8311063789524e+04 3.0240766327050e+03 1.6172002506738e+02 2.2440186586685e-03
137 4.1852470144006e+04 2.9521512157124e+03 1.6623970198697e+02 4.8459776205292e-04
138 4.7547103480990e+04 2.4417390758018e+03 -1.7342196256940e+02 1.8388978558742e-03
139 4.5298849149814e+04 2.3228058202073e+03 1.6796226260488e+02 3.6256009517727e-04
140 4.7213837852542e+04 2.4303848406992e+03 5.8364029707666e+01 2.8648000673327e-03
141 4.7509026906222e+04 1.9939394769398e+03 -1.2016651930127e+01 3.2812561825153e-03
142 4.6896915771572e+04 3.0678672203955e+03 1.3162332699483e+02 2.0743444092940e-03
143 4.6165493928413e+04 3.1685135291264e+03 1.1594974710948e+02 1.5905829195845e-03
144 4.6234808475465e+04 2.5275534635006e+03 1.5315946448039e+02 1.8787007821481e-03
145 4.9142092635731e+04 3.0085098591085e+03 1.6630871631911e+02 2.3192335116438e-03
146 5.0693368721135e+04 2.0759507985676e+03 -1.2913918822030e+02 3.0564652396226e-03
147 4.9077336954039e+04 3.0228919323625e+03 1.3823720651230e+02 7.6011935878352e-04
148 4.8607042235877e+04 2.7577527875902e+03 8.0841789046944e+01 2.4342493166884e-03
149 4.8810619801520e+04 2.0294473280546e+03 -3.1400011500230e+01 2.8344652249333e-03
150 4.2626717346357e+04 2.5770154643440e+03 -1.2623626999778e+02 1.3446930982386e-03
151 4.6764461000733e+04 1.5638605265911e+03 5.2515561855914e-02 2.2574103322458e-03
152 4.5437387587141e+04 1.4299660442841e+03 -4.1872168767659e+01 2.6711603086917e-03
153 4.6747561042996e+04 2.3725819965924e+03 1.1597586886299e+02 1.7328171047696e-03
154 4.5697294336021e+04 1.8871094600673e+03 -1.7420138726973e+02 1.9167143111357e-03
155 4.6343456931427e+04 2.5957350670873e+03 1.3374288613894e+02 4.1345086287618e-04
156 4.6409939373830e+04 2.3854768636172e+03 1.6038108721424e+02 8.3049744749344e-04
157 4.7535268753156e+04 3.0468817874250e+03 1.7337225062716e+02 2.1258233066977e-03
158 4.7615197458811e+04 3.7021506583693e+03 1.7095279993307e+02 2.1942751062854e-03
159 4.9067703029208e+04 2.8511432903818e+03 -1.7448589080218e+02 2.0964810866032e-03
160 4.9310114551448e+04 2.5381759616347e+03 -1.7560326250779e+02 1.0971787397210e-03
161 4.9786426070109e+04 2.2498242657401e+03 -1.0027489036290e+02 3.0492375443953e-03
162 4.8500963766979e+04 1.3520541334706e+03 1.6346103776396e+02 1.9689897205193e-03
163 4.9048449784305e+04 2.3614422557006e+03 1.2767543442666e+02 3.2126783853878e-03
164 4.8096399575324e+04 2.0967880586682e+03 1.7762665923946e+02 2.2946203283818e-03
165 5.0655016205746e+04 1.9887093728109e+03 5.8501511789566e+00 1.9099766555676e-03
166 4.8899673244151e+04 2.0549643919204e+03 1.2250440609444e+02 3.1613467873385e-03
167 4.4092304314309e+04 2.4787547513262e+03 -4.4852197383528e+01 2.6004289824644e-03
168 4.4309244067737e+04 3.0004321239878e+03 4.8694128167109e+00 1.9985648773891e-03
169 4.3408577251486e+04 3.0870152798456e+03 1.4639389300330e+02 1.7457296344672e-03
170 4.6052703769757e+04 2.6365797559283e+03 1.5977783665563e+02 2.4017576108653e-03
171 4.6808721357128e+04 2.6357219795180e+03 1.8218140226785e+01 2.7976005820377e-03
172 4.1142396487994e+04 3.1517563303502e+03 1.7736626615760e+02 3.0392596855997e-04
173 4.4442215728473e+04 2.8942734784782e+03 1.5915973411432e+02 2.0534102129158e-03
174 4.4655322996934e+04 2.8541998666694e+03 1.5713221619243e+02 2.1913055380356e-03
175 4.4953776732550e+04 1.4959249122770e+03 -1.7893520868164e+02 3.1029335066206e-03
176 4.8898402606079e+04 1.4607145240084e+03 -2.4839731990249e+01 2.9280115750397e-03
177 4.6290658775517e+04 1.5972900421023e+03 1.7517777440358e+01 1.6321318293641e-03
178 4.8681515907311e+04 1.4295721083261e+03 -1.2258551121910e+02 1.5758925663612e-03
179 4.8411873063928e+04 1.7276515686078e+03 1.5985814596995e+01 2.7047176944285e-03
180 4.5705621487515e+04 3.6128531155421e+03 1.5535595743974e+02 9.0258418973174e-04
181 4.6314172953443e+04 2.9753635477901e+03 1.7715809367155e+02 2.1054813144258e-03
182 4.4734701301280e+04 2.6694793379165e+03 -1.7994357722188e+02 2.5345517768440e-03
183 4.5926275771056e+04 2.3477332209409e+03 1.2424775893678e+01 3.0408192306286e-03
184 4.4910870346619e+04 2.3196226804139e+03 1.7383871892895e+02 2.3972060343878e-03
185 4.5289561926355e+04 2.0378135086531e+03 1.6824743974604e+02 3.2676622172267e-03
186 4.6057019679703e+04 2.0703385044630e+03 3.4670489307762e+01 2.9086021798432e-03
187 4.4820465981938e+04 5.1908801870046e+02 1.7943935846823e+02 1.2153138147750e-03
188 4.3305844288937e+04 2.2976504765708e+03 -2.3674075149778e-01 1.6426769886657e-03
189 4.7188356633412e+04 3.0701182038687e+03 -7.7587628949674e+00 1.2869013246607e-03
190 4.2948301318468e+04 3.5564266328132e+03 2.5330602820630e+01 8.8710045896777e-04
191 4.2873189619466e+04 1.9095029799290e+03 -1.6695290706750e+02 1.2973336829821e-03
192 4.1356858637443e+04 2.6228760226881e+03 1.7025894258225e+02 1.0374297658092e-03
193 4.6321059005408e+04 1.0308471090437e+03 -1.2534559794873e+02 9.4554845996103e-04
194 4.7571093718100e+04 3.6439257892549e+03 -3.1598446325230e+01 1.1478872457223e-03
195 3.9850292121323e+04 2.1552750614185e+03 1.7844202887203e+02 1.7000291182195e-03
196 4.4841666287927e+04 1.1871818215768e+03 4.3064978541330e+01 2.6510337068129e-03
197 4.2960550429154e+04 1.0014170921570e+03 -1.5919440513681e+02 2.1101602474639e-03
198 4.3015378481241e+04 1.1543073918162e+03 -1.6840141603847e+02 2.8895740849234e-03
199 4.0159087795005e+04 2.4385835868055e+03 1.7485325860484e+02 1.5137781369818e-03
200 4.2842201252033e+04 1.7601358418094e+03 1.5774422889802e+02 3.2122217845223e-03
201 4.3773659275961e+04 1.3901633803920e+03 -1.7748071261610e+01 1.7803894028588e-03
202 4.2892856403753e+04 2.1870114832416e+03 1.3962556008370e+02 2.8452323426246e-03
203 4.2778996626618e+04 1.5249726772838e+03 1.6249252348806e+02 2.3835383061652e-03
204 4.1311301105580e+04 8.6646712058840e+02 -1.6222403473431e+02 2.2100609992935e-03
205 3.9173955471884e+04 1.9280768626826e+03 6.5234942738367e+01 3.1663871752752e-03
206 3.9287903766051e+04 2.0401763001918e+03 5.3965365153657e+01 3.1308381231672e-03
207 3.9325585663543e+04 1.5823738585000e+03 1.6847829450479e+02 1.7383474234681e-03
208 3.9964954677809e+04 1.7452824705507e+03 1.2497137323853e+02 3.2699890150781e-03
209 4.0932830311018e+04 2.6453626324170e+03 1.5918482936449e+02 1.8631956507080e-03
210 4.1872894918738e+04 2.6651339950102e+03 1.0397418538272e+02 2.2346950188579e-03
211 4.1844937998247e+04 2.0171849643528e+03 -1.5628463783657e+02 2.9083573952839e-03
212 4.2443980771821e+04 2.1535552881153e+03 1.7812516948324e+02 1.0634247473551e-03
213 5.1133892398440e+04 9.8941172316150e+02 -1.2092706255375e+02 7.3084003114193e-04
214 5.0446981657524e+04 3.1392470244909e+03 4.6714218451204e+01 2.0453222740726e-03
215 5.2084758894789e+04 1.8757247730665e+03 1.7494553870339e+02 1.6836980184258e-03
216 5.0144882881405e+04 1.3729043115610e+03 -1.1966160443427e+01 1.8445652291945e-03
217 4.9401778435229e+04 1.1587521275283e+03 -1.2256571032598e+02 2.4369297279099e-03
218 4.7138739944128e+04 2.6950191720509e+03 1.2336735027562e+02 1.9782032579265e-03
219 4.7101982467336e+04 2.5727681945792e+03 1.4470882934082e+02 2.7323019192101e-03
220 4.4830706204912e+04 2.2042924369311e+03 -1.6968090490446e+02 4.5561328125618e-04
221 4.4873784745545e+04 1.9824479527001e+03 -1.6703619464725e+02 2.0928616427470e-03
222 4.7219244001123e+04 2.6825644933079e+03 1.2373271017933e+02 2.7603960465671e-03
223 4.7471587712031e+04 1.6347200417135e+03 -1.4851343818789e+02 2.7631558404280e-03
224 4.3161785451535e+04 2.4498926497673e+03 -2.6964801083726e+01 9.6009264520255e-04
225 4.5291990534095e+04 1.7751223047853e+03 -4.7156376073864e+01 3.2890374593492e-03
226 4.6365205164817e+04 1.9957062997456e+03 -1.6848702800280e+02 3.2756834262530e-03
227 4.4419859374120e+04 2.4065983051542e+03 1.6034025351644e+02 2.8726733487173e-03
228 4.5307923574134e+04 1.8758506223159e+03 -1.6129848334756e+02 3.2476715066069e-03
229 4.8699495362213e+04 2.0778958052625e+03 -9.6803372948135e+01 2.4037573557646e-03
230 4.9593525519933e+04 2.2371525920273e+03 -1.1589040606423e+01 6.6418273774130e-04
231 4.6231802328660e+04 2.1362356774218e+03 1.4916848206277e+02 1.7977673458411e-03
232 4.5707232484203e+04 2.8128132256966e+03 -2.0187498194511e+01 1.2486461785266e-03
233 4.3251940787491e+04 2.6974344436381e+03 -1.3639781073921e+01 2.4436933388879e-03
234 4.2933265050784e+04 2.8461103207433e+03 4.6346294387699e+01 2.0661314668419e-03
235 4.3440841958722e+04 3.3178054617058e+03 6.0960075798147e+01 9.5229707495457e-04
236 4.2114180132455e+04 2.9522963927721e+03 2.0665046487301e+01 1.9108283165905e-03
237 4.0889377521095e+04 3.2389612871078e+03 1.5100889708468e+02 5.2479920597009e-04
238 5.2026586054821e+04 2.1678355149908e+03 7.8491743157920e+01 1.5862230154343e-03
239 5.1823746947451e+04 1.9070632603591e+03 -1.3277552305209e+02 3.0352890527105e-03
240 4.9395012981926e+04 2.4535925351155e+03 -4.5172526716876e+01 3.1547179984776e-03
241 4.8596612742400e+04 1.9924576774520e+03 -1.7975279089921e+02 4.0485361338183e-04
242 4.8422714366175e+04 2.2829539627432e+03 1.5778848648981e+02 3.6975973722449e-04
243 4.8407858236050e+04 2.6595508840325e+03 5.5902283437136e+01 2.6169257549249e-03
244 4.8378641527953e+04 2.1650412830200e+03 1.2666595217574e+02 2.9134172431275e-03
245 4.8616314382459e+04 1.6130010019729e+03 -1.3231385758030e+02 3.0372185976653e-03
246 4.6586190279606e+04 1.7330344373344e+03 -9.1347858465881e+01 2.6255326723836e-03
247 4.6211022412468e+04 2.1173355431941e+03 1.7015473667998e+02 3.2461559143870e-03
248 4.7175329146900e+04 2.9357992599137e+03 1.7394610747937e+02 2.2601475298236e-03
249 4.6148146907978e+04 3.0375883256830e+03 1.7135068136888e+02 7.6839719362659e-04
250 4.8443782669482e+04 2.9287426387803e+03 -1.7283846503244e+01 2.4328263509096e-03
251 4.5414076724533e+04 3.0804365972578e+03 1.6167271930436e+02 4.2761812169625e-04
252 4.7545114273146e+04 2.5750157809535e+03 1.6217568643312e+02 2.8322527178475e-03
253 4.7444704933716e+04 3.0597633497732e+03 2.1159944160523e+01 2.1287562888616e-03
254 4.8310558862031e+04 2.7744559099335e+03 -1.6066022474298e+01 2.1827546169119e-03
255 4.8535098497633e+04 1.6432089803888e+03 1.5156119143085e+02 3.1290068760251e-03
256 4.3574829014749e+04 2.9511687476340e+03 -1.7987235443049e+02 3.0658151496542e-04
257 4.7353093558573e+04 3.1494125386461e+03 1.7630145268176e+02 1.9482895092856e-03
258 4.7159092897829e+04 2.1211247613486e+03 1.7543215643156e+02 8.5886347449540e-04
259 4.9598878568683e+04 1.8740809118389e+03 -9.5342935181058e+00 2.9084262011690e-03
260 4.5002169979584e+04 1.8887463973482e+03 1.7544861653751e+02 5.1215087790199e-04
261 4.8278923117022e+04 2.3312904295071e+03 1.2549081698023e+02 1.6054972697510e-03
262 4.8243081332632e+04 1.8232331772996e+03 1.7674211532943e+02 3.2290631133782e-03
263 5.1172202666393e+04 1.2188143657164e+03 -1.5664195200169e+01 7.6727524385199e-04
264 4.6351985435471e+04 1.5149413836867e+03 1.7110644419174e+02 2.2955057338071e-03
265 4.8092543571052e+04 2.3282838042225e+03 -1.7890047440809e+02 2.7384029840395e-03
266 4.8803290585047e+04 2.0356974467757e+03 1.1594176525742e+02 1.3827450631382e-03
267 4.8522116943239e+04 2.3977821979771e+03 -1.7688674361135e+02 1.2000787244069e-03
268 4.6954779991152e+04 1.8691493278769e+03 -1.6598411002626e+02 1.3449864289759e-03
269 4.7238113226959e+04 2.7717298257571e+03 -1.3514063451842e+02 2.5488197557802e-03
270 4.7340835625026e+04 7.4651193546526e+02 -1.7962152115952e+02 1.2554469503139e-03
271 4.7039700944996e+04 2.1990037970363e+03 1.6536682627847e+02 3.2076272555041e-03
272 4.9184194170389e+04 1.9429289171381e+03 4.5096014047890e+00 1.7390405437020e-03
273 4.4738839668410e+04 1.4892558832538e+03 -1.6994098304204e+02 7.7435654744633e-04
274 4.6436411358847e+04 2.2692305863741e+03 1.7336253782822e+02 2.6800458356751e-03
275 4.7125221321559e+04 2.2717045008646e+03 1.6523564556865e+02 3.1548855250760e-03
276 4.4932561640857e+04 2.7028814941812e+03 1.6334093513749e+02 2.5112600752305e-03
277 4.3564173543546e+04 2.6235941177609e+03 -1.7736092343503e+02 5.7648158212094e-04
278 4.4875879721789e+04 2.6777205908839e+03 -4.2079723356144e+01 1.1968131244522e-03
279 4.6962793629379e+04 2.8269421378121e+03 1.7220466135585e+02 1.2891090504995e-03
280 4.7820803057865e+04 2.9741658077813e+03 1.7139616178283e+02 3.7244843138226e-03
281 4.7470863968041e+04 3.2137681504702e+03 -1.4262758789775e+02 1.4761480034278e-03
282 4.6051800190537e+04 3.3106233874427e+03 1.7056812328023e+02 1.8063405640441e-03
283 4.4827244196355e+04 3.1183256220463e+03 1.5245833871806e+02 1.7105303941919e-03
284 5.0182416879369e+04 2.2253389216811e+03 3.2382712048155e+01 3.2868855922775e-03
285 4.8697338709275e+04 2.5852264585012e+03 1.6160976589692e+02 2.0608653665940e-03
286 5.0956353394913e+04 1.2503634393185e+03 -8.1272288963717e+01 8.6215070139804e-04
287 5.2411190034798e+04 2.2215424981327e+03 -4.9006033567380e-01 2.7848318186512e-03
288 5.2494637883927e+04 2.1197419610668e+03 -1.8448028019321e+01 2.1027001906249e-03
289 4.9549675262471e+04 1.9808973953686e+03 1.7806756618729e+02 3.2747460642075e-03
290 4.9308656610288e+04 2.0112035192323e+03 1.7576797721744e+02 2.5832909711380e-03
291 4.3966800265541e+04 1.8375542147406e+03 1.6493072542351e+02 2.7935218838588e-03
292 4.3688497000853e+04 1.6420456988777e+03 1.7861832324555e+02 1.1260419256271e-03
293 4.4020343894857e+04 3.0492316051046e+03 -1.3210788190724e+02 1.7829889283890e-03
294 4.4402506035906e+04 3.7632487631754e+03 1.5512750460118e+02 4.2393070230397e-04
295 4.7859660350699e+04 1.3597796974283e+03 -4.6759994055823e+01 1.8525440828379e-03
296 4.7907960984483e+04 1.2545899130994e+03 -1.5811176928598e+02 2.3533895591341e-03
297 4.9448418142588e+04 6.1797883092117e+02 -1.2656882199539e+02 1.1326990030528e-03
298 4.7090432502469e+04 3.7170924993697e+03 1.4809338266078e+02 4.1997509952425e-04
299 3.9901223861760e+04 3.1937431438429e+03 -3.2788201863472e+01 1.2637315341270e-03
300 3.8764932640984e+04 2.6374089509305e+03 1.6153240812422e+02 1.1916656662271e-03
301 5.0737759157837e+04 2.0914231265580e+03 -2.3903757285814e+01 2.9084335323345e-03
302 5.0373381946599e+04 2.1231510121150e+03 -1.6229988007466e+02 3.2899031826542e-03
303 5.1176606551907e+04 1.9966505118645e+03 1.2196529278875e+02 1.8858857625329e-03
304 4.5039988609213e+04 2.3352583913853e+03 1.6577875465503e+02 5.4869809972407e-04
305 4.5395006882851e+04 2.2847855680392e+03 1.7337839373779e+02 1.6505571970120e-03
306 4.3424206060508e+04 3.2646411004216e+03 1.7538479402950e+02 5.5601878237843e-04
307 4.7550501282250e+04 2.5799816029109e+03 -1.3654954617824e+02 1.4721132950189e-03
308 4.5852389054387e+04 2.0211233679523e+03 -6.0169950320654e+01 3.2568710671006e-03
309 4.5806201621831e+04 2.0249428701116e+03 -6.9616275019656e+01 3.1159078501445e-03
310 4.5965640004741e+04 2.8546417589357e+03 -1.4800042866539e+02 2.3861649939000e-03
311 4.6259395994216e+04 1.6889173654086e+03 -3.8101268384134e+01 2.0218171925062e-03
312 4.4416410201930e+04 2.6941194186378e+03 -1.5940635355176e+02 1.1258217621316e-03
313 4.8280828915363e+04 2.2608346099336e+03 -1.6843152814686e+02 3.2489813916862e-03
314 4.5498607558663e+04 2.7207974710319e+03 -9.2967604440413e+00 2.1518337302942e-03
315 4.5867478957791e+04 2.9621201193574e+03 -1.5951519071321e+02 2.0789064696055e-03
316 4.5426569935808e+04 3.1255217885069e+03 1.2579919396685e+02 1.3716360179892e-03
317 5.0208826005672e+04 2.1826870672031e+03 1.1382685347443e+01 3.2884191906126e-03
318 4.9029782821399e+04 2.0993702080450e+03 1.6446802884870e+02 2.3291792615017e-03
319 4.6675646728127e+04 2.1824459977148e+03 -3.5517959764568e+01 6.5211579704596e-04
320 4.6683038275927e+04 3.3309503896469e+03 1.4984105734908e+02 8.2800241089299e-04
321 4.9238813882945e+04 1.6978693670274e+03 -7.0352063442554e+01 2.4187032401678e-03
322 4.9043674918813e+04 3.6255033309937e+03 1.5011491074580e+02 1.1884802127515e-03
323 4.9411852737748e+04 2.9550574614252e+03 -1.7471806769901e+02 1.8665557563073e-03
324 4.5638048941362e+04 2.7614574055403e+03 1.1474167464810e+02 1.6896989252567e-03
325 4.5335441748170e+04 2.8122004708779e+03 1.4178661543625e+02 2.3201277114579e-03
326 4.5066554492107e+04 2.3745639625694e+03 -1.6273194322797e+02 2.3990214798141e-03
327 4.6227675138905e+04 1.6432067466583e+03 -5.7382077942642e+01 1.7233707631880e-03
328 4.4647150148581e+04 2.0080278374489e+03 -1.6972750581887e+02 2.1950550926450e-03
329 4.6174317715692e+04 1.9952413819999e+03 -1.6784567745861e+01 3.2879260264815e-03
330 4.5051136382764e+04 3.1702585175121e+03 1.7268293202911e+02 3.0657492499169e-03
331 4.8823178004664e+04 2.2251644414517e+03 -8.2430993639658e+01 3.2726110576283e-03
332 4.7947136078539e+04 2.9837797835388e+03 1.5502277339487e+02 2.2789568018121e-03
333 4.8203530279378e+04 1.0674860813930e+03 -1.1526201155835e+02 1.9670676170966e-03
334 4.6914084387679e+04 1.7562960431670e+03 3.7133862437725e+01 3.0687823389225e-03
335 4.7034312876650e+04 1.8909281140777e+03 5.8669233810928e+01 3.2888682517254e-03
336 4.5975697973568e+04 1.2564726182443e+03 1.7944634540741e+02 2.2625520020145e-03
337 4.8101490488522e+04 1.2660116794469e+03 -1.6174450075086e+02 2.7496099615172e-03
338 4.6979810416245e+04 1.4814926366704e+03 -1.0587486341103e+02 2.5766297099977e-03
339 4.6210476784883e+04 2.5285534704369e+03 1.5037668125891e+02 1.9998667440769e-03
340 4.1836327305432e+04 2.3213125977902e+03 1.5153119979778e+02 2.6185433140010e-03
341 4.1285184569058e+04 2.2251962950188e+03 1.6871432219860e+02 2.0422046252089e-03
342 4.2236852964139e+04 1.6171503115326e+03 -1.6045330451101e+02 2.2050818617206e-03
343 3.9444056509295e+04 3.3384656279642e+03 1.4350250343425e+02 9.0825338066107e-04
344 4.3363364852519e+04 2.6768519580502e+03 -1.6642938722380e+02 1.7669876784311e-03
345 3.9293998336334e+04 3.0313410933445e+03 -5.6401311833955e+01 1.5835687162614e-03
346 4.2726338719326e+04 1.7255011228466e+03 -6.1486577161997e+01 3.0447470986879e-03
347 4.2524889360484e+04 1.5115287766489e+03 -1.0651746972681e+02 2.5024540186757e-03
348 4.3939855126643e+04 2.7724714921654e+03 -1.7122815149655e+02 2.3478926540776e-03
349 4.6037513730913e+04 3.6545105303266e+03 1.7508600495527e+02 1.0539259509144e-03
350 5.1499161198125e+04 2.7486118481202e+03 2.6202681972066e+01 2.9229365857039e-03
351 4.8618654331077e+04 2.0933911556845e+03 -7.5256442163487e+01 7.3233660222763e-04
352 4.9844689398667e+04 2.6066820848707e+03 -1.6703814623465e+02 2.8911732453250e-03
353 4.8066509912670e+04 2.4687021686806e+03 -1.7458998243694e+02 1.3709743230397e-03
354 4.9280238280800e+04 3.1793028298200e+03 4.5374609211928e+01 1.2351011423032e-03
355 4.6613673064664e+04 3.8622330228776e+03 1.7103390015553e+02 3.6101514967067e-04
356 5.2650215450970e+04 5.0813480862750e+02 -2.3067989560084e+01 1.1380512356983e-03
357 4.9681902315858e+04 1.7254099527197e+03 -1.7448608273662e+02 3.1965857891176e-03
358 5.0209456922641e+04 1.5547041600346e+03 -1.4620515777714e+02 3.0068113130919e-03
359 4.9121441779040e+04 2.3455107984909e+03 1.7610717703917e+02 2.9586125746624e-03
360 4.8388886498356e+04 1.8118651459990e+03 -9.9680076216233e+01 2.2176141337080e-03
361 4.8136983746419e+04 2.1896599297672e+03 1.7083790467376e+02 2.3722929100749e-03
362 4.7650654284737e+04 2.5786735761566e+03 1.6315852899000e+02 1.9131309090923e-03
363 4.9325332599301e+04 2.0293702175951e+03 -3.6695536059077e+01 3.2899031826542e-03
364 4.6628740677178e+04 2.6734925858465e+03 1.1756629646794e+02 1.8269433891440e-03
365 4.8229412253312e+04 2.7973847858059e+03 1.2752105015062e+02 2.1165376640878e-03
366 5.0614994444124e+04 2.6156838686503e+03 4.6075722421998e+00 2.6011728218090e-03
367 5.2204010385614e+04 1.0066023979750e+03 -1.1156377515301e+01 1.6588536046379e-03
368 4.6000931028291e+04 2.7595108458811e+03 1.4114112929237e+02 1.3643994631222e-03
369 4.7437019289593e+04 3.8428737726724e+03 -1.7596551956297e+02 8.8098177357979e-04
370 4.7260483163813e+04 4.0084184453757e+03 1.7372453543726e+02 5.0492133370413e-04
371 4.7798352793668e+04 1.2483250344270e+03 -1.3982205384110e+01 1.6355598074777e-03
372 4.6600623653189e+04 2.1684299351698e+03 -1.7295382364159e+02 3.6107173189232e-04
373 4.7722645304532e+04 2.9826297950107e+03 1.6798466673773e+02 1.9240403225403e-03
374 4.9356027407392e+04 1.5470988468391e+03 1.5668495848568e+02 8.5850464331539e-04
375 4.7879997888714e+04 2.6916548364720e+03 -3.5920827554085e+01 1.8725004082815e-03
376 4.7178171324428e+04 1.8343715394563e+03 -1.6791460361426e+02 7.1478924820608e-04
377 4.7889631604613e+04 9.7616425165606e+02 -2.1522647057053e+01 9.2537069528459e-04
378 4.7315534274932e+04 2.0451823802089e+03 -1.7013314976369e+02 3.2899031826542e-03
379 4.6031457840246e+04 3.2627950698452e+03 -1.7770137862994e+02 1.6147680692886e-03
380 4.2691259978152e+04 2.7280662768219e+03 1.5683356282705e+02 1.6007504512112e-03
381 4.0223517977816e+04 2.2992403460055e+03 -1.2809301276986e+02 1.8601635561982e-03
382 4.0208632232616e+04 1.8749378493431e+03 1.6181277287125e+02 2.2737707002305e-03
383 4.2331165816523e+04 1.4216459302188e+03 5.3031982559483e+01 2.9725784076112e-03
384 4.1502040245048e+04 1.5651825247213e+03 -5.6426205883611e+01 3.1403427106574e-03
385 4.0737449588147e+04 1.7899385061775e+03 -1.6097357817338e+02 3.2281182795060e-03
386 3.9865107324885e+04 8.6324706972816e+02 -1.4533649506517e+02 8.7664411934971e-04
387 4.1910737799247e+04 1.6883043411663e+02 -1.6690689644200e+02 9.4369071376337e-04
388 4.4749228194117e+04 1.7239881187657e+03 -1.6091098469288e+01 9.5909834349384e-04
389 4.5874618426022e+04 1.5747085853354e+03 -1.1309543329632e+01 1.8378294687083e-03
390 4.6675050512822e+04 3.1707105627965e+03 1.0319214072735e+01 1.5289562900207e-03
391 4.3581315237016e+04 2.6975431791678e+03 -1.7441478798452e+02 1.6311214055289e-03
392 4.4239693810303e+04 2.7236950712090e+03 -1.7087276214391e+02 2.2079939848529e-03
393 4.4009979200260e+04 2.6479667864774e+03 1.5281571865822e+02 2.4771135509461e-03
394 4.4824926858993e+04 2.5596762765127e+03 1.7469792848879e+01 2.7828578579571e-03
395 4.3769410889896e+04 2.8162507992168e+03 -1.8401517150364e+00 2.2809357324765e-03
396 4.2059722065769e+04 2.1110732235307e+03 -1.6522731834567e+02 1.1370624052783e-03
397 4.2666224992661e+04 2.2199282769895e+03 1.7940220929828e+02 6.6221532391302e-04
398 4.6161065030766e+04 2.4582197734149e+03 -1.3437434347629e+02 2.9772167995985e-03
399 4.6385225528841e+04 1.6048298344888e+03 1.7985179064316e+02 1.0277934104528e-03
400 4.7381358090372e+04 1.7465382165341e+03 1.2704859041286e+02 3.2479936362874e-03
401 4.6120296912216e+04 2.5800183493035e+03 -3.0889435758736e+01 1.8665580102902e-03
402 5.1886148238943e+04 2.5078037991834e+03 -1.4388095655504e+01 3.0555232173013e-03
403 5.0033869957233e+04 1.9414207481344e+03 -1.6660546530318e+02 1.8355634299701e-03
404 4.9649296857607e+04 2.8986027972611e+03 1.5221541197239e+02 2.1139704436644e-03
405 4.7638110135761e+04 2.7034972725477e+03 -9.4391443590437e+01 4.8525899378019e-04
406 4.1202078003945e+04 2.4950029158920e+03 1.7418808492215e+02 4.6253441937496e-04
407 4.3004394932310e+04 3.3563766757806e+03 1.7834738098755e+02 7.2084829287544e-04
408 4.5572841712870e+04 2.1529911663891e+03 1.6958190714448e+02 4.7614960350743e-04
409 4.4611995360228e+04 1.4581867552458e+03 -1.5209196538553e+02 2.0974004277465e-03
410 4.5873509546016e+04 1.3772658869564e+03 -2.1040026645857e+01 3.0310258247248e-03
411 4.6708398529538e+04 2.5846646208282e+03 -1.7981946051268e+02 1.8969190414963e-03
412 4.5499472829459e+04 1.9977508788737e+03 -7.6523881183157e+01 3.1423050783152e-03
413 4.4512396763211e+04 2.3802188369039e+03 1.7639216255805e+02 2.4036255400913e-03
414 4.7917035225271e+04 9.1999735774327e+02 -1.2916135255072e+02 2.0916198687870e-03
415 4.5012015038600e+04 2.1234777066661e+03 1.6949460122246e+02 1.6201722483002e-03
416 4.6102558884940e+04 2.2121320065789e+03 8.1222833690126e+01 2.6306640834800e-03
417 4.4692374536130e+04 1.9092340844810e+03 -1.7793933283851e+02 2.7618278922023e-03
418 4.5355084448322e+04 2.0184432628690e+03 1.7349496015405e+02 3.6394545089688e-03
419 4.4876293942226e+04 1.1690923034784e+03 1.6087653944767e+02 2.7521145205277e-03
420 4.3628061769356e+04 2.5621391997419e+03 1.6156861094421e+02 2.5719330470467e-03
421 4.3683483412654e+04 2.1730493225815e+03 -1.5506758343160e+02 2.8390273602398e-03
422 4.1299218221799e+04 2.7150356640065e+03 1.6193234980481e+02 9.2863017158582e-04
423 4.3102612139560e+04 2.2566227021979e+03 -1.6032160121349e+02 1.7252697371015e-03
424 4.2373693683858e+04 1.9934911707284e+03 -1.2326362988487e+02 3.1310247105776e-03
425 4.2200628722560e+04 2.3029018294900e+03 -1.6248045703732e+02 2.8761449502505e-03
426 4.0580246185877e+04 2.3154982377032e+03 1.7183662195790e+02 4.4270039550007e-03
427 4.3091049853098e+04 1.9929443734294e+03 7.9855502757052e+01 2.8837229966234e-03
428 4.2111350465219e+04 1.4538846147031e+03 -1.7840875929690e+02 2.6570746107129e-03
429 4.1433188572947e+04 1.5078482730542e+03 1.7227338981926e+02 1.0744457806084e-03
430 4.3897765632389e+04 3.0470636585194e+03 1.7792880231789e+02 1.8391623640380e-03
431 4.4874243363245e+04 2.4090196622081e+03 2.8206136011229e+01 1.4992091916532e-03
432 4.0708674673819e+04 2.1093327310759e+03 -1.3823981023832e+02 5.9499550780267e-04
433 3.9145698842281e+04 1.9165550429728e+03 -1.1267011195405e+02 2.3146487309999e-03
434 4.2324780558915e+04 1.9081667922208e+03 1.6117042790809e+02 3.2800340472601e-03
435 4.2345094740803e+04 1.7134456871234e+03 -1.5860574418618e+02 2.8359935852331e-03
436 4.0696541228988e+04 2.1683572461639e+03 1.5912570990935e+02 2.9647456971220e-03
437 4.1348929493346e+04 2.0906640215031e+03 1.4957520977204e+02 3.0228361724062e-03
438 4.2273857805626e+04 1.8513215875387e+03 1.4084506906982e+02 2.9578671334334e-03
439 4.1590414507988e+04 1.2329616720339e+03 -1.6780158509647e+02 1.4645321786149e-03
440 4.0618539186604e+04 2.1661175361474e+03 2.6777963301988e+01 2.9973591791089e-03
441 4.2658468076677e+04 2.0965506647965e+03 1.7080264356848e+02 2.3696773625455e-03
442 4.3223254525803e+04 2.5515633463755e+03 1.3266816928007e+02 2.7076079987760e-03
443 3.7825829267452e+04 3.2802328442078e+03 1.6998447977533e+02 6.1314842262384e-04
444 3.9071807319131e+04 2.0765101804268e+03 -2.6745735729716e+01 2.8312124994731e-03
445 5.3266164579974e+04 2.5481818098667e+03 1.7688229496277e+02 2.2830314590824e-03
446 4.9568864785275e+04 2.8341834584131e+03 3.5901829906272e+01 1.1391523011944e-03
447 5.1437245376032e+04 2.2006656061366e+03 1.7673699463418e+02 2.6714794427234e-03
448 4.9973983828144e+04 2.9593207753346e+03 1.6419611226130e+02 2.0693587875593e-03
449 5.1708807129274e+04 2.2033857235817e+03 -9.0303596170644e+01 3.2354222390687e-03
450 5.0141804001042e+04 1.7644551132446e+03 -1.7779038573391e+02 5.2707582265761e-04
451 5.0627757138354e+04 2.6172619548486e+03 8.1537479146501e+01 1.7920873441782e-03
452 4.9273363078354e+04 2.2805297689744e+03 -1.7241776193162e+02 8.0965129665753e-04
453 4.9571270132535e+04 2.6763473096847e+03 1.6362400483292e+02 8.6954510277636e-04
454 5.0492156477143e+04 3.3288509122236e+03 -1.6698001394457e+02 1.4309804090054e-03
455 5.0699974774079e+04 2.1688460855160e+03 1.3418861281287e+02 1.0973036127504e-03
456 5.0278663157209e+04 2.6223096774079e+03 1.7958943102297e+02 2.9492925964378e-03
457 5.0604066030443e+04 2.2844098937721e+03 -8.4312327651670e+01 3.2551854387721e-03
458 4.8678092896877e+04 2.7919629847738e+03 1.7085886358648e+02 3.3981581906070e-03
459 5.0478596459934e+04 1.9943734368933e+03 4.8899756424476e+00 2.9148241111773e-03
460 4.8154711351485e+04 1.7639795058419e+03 7.2395135351360e+01 2.3892665621795e-03
461 5.0474599006672e+04 2.7220119294057e+03 4.4156474283088e+01 2.8997707955784e-03
462 5.0158838062074e+04 2.6783836306938e+03 1.0958264691198e+02 2.8986566009519e-03
463 4.4364999674050e+04 3.4100715234580e+03 -1.6772846474133e+02 1.1861899696547e-03
464 4.4571178821642e+04 3.5760954938395e+03 9.4817092509038e+01 7.5805080034703e-04
465 4.6431481440924e+04 3.2416746326226e+03 -1.4548311314942e+02 1.7044079830159e-03
466 4.6073385872966e+04 3.1587701226375e+03 1.6644732309605e+02 1.8482169762403e-03
467 4.4186254064408e+04 2.1969872703755e+03 1.2496092551834e+02 3.1339197454340e-03
468 4.3114049763068e+04 1.6128639358797e+03 1.7937694106816e+02 1.8377532005935e-03
469 4.5989910732350e+04 2.6645512821320e+03 4.0422393738207e+01 2.2961064920349e-03
470 4.5138416529901e+04 2.2395516643075e+03 -1.6185514106433e+02 3.0997050739724e-03
471 4.6401807079646e+04 4.0686369600313e+03 -2.8775687638289e+00 6.0751533881339e-04
472 4.6324289090270e+04 3.8321692020889e+03 1.4480044815548e+02 8.6876538727009e-04
473 4.5180442723250e+04 1.8865529389241e+03 -1.3722503291378e+02 2.4827038240758e-03
474 4.5151038829653e+04 2.2998277326521e+03 1.3120103575106e+02 2.1274317304500e-03
475 4.6009227511755e+04 2.7168786633775e+03 -3.4171831444952e+01 2.6062226511972e-03
476 4.4564734251934e+04 3.0826759426385e+03 1.6907921074612e+02 1.7036478157911e-03
477 4.5888852616479e+04 2.9146302376265e+03 5.2281943590636e+01 2.1200329294754e-03
478 4.2237708839695e+04 2.6446587140245e+03 1.6183324934245e+02 5.7770202011624e-04
479 4.3086266534190e+04 3.0017627852660e+03 -1.7710396229250e+02 5.6098811476564e-04
480 4.8347397158287e+04 2.0809871335784e+03 -3.0974214148942e+01 1.5885356693249e-03
481 4.7525090658362e+04 2.2243320459489e+03 -1.7889266476072e+02 2.9007592746179e-03
482 4.5901654707119e+04 4.0143443718996e+03 1.4007836772838e+02 6.9095358849419e-04
483 4.6077698433901e+04 5.1565498269753e+02 -1.4808269639627e+02 1.2322948983592e-03
484 4.8444225819718e+04 2.5851947214592e+03 3.7838283108006e+01 1.1015731352624e-03
485 4.7498870166338e+04 2.4483057827446e+03 1.7433249850457e+02 2.9429490501685e-03
486 4.5193373137259e+04 2.3313285589017e+03 -1.7688380162998e+02 2.5785291446944e-03
487 4.6715718823302e+04 2.6636677389548e+03 9.9112442237390e+01 2.7488864785381e-03
488 4.5220566257602e+04 2.0132890907775e+03 -1.6051383311693e+02 1.7497231203099e-03
489 3.8817243020592e+04 1.6891310997263e+03 1.7576431696295e+02 2.8548200854189e-03
490 3.9697666556060e+04 1.6010215578618e+03 -6.3290998470081e+00 3.1068135305236e-03
491 3.5256423294344e+04 1.4466079904420e+03 -1.7338103423143e+02 9.3075985060899e-04
492 3.4451132880238e+04 2.6520402050559e+03 1.7541278216607e+02 1.3181475703013e-03
493 4.3015544423259e+04 3.4106853238100e+03 -1.6936906892423e+02 4.2929878239990e-04
494 4.0776091885077e+04 1.0295916754326e+03 1.6421130054461e+02 2.0438606328655e-03
495 3.8638238370115e+04 3.6557692700866e+03 1.7481183592041e+02 3.1282159641361e-04
496 4.0313455430697e+04 3.6313699286698e+03 1.3358743145787e+02 6.9368806091311e-04
497 4.0551395514425e+04 2.3787123602805e+03 1.3096127118506e+02 1.5397268166232e-03
498 4.0173397271117e+04 1.8795783134946e+03 1.7666146689655e+02 1.0328855927842e-03
499 3.9539414394994e+04 2.2133112056161e+03 -1.7121100971424e+02 8.2284139959973e-04
