0 6.0633005753571e+04 1.3452916137023e+04 -6.9149645478977e+01 5.4304357237681e-04
1 6.4311023207284e+04 1.2839654986510e+04 -7.8361208424782e+01 2.1040375795051e-03
2 6.3453856953890e+04 1.2022099867459e+04 -6.5325045790047e+01 3.6533651737762e-03
3 6.2554384659139e+04 1.3341654055744e+04 -6.9531583567860e+01 3.2928652562237e-03
4 6.0855384083839e+04 1.2673372874616e+04 -8.2103251670688e+01 4.8103774878627e-04
5 6.4459414230925e+04 9.3875014673368e+03 -6.6452771571263e+01 2.9012541349959e-03
6 6.3105300840280e+04 6.5910459980257e+03 -9.1064734250849e+01 2.9209260349650e-03
7 6.2241672464745e+04 6.0311233008797e+03 -1.0561435096883e+02 1.2601811139318e-03
8 6.2274633734676e+04 8.4316696115349e+03 -1.0273602332858e+02 1.0615554619521e-03
9 6.2136637541618e+04 9.7635367647767e+03 1.3385052464813e+02 1.2039963108118e-03
10 6.0815495825666e+04 1.3014091117820e+04 1.4958857747123e+02 5.7976608965733e-04
11 6.2073374308625e+04 9.8103009938971e+03 -7.5339969915665e+01 1.3238678371263e-03
12 6.0831510332724e+04 1.1958922811287e+04 -1.7401805391239e+02 5.8643943478812e-04
13 6.1012663854231e+04 1.1356219955684e+04 7.7829503091980e+01 5.0574189020402e-04
14 6.1983575306098e+04 1.1973730214974e+04 -1.4960690466980e+02 1.7460531381832e-03
15 6.1503526097076e+04 7.6025999131412e+03 1.5130688646355e+02 6.7147211850456e-04
16 5.9669353368546e+04 9.1711592479192e+03 1.2132771476152e+02 3.4882556066146e-04
17 6.1114910274215e+04 1.4141940072543e+04 -1.0363441819250e+02 1.0162674580725e-03
18 6.1085623386758e+04 1.5401543261425e+04 8.5897885051480e+01 1.1057858421894e-03
19 6.0052250433827e+04 1.4879856680651e+04 1.2928140904467e+02 4.3207183385278e-04
20 5.9730687999526e+04 1.6918251504926e+04 -1.1836498839640e+02 4.1459238963735e-04
21 6.0075161390978e+04 1.5531623468108e+04 -1.0670304181645e+02 4.5232374104526e-04
22 6.3654882375125e+04 1.3579224256057e+04 -9.5214896238440e+01 3.0150521123024e-03
23 6.1268339841365e+04 1.5251940474316e+04 1.4824914105461e+02 1.4990155204625e-03
24 6.2364258068000e+04 1.3262610434259e+04 5.7207101153831e+01 2.9962337328941e-03
25 6.2555886405000e+04 1.2270777170573e+04 -6.4680055440033e+01 3.0349109230467e-03
26 6.1053219786203e+04 1.0904505800662e+04 -1.8312149758427e+01 6.1477403499465e-04
27 6.2745690790347e+04 9.0394773664758e+03 -1.2816778492429e+02 2.9384066617419e-03
28 5.9315230773942e+04 1.1910775684360e+04 -1.6000197253209e+02 3.4910245255189e-04
29 6.4791295435584e+04 7.4774553622126e+03 -7.4339803373338e+01 2.5662852398005e-03
30 6.3000643956862e+04 7.4273365667480e+03 -1.2014171741625e+02 2.9764966562674e-03
31 6.3163512095423e+04 8.0005555984011e+03 -1.3263920663406e+02 3.3876656842097e-03
32 6.2781043742982e+04 8.7420710373119e+03 -1.1020974878389e+02 3.4809022349050e-03
33 6.2988452945990e+04 7.2019016207508e+03 -8.1857149754163e+01 2.7544452345830e-03
34 6.3974478081327e+04 6.9024608235478e+03 -1.3930828228963e+02 3.1929257914508e-03
35 6.4199785009498e+04 7.7664986875244e+03 -9.1176961033763e+01 2.8991807091214e-03
36 6.2009822163815e+04 1.0039855027288e+04 -1.6058950919011e+02 1.0474813894165e-03
37 6.2756607698850e+04 9.2293308106805e+03 -9.9470107421311e+01 2.8065395215095e-03
38 6.1225332894602e+04 8.7894602798301e+03 -1.3372557729148e+02 5.7685942269842e-04
39 6.3012358914470e+04 8.0354243207202e+03 1.5763977040811e+02 3.0559939805805e-03
40 6.0869658951627e+04 5.7042677160779e+03 1.2924923750193e+02 3.8163790790536e-04
41 6.0899013843982e+04 1.2668136576439e+04 1.1128832538915e+02 6.2718848494152e-04
42 6.3021723935913e+04 7.8399483932119e+03 -6.9549488212079e+01 1.9480590653993e-03
43 6.1385348357969e+04 1.2160806273198e+04 -1.5330522562959e+02 1.0570255637976e-03
44 6.2219487218768e+04 9.6950491568161e+03 -7.1130161562618e+01 1.9713532173343e-03
45 6.1027152581127e+04 1.3332344320332e+04 1.4786471519719e+02 8.5496583308805e-04
46 6.2396046213768e+04 -1.3559153212813e+03 -1.1822921110031e+02 3.4942482499165e-04
47 6.3594716868128e+04 1.1453288144309e+03 1.5389798777168e+02 1.2279674860252e-03
48 6.3238668966873e+04 2.1545717209535e+03 -1.3525779386864e+02 3.5635223423998e-03
49 6.0666613402127e+04 1.6563100157305e+03 1.2303508766491e+02 1.1644993627064e-03
50 6.1270885304091e+04 1.5162749584418e+03 -1.4458130988804e+02 2.5579712579674e-03
51 6.3748362994532e+04 2.8504135489176e+03 -7.2412862157926e+01 4.0356811291864e-03
52 6.5186779856667e+04 5.8494832295145e+02 -6.0705090898190e+01 3.4733234170021e-04
53 6.4081469020983e+04 3.7367064051266e+03 -1.3789834891627e+01 2.7659241015434e-03
54 6.4591994719738e+04 2.4253031818012e+03 -1.0001553655593e+02 3.4733234170021e-04
55 6.3420144749006e+04 8.7417960611968e+03 -1.1758467847960e+02 1.1322363235431e-03
56 6.2688497618629e+04 6.4295920441552e+03 -1.5595189598490e+02 1.2543990118100e-03
57 6.2873564486047e+04 4.1113772393759e+03 -8.4126913306924e+01 1.8302784358101e-03
58 6.1615089383097e+04 7.0993879370406e+03 -1.2489542544781e+02 6.7135983296891e-04
59 6.0976453915642e+04 9.8504371061489e+03 1.7573314637007e+02 4.4754857885265e-04
60 6.3869473829012e+04 5.8281538295380e+03 1.5367196755899e+02 3.0014729352019e-03
61 6.2843659774415e+04 7.5447590026126e+03 -1.0112100455169e+02 1.3848723632702e-03
62 6.3081570263675e+04 7.0854002992010e+03 -6.0041207396466e+01 2.2728795508945e-03
63 6.3284099909511e+04 7.2438827652111e+03 -8.0853416169774e+01 3.4512382496292e-03
64 6.2883027460673e+04 6.4281934366106e+03 -9.1874725603680e+01 1.3922036588037e-03
65 6.2498164993596e+04 9.5522386145059e+03 -3.2993613701057e+01 2.5641308316187e-03
66 6.2866611263621e+04 1.0156633175467e+04 -1.7474447810884e+02 2.4645373655679e-03
67 6.2828044806977e+04 8.2173866651325e+03 -9.5611296158900e+01 1.5531956317178e-03
68 6.2872412799259e+04 8.6463629657591e+03 -6.1443794317902e+01 2.9817127596460e-03
69 6.2744020665097e+04 8.7478572177321e+03 -1.3349484436366e+02 2.4246131949514e-03
70 6.5651235639929e+04 6.5565313061501e+03 -5.8734114625885e+01 9.1728716215837e-04
71 6.4253714462011e+04 7.8533886922469e+03 -7.5228948868697e+01 2.5627382072690e-03
72 6.3562954620597e+04 7.0535171868749e+03 -6.7672643455076e+01 3.4292233172481e-03
73 6.3570607889925e+04 8.1611910673850e+03 -5.9949656846483e+01 3.5358229131946e-03
74 6.2186988515099e+04 8.1207047069554e+03 1.3699380361952e+02 1.5925324403053e-03
75 6.1933034806766e+04 9.0241508069982e+03 -7.2535704222516e+01 1.1314252196597e-03
76 6.2178046519234e+04 6.6888163748408e+03 -9.8856042303846e+01 1.1486404474292e-03
77 6.0667305866857e+04 1.2773171715666e+04 -1.2555103338373e+02 4.9052330756455e-04
78 6.1487768746002e+04 1.2221930270033e+04 -8.6012329006962e+01 1.1573692801907e-03
79 6.0903036934906e+04 1.1612711198286e+04 -1.2001966571898e+02 5.4069927993044e-04
80 6.0783244187937e+04 1.3771647081166e+04 -1.7594048419509e+02 6.7240167577322e-04
81 6.1931194602535e+04 7.5088551291889e+03 -9.1343509896550e+01 1.0854597859129e-03
82 6.2988433202007e+04 5.1464483111246e+03 1.6593303881738e+02 1.9516471773429e-03
83 6.2700894852889e+04 1.2280962117145e+04 -1.1989044992034e+02 3.3598719124419e-03
84 6.5560920457171e+04 1.0437503909814e+04 1.6758130708369e+02 7.4026913173265e-04
85 6.2381999088962e+04 1.0942130924805e+04 -1.2393124684771e+02 2.0951836206959e-03
86 6.2728359596981e+04 9.2086550515287e+03 -9.8152820728626e+01 1.0190051243880e-03
87 6.3503230742187e+04 8.6900592327426e+03 -7.9105881468673e+01 3.8106408822917e-03
88 6.4049295189030e+04 9.2035924796591e+03 -1.2493456899163e+02 1.6110233299624e-03
89 6.0973213088978e+04 1.5147501400647e+04 1.7619996654539e+02 4.8776828163680e-04
90 6.3493692097902e+04 1.1143162975818e+04 -9.8812271629711e+01 2.3513099178731e-03
91 6.2992239169072e+04 1.3560755158290e+04 -6.2444167735074e+01 2.1095916778382e-03
92 6.1652003892451e+04 1.1064686390441e+04 -9.4175390522509e+01 9.3097594538560e-04
93 6.3551538516468e+04 1.6973372004863e+04 6.0446843593453e+00 1.9692331295396e-03
94 6.2763775037043e+04 1.4884246409384e+04 1.6476861241110e+02 3.2780190411156e-03
95 6.3657720188333e+04 1.2415482734314e+04 -6.9028999788348e+01 2.9369946084258e-03
96 6.0240838149887e+04 1.4035569348266e+04 -1.1274074116726e+02 4.1842876971447e-04
97 6.2528684534256e+04 1.0868126336312e+04 -1.0001992662967e+02 2.4865711313625e-03
98 6.3799198345772e+04 1.0418355959726e+04 -1.3893182892528e+02 2.3563587547610e-03
99 6.2493159729053e+04 9.4248135569420e+03 -1.1664236862026e+02 1.2891603248634e-03
100 6.1734733630817e+04 1.1413311302745e+04 -9.5728892583972e+01 4.5134338855669e-04
101 6.3477692803669e+04 1.0387545597778e+04 1.4039074998451e+02 2.9602151543816e-03
102 6.0194491509726e+04 1.5945385056015e+04 -9.3681040215067e+01 4.9386976574917e-04
103 6.3365445985669e+04 1.0592745302982e+04 -8.0235491933954e+01 3.7311593193340e-03
104 6.2983005107118e+04 1.3425723622808e+04 1.7106843190578e+02 2.7921729076219e-03
105 6.2889230949462e+04 1.3258412791475e+04 -1.5698449066809e+02 2.9344095323570e-03
106 6.2583312908510e+04 1.2735355430460e+04 -1.2872935471850e+02 3.4502769095108e-03
107 6.1738807421530e+04 1.1904126501900e+04 -1.1648783946275e+02 1.1981915523066e-03
108 6.1656368807363e+04 1.3085089895081e+04 1.0234237929369e+02 1.6344841329424e-03
109 6.2689180709279e+04 1.0986791819774e+04 -8.9130340056220e+01 3.2513133889859e-03
110 6.2442627092880e+04 9.8199000011748e+03 1.5428252007878e+02 2.3795427017676e-03
111 6.2660665912573e+04 6.4315183461606e+03 -8.6311344845475e+01 1.1203235716314e-03
112 6.3585419497936e+04 1.0271063713079e+04 -6.2118885070821e+01 3.0938720250520e-03
113 6.2846291495047e+04 1.2411671593526e+04 1.1644027396080e+02 3.5366387966476e-03
114 6.4474849976242e+04 7.5971048530634e+03 -6.1209499985000e+01 2.9388131213660e-03
115 6.3558703055618e+04 8.1128628939982e+03 -9.6794466854342e+01 3.5509976734190e-03
116 6.1561895145832e+04 1.4083529183781e+04 -5.3267024175778e+01 1.7430522912744e-03
117 6.1616096380947e+04 7.9639318441183e+03 -8.5989631674996e+01 3.5433609606053e-04
118 6.3599309634393e+04 7.2977261133606e+03 -9.7458241067833e+01 2.5355401061177e-03
119 6.3319369089407e+04 8.9320720958835e+03 1.5526460604478e+02 1.6586435868408e-03
120 6.2892989094032e+04 1.2518492176799e+04 1.2443301293791e+02 3.7271766455047e-03
121 6.2167771260724e+04 1.1106552592416e+04 -8.8146242593760e+01 1.9198827427993e-03
122 6.4547752336930e+04 5.0951455284260e+03 -9.7239660235940e+01 2.8929006382619e-03
123 6.2988008574841e+04 8.0073481163593e+03 -1.6735637886245e+02 2.6786488390804e-03
124 6.2312210093857e+04 8.4881503055236e+03 1.0627835218475e+02 1.8908748013233e-03
125 6.2748726067729e+04 4.7090131002754e+03 -1.5509454814472e+02 1.6832117890642e-03
126 6.5150607542326e+04 3.4221603409810e+03 -6.1417228593992e+01 2.7244775339492e-03
127 6.3699938180157e+04 5.7563191793891e+03 -6.3223562109440e+01 2.0179692980115e-03
128 6.3528000898956e+04 6.5841742604485e+03 -9.8128103627051e+01 3.5493094538166e-03
129 6.4081109682209e+04 6.3037691083974e+03 -7.7710283386824e+01 3.4552954279115e-03
130 6.3007708054283e+04 1.0138291260197e+04 -1.0211119707411e+02 2.3810789233529e-03
131 6.3729958591501e+04 7.9198484210253e+03 -1.1150949866443e+02 3.3509983965915e-03
132 6.4305713721962e+04 8.4207561576806e+03 -4.8150828916569e+01 3.0630552753299e-03
133 6.2309790899082e+04 8.8265996972539e+03 -1.0528184910858e+02 1.9336940186601e-03
134 6.2432863397279e+04 1.1004130408520e+04 -1.5663746641672e+02 2.5608903363668e-03
135 6.2792010661809e+04 1.1227076198912e+04 1.7801503333604e+02 1.9072203479195e-03
136 6.4858858439282e+04 7.6294278496239e+03 -7.1017255980198e+01 2.1127813681029e-03
137 6.2264386226755e+04 1.0761584639513e+04 -8.0093970365874e+01 1.1796752372421e-03
138 6.3019158715800e+04 7.9477997815526e+03 -2.2512711567680e+01 1.3745707253166e-03
139 6.1318293071744e+04 8.8327030946134e+03 -1.3201263695353e+02 6.5173772215064e-04
140 6.2346452653818e+04 6.0498789387870e+03 -8.8888173417672e+01 7.0169863936489e-04
141 6.2898926631398e+04 5.2629752337232e+03 -9.2276363264831e+01 1.6709887691189e-03
142 6.0697292268759e+04 5.8310428457887e+03 -7.4127346529867e+01 3.6110412883180e-04
143 6.2032489936950e+04 9.2476995367242e+03 -1.3491476403763e+02 1.5465116978150e-03
144 6.2334899788713e+04 9.2802933519700e+03 -8.9763331499880e+01 1.4556899789660e-03
145 6.3459402087105e+04 7.8068423565533e+03 -1.6332223484350e+02 3.4896467582451e-03
146 6.1995711861285e+04 6.7587861117307e+03 -1.0435334052296e+02 7.9293511015368e-04
147 6.3133439204274e+04 7.4559475471814e+03 -6.1834547403090e+01 1.2825232159563e-03
148 6.4314649044121e+04 6.1069172734852e+03 -7.0685302451653e+01 3.4332581367037e-03
149 6.2381247723472e+04 7.3984533911748e+03 -1.5704199377988e+02 1.7655670322493e-03
150 6.3292725898458e+04 7.0197505323307e+03 -1.0409677005148e+02 2.7319287756544e-03
151 6.3278082687107e+04 8.6320454442298e+03 -1.0136650714165e+02 1.3075118463152e-03
152 6.2989622362135e+04 6.0083175000691e+03 -9.8726966604897e+01 1.9387927231419e-03
153 6.2862696887623e+04 5.3170726212573e+03 -5.7387157464625e+01 7.5896161530470e-04
154 6.3161245556265e+04 6.6061049506578e+03 -1.1695151354731e+02 2.4100051758074e-03
155 6.2633131976681e+04 7.3263505176686e+03 -7.9720477630689e+01 2.2710474815552e-03
156 6.2001949429318e+04 8.9192050332743e+03 -8.2967499615484e+01 1.2742764667820e-03
157 6.1768463629515e+04 9.5018353123190e+03 -1.6469321884521e+02 9.7536169030211e-04
158 6.1047111238517e+04 9.4779034867853e+03 -9.6617606621457e+01 5.3220942105382e-04
159 6.1165229328888e+04 1.0262432882292e+04 -1.4156071147832e+02 6.3898815865290e-04
160 6.2792862539947e+04 8.6855304528644e+03 -5.5808633904380e+01 2.4943185404898e-03
161 6.2307655157746e+04 3.6731226692640e+03 -8.4763934688174e+01 1.8363014348040e-03
162 6.4059785482797e+04 8.2456181593083e+03 -5.8391883992859e+01 3.3397310114960e-03
163 6.2687465727351e+04 4.9517684677071e+03 -6.8938268792334e+01 1.3601050564654e-03
164 6.3369758062732e+04 4.1717589180450e+03 -6.9813261619937e+01 2.2544952682145e-03
165 6.2078421561728e+04 6.7499006057135e+03 1.6487294546992e+02 8.4800371779727e-04
166 6.0773054610837e+04 1.1913383966416e+04 -8.7480015634586e+01 5.5080975860094e-04
167 6.3522055694772e+04 5.6785177134811e+03 -7.6361564282480e+01 2.0551975671603e-03
168 6.1687036404974e+04 7.6547741962964e+03 -1.3920546772278e+02 8.2393577212971e-04
169 6.3143866420198e+04 6.0359134685019e+03 -7.3682819577648e+01 2.3837338057757e-03
170 6.5305668523210e+04 7.8562762192265e+03 -6.6840426922619e+01 1.5882195162347e-03
171 6.1183128992181e+04 1.1828556590571e+04 -1.0778511626254e+02 8.4009493629280e-04
172 6.2997887350330e+04 9.2346482605758e+03 -1.0139213603622e+02 3.3058714696584e-03
173 6.1886133101619e+04 1.0857985854428e+04 1.1436458588446e+02 1.6586756743903e-03
174 6.4494443424223e+04 4.5712864914306e+03 -5.4886001219723e+01 3.6948582835315e-03
175 6.3339382546657e+04 6.3293703787084e+03 -8.1908387315953e+01 3.0916809131031e-03
176 6.3631634488132e+04 8.2744840194052e+03 -3.1605551157897e+01 3.8174125675317e-03
177 6.3662305668127e+04 8.5520138929410e+03 -5.4379215359394e+01 2.3302332384458e-03
178 6.2625046162816e+04 5.6465922607756e+03 -1.2734624247467e+02 1.4718983341872e-03
179 6.3104480035204e+04 5.1740359692821e+03 1.5141453798359e+02 2.5334899568050e-03
180 6.2913407407640e+04 1.3347707035323e+04 -8.3049469640414e+01 1.7588354638726e-03
181 6.1549336259104e+04 1.3771800563574e+04 -1.3277588774575e+02 1.1479327670258e-03
182 6.2714248202566e+04 1.3984709981840e+04 -9.8215489981670e+01 2.9085485043398e-03
183 6.3632368478257e+04 1.4683972413828e+04 7.3579800744367e+01 3.0785091935377e-03
184 6.3549624022758e+04 1.3087874786934e+04 -8.0647815525668e+01 3.5782441656851e-03
185 6.0176077951228e+04 1.8298521120853e+04 1.2439094911549e+02 5.8383688269939e-04
186 6.0957660113084e+04 1.3257480631978e+04 -7.5130285590041e+01 6.8958535375946e-04
187 6.2858990166518e+04 1.1008357698286e+04 1.3388927026167e+02 2.9229558139656e-03
188 6.3682699850468e+04 8.1716832990819e+03 -7.7132945988985e+01 3.7144605531917e-03
189 6.2586853915334e+04 8.8398058118129e+03 -1.2057312497023e+02 1.0473173963498e-03
190 6.3976650659133e+04 9.0093902762995e+03 -7.7817952344537e+01 2.5505460108768e-03
191 6.2407651325860e+04 1.2487439457686e+04 -7.8855509455755e+01 2.7658157174164e-03
192 6.1567287357918e+04 1.1944908093718e+04 -9.2920639642110e+01 1.3436880548925e-03
193 6.1950088314869e+04 1.1351827656078e+04 -1.0257569728000e+02 1.2557630603172e-03
194 6.1977759368458e+04 8.7247151180326e+03 -9.9857495623746e+01 9.8144722344736e-04
195 6.5176815605862e+04 7.0953978429994e+03 1.5156298500701e+02 1.8675784877030e-03
196 6.4698851367477e+04 4.9847245405947e+03 -1.1149157228912e+02 3.3016489841328e-03
197 6.4079199944357e+04 5.2307291197650e+03 -1.1331843062709e+02 3.4325622819243e-03
198 6.4068133987441e+04 3.6696394756235e+03 -8.3700500557336e+01 2.9001944601689e-03
199 6.0683736664505e+04 8.4933642938233e+03 -1.7251810872978e+02 3.7996645560143e-04
200 6.3888291961306e+04 1.1888802994043e+04 -6.4534242322857e+01 3.2153321896953e-03
201 6.4879312227165e+04 8.0966986281196e+03 -5.4793418929162e+01 1.2535929422855e-03
202 6.3001524921904e+04 8.1832256338395e+03 1.5084548072974e+02 9.8376905394487e-04
203 6.3468677777952e+04 5.3974254214831e+03 1.4706557101483e+02 1.8340433794745e-03
204 6.3094950193706e+04 5.0640516301412e+03 -1.0614751982884e+02 2.5123449018927e-03
205 6.1757729301555e+04 8.8145860664014e+03 1.3099991858165e+02 1.0656300765606e-03
206 6.4046952056570e+04 4.8603487522187e+03 -8.6483161999890e+01 3.1469912859227e-03
207 6.3940130214287e+04 5.7199633817593e+03 -8.3611572011357e+01 3.6937933342021e-03
208 6.4782259832869e+04 6.4191653656442e+03 -5.7389498791013e+01 2.6388872462386e-03
209 6.4046195856428e+04 3.5480224047643e+03 1.7792463408485e+02 3.7712592952539e-03
210 6.4242567548947e+04 3.4052634951174e+03 -8.5692105462751e+01 3.3377236803985e-03
211 6.3971269175132e+04 5.0026588482907e+03 -6.7274251892578e+01 3.7189766330537e-03
212 6.2285517402019e+04 6.0165100356628e+03 -6.4594199998023e+01 7.5152034698792e-04
213 6.0417786673133e+04 1.1926307686622e+04 1.3815374553260e+02 4.2114674142835e-04
214 6.0440675512027e+04 9.8343492209840e+03 -1.3214738858212e+02 3.8707113223438e-04
215 6.3468813633511e+04 1.0332682350106e+04 -1.6254526932651e+02 3.8190951192132e-03
216 6.2526250319309e+04 1.1454691400943e+04 -7.6167105239051e+01 1.9084794904052e-03
217 6.3683866011847e+04 1.3068582323887e+04 -4.7726690557531e+01 1.4809216002327e-03
218 6.2643035138894e+04 1.2266692902414e+04 -1.1053954333257e+02 3.8058668532415e-03
219 6.3550181000554e+04 1.0075228133075e+04 -1.1381257851537e+02 2.7254310311601e-03
220 6.3323045507153e+04 1.0158727517317e+04 -1.6329404604420e+02 3.5594658103031e-03
221 6.4166237309403e+04 8.4352362293744e+03 1.3318738818423e+02 2.7781444703508e-03
222 6.3957144493331e+04 8.4888958516866e+03 -1.7223379584237e+02 3.1707524743416e-03
223 6.3910466435603e+04 1.0231810666127e+04 -5.3059235209278e+01 1.0593596926019e-03
224 6.2296169337944e+04 2.7718056755951e+03 -9.6240656821778e+01 2.8260066411028e-03
225 6.2938784018148e+04 2.7722725607734e+03 -9.9407696860757e+01 3.8139537451185e-03
226 6.3190076553019e+04 6.8124924159166e+03 -1.7247194456678e+02 3.2561087325604e-03
227 6.3418571100848e+04 5.4776533838460e+03 -5.7376205127255e+01 3.3627741432666e-03
228 6.2496157236722e+04 8.0421623662614e+03 -1.2791196696405e+02 2.0889300035224e-03
229 6.2254841583987e+04 5.7501790684882e+03 -7.5055741052906e+01 1.0625266293479e-03
230 6.3673029711786e+04 2.4137996352481e+03 -7.2069483514630e+01 2.4861921319954e-03
231 6.3391653264405e+04 3.9425264870449e+03 -1.1880675665045e+02 2.9666957405092e-03
232 6.1996137131832e+04 3.2052561018512e+03 1.3890353164155e+02 2.1262531196258e-03
233 6.3248707635333e+04 -1.1135621473945e+03 -7.3898713284312e+01 3.5131218835868e-04
234 6.2880547101611e+04 8.0668008414203e+03 -4.8109664671811e+01 2.3297936955227e-03
235 6.4079403008857e+04 4.5391583494190e+03 -9.0906966809252e+01 2.5308402606391e-03
236 6.2980557861013e+04 5.4449704604063e+03 -1.0339161198345e+02 2.5114771463536e-03
237 6.2555817679535e+04 5.6948122403413e+03 -2.5600490886641e+01 1.5310723461216e-03
238 6.3601231430097e+04 -2.7901244221757e+03 -9.0115133952804e+01 3.4733471877564e-04
239 6.2592613882970e+04 5.3688588383446e+02 -1.7918182060696e+02 7.4948362592484e-04
240 6.2956655661987e+04 1.7293411391782e+03 1.0603263080999e+02 2.5653973135774e-03
241 6.2754455781866e+04 2.0115926126579e+03 1.4313276243398e+02 3.1514653470533e-03
242 6.3579582710341e+04 -1.0983926334145e+03 -1.1285124121853e+02 3.4785746655060e-04
243 5.9655829003616e+04 1.6233226939185e+04 -7.1089171335321e+01 4.1814108347419e-03
244 5.9970093983568e+04 1.4637912668228e+04 -6.4117350642645e+01 3.9787997812074e-04
245 5.9614955713279e+04 1.6060579190980e+04 -1.7659357650341e+02 3.5447923927671e-04
246 6.2843637443315e+04 8.5104637140740e+03 -7.5053143049581e+01 2.5091878180409e-03
247 6.2188006714346e+04 7.0715134753952e+03 -7.4078626831862e+01 4.9594156039350e-04
248 6.2207150315110e+04 7.8113677583816e+03 -1.7649754368095e+02 1.1471393168925e-03
249 6.3545183701408e+04 5.7190180820446e+03 -1.0163884338290e+02 3.4208551009870e-03
250 6.2536049290047e+04 7.4677305281047e+03 1.0921353509407e+02 2.1103005770033e-03
251 6.5007146801375e+04 4.4690609965708e+03 -8.0663003132618e+01 1.5547423226096e-03
252 6.1937891839579e+04 1.0276813817019e+04 1.2925539214255e+02 1.6176125326296e-03
253 6.2816942137821e+04 5.6595178583602e+03 1.2368339260160e+02 2.0527341537540e-03
254 6.1935485506128e+04 7.5102797633205e+03 1.6561329285370e+02 1.0634266983736e-03
255 6.3837130995453e+04 6.7449957036694e+03 -9.1631370657173e+01 2.5107606404056e-03
256 6.2664038154799e+04 6.8187093032710e+03 -9.3033370524143e+01 7.0142309783606e-04
257 6.2715840678088e+04 1.5294219881564e+04 -7.3470681505363e+01 3.0264091817346e-03
258 6.1958346109507e+04 1.5223435259074e+04 -8.2307196099316e+01 2.8346600467828e-03
259 6.1603196427441e+04 1.7142833629664e+04 -1.0786646877622e+02 1.8252811695042e-03
260 6.1015808438558e+04 1.6983710988761e+04 -1.6513029408684e+02 7.8384061792031e-04
261 6.2759912409009e+04 4.3128241238114e+03 -1.5515305147184e+02 7.6372714051982e-04
262 6.1920630735960e+04 1.2572273104439e+04 -8.4274277159665e+01 1.6802166287167e-03
263 6.2065427618817e+04 1.1157203725474e+04 1.1876651298704e+02 1.7383292482740e-03
264 6.4334044084313e+04 1.1695122398135e+04 -1.2494775514430e+02 2.0968759223995e-03
265 6.3178333758647e+04 1.1019135542260e+04 -7.5517625370163e+01 2.6673929204215e-03
266 6.2259985666669e+04 1.1132932965110e+04 -1.7035246662886e+02 2.2599371308912e-03
267 6.1502153184784e+04 1.0913520978926e+04 -8.8783515207507e+01 1.0392959498651e-03
268 6.3801085239269e+04 1.0766213759136e+04 1.4156740734710e+02 3.5353611946204e-03
269 6.2633349171439e+04 1.1539999917933e+04 -8.3207895116816e+01 2.2462348875734e-03
270 6.4136848117774e+04 6.5348779363744e+03 -6.3608988433297e+01 3.7947100310589e-03
271 6.3342777694336e+04 5.9544822637611e+03 -9.6999873961519e+01 3.3330093457388e-03
272 6.1607009070227e+04 1.0973205133948e+04 1.7879672722544e+02 1.1197904862391e-03
273 6.3418633525767e+04 7.5511376867739e+03 -1.0439178373513e+02 1.3662191493976e-03
274 6.3359008689766e+04 9.7597945294839e+03 -6.4564113384687e+01 3.2006044947723e-03
275 6.1827626189418e+04 1.2156218285897e+04 1.6729825515448e+02 1.8474492084391e-03
276 6.1748548723312e+04 9.1943850394198e+03 1.1731420010221e+02 1.0115544176341e-03
277 6.3323239749092e+04 6.1624067757450e+03 -8.7101965262674e+01 2.9479990443160e-03
278 6.2948044571859e+04 7.1671328306749e+03 7.9399936039272e+01 2.8848306748486e-03
279 6.1863889429848e+04 8.2906194348509e+03 -8.9262008375649e+01 9.5903189307820e-04
280 6.1432930989216e+04 8.4117217185675e+03 -1.4441547563704e+02 6.8955246965227e-04
281 6.2107346737265e+04 9.4832009440110e+03 -8.5874847749710e+01 7.0160038687987e-04
282 6.2134003474961e+04 9.2443083191603e+03 -1.5273192695666e+02 1.6616586372811e-03
283 6.3387803412338e+04 9.4679176755704e+03 -6.2132060616794e+01 3.7490971507156e-03
284 6.2918587874682e+04 7.0288154423916e+03 -7.8269629095228e+01 1.5151809556274e-03
285 6.1488425691955e+04 1.3380755419261e+04 1.4550226811219e+02 1.5051805806008e-03
286 6.2643866482412e+04 9.5048422197194e+03 -7.8055755617825e+01 1.6707413457134e-03
287 6.2889223088613e+04 1.0636945158194e+04 -6.5581712053794e+01 8.4073778923254e-04
288 6.2657059134948e+04 1.1556894076159e+04 1.4529642884323e+02 2.5835282615278e-03
289 6.1413754582170e+04 1.1801283296649e+04 -9.4849008434912e+01 1.0021137279185e-03
290 6.0864371121330e+04 1.3169923150403e+04 -1.6198267099151e+02 6.0376030602802e-04
291 6.2837239179635e+04 1.0459205091473e+04 1.6831545678352e+02 5.0344882752147e-04
292 6.1678514844139e+04 1.1275319666110e+04 1.6923660213099e+02 4.0850051861103e-04
293 6.3309451875015e+04 7.3095780811153e+03 -8.9624361448695e+01 3.1568782790915e-03
294 6.2839145644723e+04 9.7439786037701e+03 9.4344208532799e+01 3.2691201604929e-03
295 6.1527778669385e+04 8.8131441512511e+03 -9.5432805841950e+01 7.5251197835085e-04
296 6.2986280373520e+04 7.3630144707663e+03 8.5764198814545e+01 2.6097273561331e-03
297 6.3622319025799e+04 6.7680227642415e+03 -1.6062822043464e+02 3.6817628430483e-03
298 6.2281172068370e+04 7.4523350028989e+03 -1.0369871255218e+02 1.6157323502933e-03
299 6.2308094527787e+04 8.6517064017575e+03 -1.1974432139202e+02 1.8190127531456e-03
300 6.3239436778948e+04 1.0673125678903e+04 -1.0140050950563e+02 3.4736668136028e-03
301 6.3483960371908e+04 8.7749987023528e+03 -7.5712324782138e+01 1.7426015874639e-03
302 6.1105315617242e+04 6.3232269499910e+03 -1.5448296175288e+02 4.0620801574477e-04
303 6.3624377646057e+04 6.7694759563355e+03 -6.5335064273069e+01 3.7426450204125e-03
304 6.0200171192164e+04 9.3690354399006e+03 1.2972541510616e+02 3.6387145069484e-04
305 6.2288568536178e+04 7.5555099983096e+03 -1.3672631139943e+02 1.3643857492071e-03
306 6.3636218682669e+04 9.4608141232421e+03 -5.3878570118469e+01 3.8111615678154e-03
307 6.4347542146373e+04 8.0506687508841e+03 -6.4965912464809e+01 2.7377278645483e-03
308 6.4707771876331e+04 5.0096094199511e+03 -5.1939280347603e+01 5.0823147886518e-04
309 6.2809693999253e+04 8.3032870065412e+03 -7.8853226248354e+01 2.6982678812592e-03
310 6.3953431212121e+04 7.7466794145057e+03 -9.6545889486076e+01 3.3324621255651e-03
311 6.4095948252008e+04 9.3112199999587e+03 9.0451693567320e+01 3.4294874717334e-03
312 6.2900834817957e+04 5.5238247263202e+03 1.7089478371477e+02 2.2123772259596e-03
313 6.3035448908662e+04 5.3166825647638e+03 -7.2867629824409e+01 6.2144213174496e-04
314 6.3813433168897e+04 8.6719182699817e+03 1.7840046716172e+01 1.6404188919233e-03
315 6.2762219645710e+04 7.7329521323861e+03 -8.4632908512074e+01 1.2413512924898e-03
316 6.3015660223809e+04 8.4043572224032e+03 -3.3429710334177e+01 1.3567664030929e-03
317 6.3544854560172e+04 6.6771590787998e+03 -8.8450501060975e+01 2.4420711808354e-03
318 6.4681368526773e+04 5.2316437754570e+03 -8.9481894605130e+01 3.3718741810926e-03
319 6.2326462516876e+04 1.0321837751070e+04 1.2184909678680e+02 2.1793317774180e-03
320 6.3446167841079e+04 7.1867282782610e+03 -6.9578817302958e+01 3.6408467363195e-03
321 6.3069398116743e+04 7.8298357231281e+03 -7.7361693725197e+01 3.1439534008920e-03
322 6.3520067228705e+04 5.0795215162786e+03 -1.4873210813558e+02 3.3245920840064e-03
323 6.4073229791294e+04 8.1173641981351e+03 -6.7412560402752e+01 3.6775383688265e-03
324 6.3312635135936e+04 7.4387550378078e+03 1.2711516937339e+02 2.1341403862664e-03
325 6.6055214078247e+04 2.7644661232666e+03 -8.2525620503950e+01 3.4733234170021e-04
326 6.4161184261661e+04 9.3167147609371e+03 1.5287322886323e+02 1.6778201249338e-03
327 6.3737000022583e+04 6.3938280779849e+03 1.0250168154188e+02 3.8012943830407e-03
328 6.3478522076156e+04 4.2945319246557e+03 1.7802808478861e+02 2.8867745782672e-03
329 6.3530083511940e+04 4.7288458141277e+03 -1.0323264123603e+02 3.2181091926743e-03
330 6.4829621944690e+04 3.5152310303673e+03 -9.7448435974109e+01 3.4063630227769e-03
331 6.4082457372309e+04 3.5007937089375e+03 -9.7478010770574e+01 1.9022232097915e-03
332 6.3818808644901e+04 3.2287348233581e+03 9.3749172327194e+01 3.2968962952485e-03
333 6.0995170097947e+04 9.7626956535398e+03 -8.2789710863828e+01 5.1643622971071e-04
334 6.4447713388619e+04 5.2049346482619e+03 -1.5124770007612e+02 3.7080890453021e-03
335 6.4452972693789e+04 8.4420730093021e+03 1.1392462563298e+02 3.1366665232309e-03
336 6.1200713344211e+04 1.2258659737189e+04 -1.1255733655671e+02 5.6139509298060e-04
337 6.2717915157468e+04 7.4363041309794e+03 -1.7061637625417e+02 2.2408296836905e-03
338 6.3295620548873e+04 7.5403796383592e+03 -7.7067360096151e+01 2.3750998142937e-03
339 6.1332933711676e+04 9.0605131414568e+03 -1.0398059560830e+02 4.8004221820296e-04
340 6.2196520769714e+04 9.6691439724721e+03 -1.2367181237058e+02 7.3804385850024e-04
341 6.3683841247359e+04 7.3363940989203e+03 -1.5533943953524e+01 1.1908313776594e-03
342 6.2686951235467e+04 6.6147005594383e+03 -7.0543276629172e+01 2.1105810986779e-03
343 6.2427889102659e+04 9.6089439498533e+03 1.1930256032170e+02 1.8313601650414e-03
344 6.5124551844822e+04 5.2769354793851e+03 -6.3139991219848e+01 2.5840202866826e-03
345 6.1710053871036e+04 4.9251719241444e+03 -1.2981249452520e+02 5.4858576038846e-04
346 6.2182921796026e+04 4.8085463099644e+03 -9.6792846105111e+01 9.3638536440901e-04
347 6.1291084988788e+04 5.1138757500348e+03 -1.3100827030845e+02 5.0923679138915e-04
348 6.2522858473454e+04 3.5839545224346e+03 -8.1062860071578e+01 2.6320450985523e-03
349 6.1877454830971e+04 4.6498092676170e+03 -1.3592543373520e+02 8.2779362229080e-04
350 6.3436752198476e+04 4.4589669000234e+03 -9.9256986305298e+01 3.0507109941837e-03
351 6.2940380982609e+04 5.4009214968547e+03 1.7827278792519e+02 2.2565162932930e-03
352 6.2211874732896e+04 4.0637887329212e+03 -9.8834250062081e+01 1.3610723553854e-03
353 6.2819325316459e+04 2.6834180947997e+03 -6.5986950952996e+01 3.5770911110314e-03
354 6.3836411440970e+04 7.3691207042341e+03 -1.1315654600531e+02 2.5287738477047e-03
355 6.0904038379355e+04 1.3842254144899e+04 1.3032519866201e+02 8.0208878533748e-04
356 6.1281809897200e+04 1.2372578070588e+04 1.5451671204128e+02 1.0157478532200e-03
357 6.2835574132335e+04 1.0345339912428e+04 -1.0277257302355e+02 5.2001631519850e-04
358 6.2863520720808e+04 9.4615608804635e+03 1.0492025562243e+02 2.0014370923915e-03
359 6.3170626732457e+04 8.1232240688159e+03 -4.7922327779385e+01 1.9536026069710e-03
360 6.1219046936691e+04 1.1420786885691e+04 -9.4644184546562e+01 6.3507060167674e-04
361 6.3192602528246e+04 5.2017409862354e+03 1.9586014523582e+01 1.6060992816346e-03
362 6.5812352697210e+04 3.2079252352441e+03 -1.1155996891023e+02 1.3129256624692e-03
363 6.2902096966775e+04 6.5676917235076e+03 8.0347589821978e+01 1.2577659141461e-03
364 6.3077373924149e+04 4.1242857647359e+03 -1.6817074952674e+02 1.8329388561109e-03
365 6.3489690111207e+04 5.0753381056568e+03 1.7229731232551e+02 3.1888901607883e-03
366 6.5093398957551e+04 2.6975193710729e+03 -8.3576825824964e+01 3.4733234170021e-04
367 6.5199944178874e+04 3.9761804100573e+03 -6.6131487993318e+01 1.1158282808923e-03
368 6.2499176680046e+04 1.0754540626040e+04 -5.6884223257133e+01 2.7183347697718e-03
369 6.1846809529817e+04 3.7900448452089e+03 -1.2041242004403e+02 1.7599490351482e-03
370 6.2596517389550e+04 2.8379268456676e+03 -1.2199218681773e+02 3.7623097588180e-03
371 6.3328679969725e+04 5.7352455663863e+03 -6.7749311024269e+01 3.2418735865254e-03
372 6.1409002068919e+04 7.8744710154963e+03 1.6397951601194e+02 4.2193320557426e-04
373 6.3978836212954e+04 2.0475900298831e+03 -9.1646402532305e+01 3.2735372166252e-03
374 6.1645351470503e+04 3.3729642538274e+03 -9.6802390522710e+01 1.8085615279203e-03
375 6.1891560346237e+04 6.9171755029388e+03 -8.8246774297772e+01 3.7812417463803e-04
376 6.4510463359925e+04 7.1409403287356e+02 -6.6848661018722e+01 3.4733234170021e-04
377 6.3972976160051e+04 2.1659381071467e+03 -7.8657268287133e+01 3.4722413048937e-03
378 6.2973220682901e+04 3.9281195521043e+03 1.5307049500151e+02 1.8765157295033e-03
379 6.4157994900402e+04 3.9477113471253e+03 1.3200137089443e+02 3.6534538184618e-03
380 6.4457997713917e+04 2.0792459012752e+03 -1.1719970527742e+02 3.4733234170021e-04
381 6.3387957340463e+04 -2.3509883186499e+03 -1.1926884632800e+02 3.4735272776666e-04
382 6.3949546320902e+04 -9.1992778636169e+02 -6.7971534831737e+01 3.5521255151657e-04
383 6.5110707408062e+04 1.3346065046672e+03 -8.0266756625325e+01 3.4733234170021e-04
384 6.3696613864885e+04 4.0143567705732e+03 -1.0849916371327e+02 4.8931242881043e-03
385 6.2335282996815e+04 4.0115326190518e+03 -8.7437582067128e+01 1.7156793269272e-03
386 6.4071298101911e+04 2.5171830692488e+03 1.1734775284821e+02 3.8120380456351e-03
387 6.2832130908510e+04 5.3290212559740e+03 -1.0814612292462e+02 2.1253244710537e-03
388 6.2623096215613e+04 3.2789325747878e+03 -1.1644580406818e+02 3.1709452134113e-03
389 6.5002557394540e+04 4.3421462630883e+02 -7.0980225791736e+01 4.1664860401201e-03
390 6.4339234995854e+04 1.0731162058049e+03 -9.5844668504648e+01 1.2166405353788e-03
391 6.3979321290154e+04 1.9415800841655e+03 -1.7223322302162e+02 1.5700627266845e-03
392 6.3340163049853e+04 3.4869500376335e+03 -1.3667176485167e+02 1.8387732294170e-03
393 6.3970915774209e+04 1.6260023382550e+03 -9.3528513294157e+01 1.3671834664575e-03
394 6.2222208366735e+04 5.9738606296008e+03 1.4596974913401e+02 1.1906239118992e-03
395 6.4410859812663e+04 3.4669224623525e+03 1.4220559120918e+02 1.5318052771195e-03
396 6.4729361683658e+04 3.3883154981668e+03 -1.0915945815580e+02 7.1419695151781e-03
397 6.3238798985552e+04 4.8410297862136e+03 -6.4481417111764e+01 2.8620679455441e-03
398 6.1862906120138e+04 9.4048108609910e+03 -8.9801525201285e+01 1.2825485275013e-03
399 6.1691137050448e+04 1.2238481899682e+04 -7.8792572348404e+01 4.3691518165706e-04
400 6.2745974661466e+04 1.1836063226718e+04 -6.2870558807475e+01 1.1585679031346e-03
401 6.2083323006003e+04 1.0607640182028e+04 -8.9308475199572e+01 1.1804002638266e-03
402 6.4182843540580e+04 3.6046867135222e+03 -9.1990239456562e+01 3.8203836081699e-03
403 6.3479884689202e+04 5.5799855778743e+03 -1.3380869638518e+02 3.2550616697802e-03
404 6.2842988842960e+04 5.4555772874919e+03 -8.8776408201911e+01 2.1520329946754e-03
405 6.4060621707853e+04 5.0666584921901e+03 -1.2851930701380e+02 3.7042361533495e-03
406 6.3810998940617e+04 7.2815801434493e+03 1.5261891581979e+02 3.7805816941427e-03
407 6.3112627638050e+04 8.3078549714229e+03 9.8289474030039e+01 3.0345016383129e-03
408 6.3905897985430e+04 5.6676202208492e+03 -7.6197556579589e+01 3.3228314238835e-03
409 6.4485646587199e+04 7.4482011720094e+03 -7.2673668682495e+01 1.7607369016166e-03
410 6.2802964759237e+04 6.7777748934381e+03 -1.3053537806076e+02 1.7093993013851e-03
411 6.2635754344717e+04 8.4034981673639e+03 1.1919318463684e+02 2.3825747676443e-03
412 6.5808532095189e+04 3.0710832902485e+03 -8.4010516554356e+01 1.5537306846344e-03
413 6.4410159688824e+04 4.0498240734988e+03 1.1296181700142e+02 3.1814152384449e-03
414 6.4025837993842e+04 4.5192928817604e+03 1.5269616990422e+02 3.8047754926936e-03
415 6.2073875157702e+04 1.0528134455603e+04 -1.0121099622510e+02 1.9360660925604e-03
416 6.4469390804996e+04 5.8246762304564e+03 -5.6551276601705e+01 3.6016388090380e-03
417 6.2861282904883e+04 8.0003512891635e+03 -1.0937358004593e+02 2.7422627572485e-03
418 6.2414892513552e+04 6.3989969568565e+03 -9.0785792786389e+01 1.4817886791762e-03
419 6.4380562556710e+04 3.4261813829621e+03 -8.6914322552277e+01 3.2359364562416e-03
420 6.2782173362597e+04 6.0492911596414e+03 -1.3969968845819e+02 2.2083647696771e-03
421 6.2896731027641e+04 8.3932298973345e+03 -1.5665424865807e+02 2.9452229818764e-03
422 6.1973736130958e+04 5.2176358377681e+03 1.3211827538906e+02 8.1493446196941e-04
423 6.4895965905265e+04 2.7702996879950e+03 -7.3730291875092e+01 1.3036905365534e-03
424 6.4833815107065e+04 2.6688853572539e+03 1.2799846747054e+02 3.4733234170021e-04
425 6.4116751692038e+04 3.1093858973000e+03 -7.5561147918201e+01 2.5450753260927e-03
426 6.1578757656883e+04 1.0482730734458e+04 7.0240295021530e+01 1.0817827827402e-03
427 6.2075642890611e+04 8.8340216417312e+03 -8.8196787650927e+01 1.5278922683371e-03
428 6.3655382892554e+04 1.0179245450535e+04 -1.4996770498213e+02 3.2456986783920e-03
429 6.4891606449027e+04 7.6576647202363e+03 -6.3609235336312e+01 2.4607906405798e-03
430 6.4923454663307e+04 2.7822022702673e+03 -8.9975262486105e+01 5.2276216835567e-04
431 6.1259234519807e+04 3.9366857258539e+03 -1.5329503254035e+02 4.7775011126285e-04
432 6.0704415309715e+04 8.6055852844930e+03 -1.5419789407987e+02 3.6762786095889e-04
433 6.0199436568769e+04 1.2140470809143e+04 -1.0282215586954e+02 3.9715225841771e-04
434 6.1605043855437e+04 8.5176545526719e+03 -6.5958954862966e+01 6.7059528971195e-04
435 6.3546380349995e+04 1.0803927696811e+04 -1.1600716180440e+02 3.8170073907101e-03
436 6.3144802507424e+04 2.5546463122557e+03 -8.6563151701549e+01 2.8628084993789e-03
437 6.4155385867583e+04 5.9127942019034e+03 -1.1428638608843e+02 2.7606553870260e-03
438 6.4983965432284e+04 2.0297010728533e+03 -7.1199163165587e+01 3.4733234170021e-04
439 6.4127181225976e+04 2.8559598850343e+03 -7.6235410931051e+01 3.6893580284381e-03
440 6.3857508698023e+04 1.3141715779472e+03 -6.4618765227461e+01 1.8274211038770e-03
441 6.3028382698873e+04 9.1726242053396e+02 -6.8523095108808e+01 1.2266067678062e-03
442 6.3541951724006e+04 5.2919317209924e+03 -5.9882182381414e+01 2.9896250733475e-03
443 6.3587245482859e+04 4.4876976969803e+03 -6.7849632829386e+01 1.7780575371179e-03
444 6.1433716303422e+04 6.4022096316722e+03 1.6867601525162e+02 5.4263616655852e-04
445 6.1182745093549e+04 6.4651566969341e+03 1.2831198142922e+02 4.1949517675295e-04
446 6.2856581301338e+04 5.4681396536934e+03 -8.4491693236470e+01 8.8642633328803e-04
447 6.2238387959091e+04 5.3212116319524e+03 -1.0024042498993e+02 1.0123048175561e-03
448 6.2287730553649e+04 6.2505636181361e+03 1.4754388521376e+02 1.3510795639733e-03
449 6.4248988827454e+04 6.3343041492071e+03 -7.2096278749608e+01 4.7065451429909e-03
450 6.2417388080828e+04 8.1858226611604e+03 -9.7106426749500e+01 2.0264353957945e-03
451 6.3558737279096e+04 1.0743261411590e+04 6.8274255663489e+01 2.2355995364552e-03
452 6.3725156853325e+04 8.5263083625936e+03 -8.0601721055244e+01 3.6168788172434e-03
453 6.2599465237974e+04 7.9101596595211e+03 -9.9672698971666e+01 2.3416433963917e-03
454 6.2599353896494e+04 8.9158954688188e+03 1.4853225193548e+02 1.9641504180257e-03
455 6.2941602410259e+04 4.9568324381962e+03 1.7921442776145e+02 7.9776472216097e-04
456 6.3588106662294e+04 5.1909620134815e+03 -8.1747299041215e+01 3.5103176220578e-03
457 6.3306443962983e+04 3.7098298818912e+03 -1.0913392836506e+02 2.7053526474050e-03
458 6.1792666933415e+04 7.4564197259421e+03 1.3357256107006e+02 9.0069023331946e-04
459 6.2465707060980e+04 4.6327921198658e+03 1.4734538636723e+02 1.3381607136495e-03
460 6.3597955613726e+04 4.1910083265459e+03 1.3730271460516e+02 1.7056044420655e-03
461 5.9442096782750e+04 7.7979444735541e+03 -1.6190895975453e+02 3.4785208635706e-04
462 6.2918424177378e+04 6.6942661853527e+03 -8.8056383969416e+01 2.3757167203717e-03
463 6.1961674626264e+04 7.3796040121380e+03 -1.0407808008167e+02 8.2671731938493e-04
464 6.2116836572231e+04 7.7780890093925e+03 1.7756621770610e+02 8.5369410326545e-04
465 6.1469400225552e+04 6.5502958628525e+03 1.3463700106830e+02 4.1696204033029e-04
466 6.2501851660414e+04 1.2114343222477e+04 -1.0574771919591e+02 7.8293843628945e-04
467 6.2036554205505e+04 5.6319297866810e+03 -1.6505303120414e+02 8.0685651376274e-04
468 6.2396654109649e+04 7.5114791314275e+03 -5.8365220204447e+01 1.1854245738381e-03
469 6.2477747311553e+04 1.0197839340993e+04 -1.1627022969973e+02 2.6565912509831e-03
470 6.3142643912115e+04 4.4723522180437e+03 -1.1449745193537e+02 1.8519198616677e-03
471 6.4254173027848e+04 7.8873863479985e+03 -9.5725932567814e+01 3.1747173725896e-03
472 6.0907267420920e+04 8.4239668189082e+03 -9.3968842973811e+01 4.3357420776923e-04
473 6.1659038621334e+04 9.1288439688915e+03 -1.6326440214757e+02 4.0956779937068e-04
474 6.3030186681751e+04 1.0455299389817e+04 -1.1907075643460e+02 2.9854789860187e-03
475 6.3742911989829e+04 1.0047197742938e+04 -7.5219082498326e+01 3.6695007166140e-03
476 6.4222688806299e+04 7.6247452150426e+03 -6.9437901608439e+01 2.0588958714898e-03
477 6.1889054548057e+04 9.7021217885304e+03 -1.5034343059320e+02 7.3774229308551e-04
478 6.2588755984026e+04 1.0163969152473e+04 -1.2936553959353e+02 2.9037719613316e-03
479 6.4181718174540e+04 1.1773840675123e+04 -8.3599293626998e+01 2.8328463584297e-03
480 6.1541355884140e+04 6.9376671650745e+03 -1.1229601906441e+02 6.1777141253242e-04
481 6.3649930583797e+04 7.7500311045536e+03 -7.8103125153002e+01 3.8042115631489e-03
482 6.4092729355078e+04 8.8269099218887e+03 1.4712119383439e+02 3.3776592893623e-03
483 6.2307865736018e+04 7.6817633975636e+03 -9.8707935795518e+01 1.6728248510846e-03
484 6.2236939419327e+04 8.5856331585482e+03 -1.7312087315952e+02 1.7525445117093e-03
485 6.3325179478089e+04 4.3907930567107e+03 -1.0416667869559e+02 2.2965485456905e-03
486 6.2029181582423e+04 5.5285825849324e+03 -7.7902036680512e+01 9.0745522540916e-04
487 6.2431624328768e+04 2.5902391458848e+03 -6.2677768935673e+01 3.8155000626217e-03
488 6.2878629297181e+04 1.1559723027102e+04 -8.4614728795280e+01 2.2712281752398e-03
489 6.2951946175722e+04 1.1967571230509e+04 -7.7523885889273e+01 3.6106572875221e-03
490 6.1650017921756e+04 1.2448179405478e+04 -9.6781532097858e+01 1.5820268454880e-03
491 6.1589814234859e+04 1.3830546864814e+04 -7.5983929835623e+01 1.7305703461843e-03
492 6.2825533199328e+04 6.6751954770883e+03 -1.1134566446899e+02 1.7846677573434e-03
493 6.4281213324061e+04 9.0729742518480e+03 -5.6454036004646e+01 3.1194907834492e-03
494 6.2818428463597e+04 1.0421387328522e+04 -9.4480259695372e+01 2.6206272077337e-03
495 6.3529249585907e+04 9.1728457026900e+03 -9.0044542243638e+01 3.6384647343212e-03
496 6.3253386628648e+04 9.4794529677384e+03 -9.2015122832444e+01 1.1346237479461e-03
497 6.4544295567858e+04 7.7431299863607e+03 -9.8189700829550e+01 2.1883647115535e-03
498 6.3470103276715e+04 8.6635451648323e+03 1.4552248002408e+02 2.6232063209806e-03
499 6.3639927813108e+04 6.5668535041021e+03 -3.0399773840246e+01 1.3578551738871e-03
