0 5.1179754077738e+01 3.1365167952295e+03 9.0343112354397e+01 2.5383429079896e-03
1 7.5396235809157e+01 2.4893975977140e+03 8.9868788389108e+01 2.2680700378202e-03
2 4.9525970377751e+01 1.5655209865788e+03 8.9595278892382e+01 1.7703272203975e-03
3 -2.1319892758736e+02 4.0961576910401e+03 9.1466612453354e+01 1.5642273613465e-03
4 -3.6308939675717e+01 2.1719772121374e+03 8.9300216854428e+01 1.6468239734341e-03
5 -3.1336067888485e+01 3.3048900531955e+03 8.9289559929574e+01 2.9807369976475e-03
6 1.6435269577187e+02 2.9250712236901e+03 8.9987038678254e+01 2.0454965336642e-03
7 -1.1651303827692e+02 2.7805210145598e+03 9.1736177450025e+01 1.5612163007757e-03
8 -8.1247667278139e+01 3.7786655286680e+03 9.1037187210809e+01 3.1036661330829e-03
9 4.2067714414843e+01 3.0961175278153e+03 9.0118334620207e+01 1.9735980842069e-03
10 7.9966279186496e+00 2.5221515697626e+03 9.0772859201598e+01 3.0325757966239e-03
11 1.1029275552110e+02 2.2459339890186e+03 8.9587461404441e+01 2.6382779708764e-03
12 1.2905308285322e+02 1.5160407524354e+03 9.0684903644686e+01 2.9476804504108e-03
13 3.8298768809652e+01 1.5708047001072e+03 -9.6954600850235e+01 1.5593520109456e-03
14 -5.1646675705161e+01 2.9665960245252e+03 1.0409312217149e+02 1.5429668600156e-03
15 -9.5888653812634e+01 1.2078769031804e+03 8.9438472927961e+01 2.8562539034729e-03
16 1.1676539002783e+02 1.3968912375380e+03 8.6523394212267e+01 1.5479053471481e-03
17 -7.7945620930123e-01 1.6074191202851e+03 9.3276634505386e+01 1.5557928831814e-03
18 -1.1735091284348e+02 2.9169708341552e+03 9.0522259675659e+01 2.8080942660908e-03
19 4.0338079702011e+01 1.3138822484322e+03 8.8409780469243e+01 2.6592552069901e-03
20 5.2092776822972e+01 2.6265605807762e+03 9.1502653172808e+01 2.7521547179709e-03
21 -4.0585914297094e+01 1.4571437884446e+03 -8.9230733251328e+01 1.5649717876886e-03
22 4.5048211151122e+01 3.4639074056696e+03 8.9772304754759e+01 1.8482225191352e-03
23 -7.0484737190795e+01 1.6932121989622e+03 -9.0316138025005e+01 1.5649905541221e-03
24 -1.3106540611641e+01 3.1308036102613e+03 8.9529075354632e+01 1.7168580470443e-03
25 -4.3771951506248e+01 2.8171721148251e+03 8.9660819546264e+01 2.5642762073273e-03
26 2.2613148902544e+02 2.6348385122967e+03 9.1558876168118e+01 2.6133341923776e-03
27 3.5715865020159e+01 1.2967928516772e+03 8.8222565806924e+01 2.4158174237199e-03
28 3.6459982797715e+01 3.7107892515528e+03 8.9434437605993e+01 1.6407962750985e-03
29 -2.3565060564199e+01 3.2076059782721e+03 9.0768346190572e+01 1.5983285751928e-03
30 -1.7323331492611e+02 2.0986187196778e+03 9.0588196707580e+01 2.8858698348769e-03
31 1.4320637608022e+02 2.5225776013648e+03 8.9694889688793e+01 2.4691656259692e-03
32 -6.1296603544681e+01 1.6508286346823e+03 8.9269695547209e+01 1.6433665322451e-03
33 -6.5318128392915e+01 2.9901399810989e+03 9.0009426165847e+01 2.1172766900928e-03
34 5.1487029307762e+01 2.3412114487507e+03 9.0512642920704e+01 2.7756273709407e-03
35 3.3267317368136e-01 1.5437203852011e+03 4.6454260191445e+01 1.5628578303702e-03
36 -4.8908302136646e+01 2.3315536338826e+03 8.9925120119462e+01 2.0535233847898e-03
37 -1.5553792513300e+02 3.0536991648273e+03 8.9853146581153e+01 2.3198678002084e-03
38 3.8033424352721e+01 1.6829956771867e+03 9.1014457089719e+01 3.1151734974858e-03
39 2.0679417526732e-03 2.4786056096979e+03 9.0161888696009e+01 1.9578103154462e-03
40 -1.2034849992796e+02 2.1479943725334e+03 9.0477751255271e+01 2.7559202199583e-03
41 -9.7358585969944e+01 2.1476562720700e+03 -9.1701713155155e+01 1.5649594288470e-03
42 8.4903096317346e+01 2.5364016193808e+03 9.0824959122312e+01 3.0340031055015e-03
43 1.2620997767858e+02 3.2759389757581e+03 8.9707335881418e+01 2.4357015845059e-03
44 -1.5661423013726e+01 2.1598454025586e+03 9.1439738463494e+01 2.8486260038730e-03
45 1.6081920396886e+02 2.1108695060989e+03 8.9921020776208e+01 2.1864615268989e-03
46 -2.7476629293863e+01 3.4287088330058e+03 -8.8694297227377e+01 1.5192222102703e-03
47 1.8355473642915e+02 2.3606768097681e+03 9.0289049726083e+01 1.7905733088705e-03
48 -4.6674380770213e+01 2.1074207581944e+03 8.7558421843160e+01 1.5526037265124e-03
49 7.4782477077183e+01 4.3697069051512e+03 9.0413874595084e+01 1.6734960094061e-03
50 -2.3406726707729e+01 3.5138859388605e+03 9.0719161068638e+01 2.9786164359268e-03
51 1.1382462764342e+02 2.4697832641309e+03 9.5611120562294e+01 1.5218806103159e-03
52 7.1497844865542e+01 3.0064898743975e+03 8.9933541399709e+01 2.0185262226387e-03
53 -3.5988292851737e+01 2.8707723934375e+03 9.0446901371141e+01 1.7421863179851e-03
54 -1.3900150017712e+02 3.0422996676324e+03 9.0760010693051e+01 3.0397807036532e-03
55 -9.3044163620621e+01 1.2906557855723e+03 9.3469451426739e+01 1.5649905574262e-03
56 -7.6900638660995e+00 3.1023707315268e+03 8.8967794136386e+01 1.5655644867130e-03
57 -1.3467719097674e+02 2.5442685845747e+03 8.8727299092051e+01 3.0168393244008e-03
58 8.6662179359625e+01 1.5451291181769e+03 9.0962126796429e+01 3.1152172533550e-03
59 1.1319134124979e+01 1.1740078398178e+03 9.3360388920800e+01 1.5633915246926e-03
60 6.5684621689259e+00 2.1699361114097e+03 9.0348291248205e+01 2.5726969400175e-03
61 7.8536092785539e-01 3.0128772915765e+03 8.9926746817015e+01 2.2033395981182e-03
62 5.3390617617117e+01 2.4082183055874e+03 8.9900715951274e+01 2.0087635613424e-03
63 -1.1273825984856e+02 1.8592373571342e+03 -8.1564671888313e+01 1.5649651362141e-03
64 8.0542769870403e+01 -4.5186940609310e+02 9.3634737977589e+01 1.4784962593736e-03
65 -3.2844553970561e+01 2.6654978419775e+03 9.0746125271510e+01 1.6229540108609e-03
66 2.8981870446886e+01 2.5969601591078e+03 8.9989920728891e+01 2.1053186550297e-03
67 1.4456823520919e+01 2.2056891001308e+03 9.0519984922252e+01 1.7093404788883e-03
68 1.1343187645212e+02 1.8266186503732e+03 -9.0190204870162e+01 1.5405625988749e-03
69 -8.7258325416434e+01 1.6419207448160e+03 9.0627699749077e+01 1.6755766122160e-03
70 3.8144930841989e+01 1.6433829037724e+03 -9.1419930261716e+01 1.5587556968868e-03
71 -2.6306144585945e+01 3.4644585175063e+03 9.1276112108936e+01 1.5450012129703e-03
72 -3.3806146892601e+00 2.8305496086665e+03 9.0270477981810e+01 2.4647317823961e-03
73 4.0151343654083e+01 3.2786231604403e+03 9.0520400535223e+01 1.6760599308298e-03
74 1.8347453963992e+02 3.1258704165338e+03 9.0030674552038e+01 2.0732148391661e-03
75 1.9301947300084e+02 3.2117089044671e+03 9.0249519085636e+01 1.7818694213930e-03
76 3.2428427624094e+01 2.5131217996750e+03 8.9828114507380e+01 1.9401943173039e-03
77 1.8531100954166e+02 5.1160369692084e+02 9.0031342770829e+01 2.0881262091831e-03
78 -1.9911520145780e+02 3.3608461222982e+03 9.0119122959442e+01 2.2849860070199e-03
79 -1.5996404378342e+02 1.3553954110655e+03 9.0003885599261e+01 2.1362529096155e-03
80 1.8991175516460e+01 2.4072259480362e+03 9.0570527150298e+01 2.8416375661651e-03
81 1.7165205457337e+02 3.2860173349164e+03 9.0531684713294e+01 1.6145712815277e-03
82 -5.5707848511710e+01 1.9019584857330e+03 9.0358560017010e+01 2.6015628079916e-03
83 1.4868524398752e+02 2.1521615243823e+03 9.2833234226612e+01 1.5204291256246e-03
84 1.5600766128442e+02 1.6259954013498e+03 8.9826790723865e+01 1.9290760196384e-03
85 -1.2480033529973e+02 1.8675236784004e+03 8.8471732606986e+01 2.7488894605682e-03
86 -9.7934218107514e+00 3.2026715877009e+03 8.9731074012335e+01 1.8512640851329e-03
87 -2.0304554565847e+01 3.2585709463566e+03 8.9802029293655e+01 2.3520043706255e-03
88 3.7744977675144e+01 3.2902991645636e+03 8.9988878633967e+01 2.0818806531569e-03
89 5.9769732544382e+01 1.8007001455277e+03 8.8366932110406e+01 2.5970911373916e-03
90 -1.2829465686485e+00 2.2771451898991e+03 9.1790441237408e+01 2.3904106120011e-03
91 -2.0864859658410e+01 2.5566870033847e+03 8.9635761271109e+01 2.5990894208682e-03
92 -7.3696084333349e+01 2.8737153515725e+03 -8.9668238146398e+01 1.5578743402717e-03
93 -6.0256515055433e+01 2.7017251564673e+03 9.1017765834397e+01 1.5846276014618e-03
94 -9.4263970554104e+00 3.7373873354088e+02 -8.4451388834972e+01 1.5649905541221e-03
95 -1.4777949546368e+02 1.2474817170331e+03 9.0472030003134e+01 1.7442371587374e-03
96 -4.0624005386979e+01 6.3414631754792e+03 9.0087903099907e+01 2.1028359432457e-03
97 6.2729431280844e+01 3.2549683881010e+03 9.0004702462637e+01 2.0840491862727e-03
98 -2.0082277828035e+01 3.4892396825838e+03 1.0188936018165e+02 1.5334842026647e-03
99 3.6728224307348e+01 3.0913215432186e+03 8.9640698397619e+01 2.5622472965870e-03
100 1.3523064842766e+00 2.0339473266393e+03 9.1658510261783e+01 2.5729607652468e-03
101 -6.5695100906634e+01 8.5843618546020e+02 8.8156350742791e+01 2.3330681758986e-03
102 4.9050537235342e+01 2.4929792677448e+03 9.2639673219997e+01 1.6442324310948e-03
103 1.0491295946908e+02 9.5994495614512e+02 -8.9346026389432e+01 1.5534020565117e-03
104 -1.1176551667687e+01 1.6828893695224e+03 9.2883822014174e+01 1.5931545096429e-03
105 1.7928274156119e+02 2.5298994044260e+03 8.6171343489986e+01 1.4927710814498e-03
106 7.3272942706264e+01 1.8708570625947e+03 9.2111161998274e+01 2.0040374421466e-03
107 -1.1155371308712e+02 2.3404272292230e+03 8.9738354764944e+01 2.4720798156258e-03
108 1.1067480154883e+02 3.0763829626587e+03 9.1942957785702e+01 2.1426427755654e-03
109 -1.3050912018463e+01 3.0626170889603e+03 -8.9935039988866e+01 1.5428128796134e-03
110 1.3403213858216e+02 1.3549025478577e+03 8.9687325717789e+01 1.8258244982360e-03
111 8.4196541715374e+01 2.5411308444330e+03 -9.0166789403326e+01 1.5293271202262e-03
112 1.3938968656413e+02 2.8286593752480e+03 9.0503756154418e+01 2.7216783224755e-03
113 4.3053422745698e+01 2.0455520437418e+03 -9.1241505598560e+01 1.5418867286684e-03
114 -1.0679534994744e+02 2.7320001596731e+03 8.8832966471027e+01 1.5753594816439e-03
115 -1.6646399445666e+02 2.0570351680766e+03 9.1268534696425e+01 1.5741006678803e-03
116 1.0573177174274e+02 1.4299405720573e+03 1.0292952627296e+02 1.5500323619534e-03
117 -4.4483990625836e+01 1.5229683811393e+03 8.6471969758498e+01 1.5663948437239e-03
118 -1.3364494691319e+02 2.9863913437938e+03 -9.0050041022317e+01 1.5599661817244e-03
119 -8.7186207532271e+01 3.6702016531229e+03 8.9633935180187e+01 2.5900138425858e-03
120 -3.1625011477466e+00 3.4229158997663e+03 8.9695388576450e+01 1.8123595584402e-03
121 2.1596078663023e+02 2.7012741912373e+02 -9.1354975255729e+01 1.5509499033880e-03
122 -1.1269818897802e+01 3.5858050696419e+03 8.8914707073030e+01 1.5432648840684e-03
123 -8.7361191392443e+01 1.9187486513530e+03 -1.1459477278830e+02 1.5611087726168e-03
124 -1.8212920659046e+02 2.7898416683612e+03 9.8156352818487e+01 1.5649901476947e-03
125 -1.6149794405932e+02 8.1908427646839e+02 -8.0602839777543e+01 1.5649905541221e-03
126 -1.2232788402310e+02 2.2653472799353e+03 8.9935814754497e+01 2.0691630614781e-03
127 8.7506343507239e+00 4.9897235242600e+03 9.0737516012795e+01 1.5410242635043e-03
128 -2.8197470566195e+01 2.0971212059182e+03 -8.8593835932986e+01 1.5580732603504e-03
129 -6.4244464959821e+00 1.1028666348877e+03 8.9532374703113e+01 2.7437384039366e-03
130 -1.7439473145020e+02 3.2312761611113e+03 8.9715631093405e+01 1.8649089899905e-03
131 8.5141065907634e+01 2.5144505538014e+03 8.9897612942280e+01 2.2276817463797e-03
132 7.1656499166820e+01 3.8178782889371e+03 9.2283364726485e+01 1.7895441616757e-03
133 1.1490266069468e+02 2.1151518639327e+03 8.9036032537840e+01 3.0940971509446e-03
134 5.7504163209812e+01 1.7871597107081e+03 8.8746242018004e+01 1.5596726788324e-03
135 1.8805268158874e+02 1.9439321406777e+03 8.9102386056350e+01 3.0621822490771e-03
136 -7.8513722627812e+01 8.1818998507704e+02 9.1622904076909e+01 2.6266891762508e-03
137 -2.2005095617059e+01 2.1111981747917e+03 -9.0144729560028e+01 1.5605921425709e-03
138 6.8693037692060e+01 2.9792293695882e+03 8.9883297944550e+01 1.9678872560571e-03
139 4.4501604022607e+01 4.3687347831024e+03 9.0325661189923e+01 1.7453974851743e-03
140 8.3109501894577e+01 2.9109016769643e+03 9.0698968397611e+01 2.9435931580393e-03
141 3.7329494852988e+01 2.2002371157503e+03 8.9024705850709e+01 3.1140082241061e-03
142 -1.5382679101235e+01 1.9283208665148e+03 9.0061802480405e+01 2.2098674906271e-03
143 -5.6773790220933e+01 4.1653301648543e+03 9.0166549430789e+01 1.9251543707317e-03
144 -1.0278687332595e+01 1.3591498179619e+03 8.5354958559299e+01 1.5640980601501e-03
145 -4.6636219671356e+01 1.9198023851880e+03 8.9501320369814e+01 2.7812882771782e-03
146 5.2721969606852e+01 1.3478878277929e+03 -9.3281078095001e+01 1.5590786279956e-03
147 1.3249734850601e+02 1.0993131391487e+03 8.9865564330629e+01 2.2915354750894e-03
148 -8.4779144159460e+01 2.0982669418806e+03 -8.2596023293605e+01 1.5627883829165e-03
149 -3.9339523530653e+01 3.1811222567202e+03 8.9736345567525e+01 2.4511598032672e-03
150 -1.2240325150577e+02 3.7742992234792e+03 9.1333319048341e+01 2.9497073936285e-03
151 1.2185412774656e+02 3.0842109525241e+03 9.0353619966456e+01 1.7465006575073e-03
152 -6.2735399315649e+01 2.8037126690856e+03 9.0383711958875e+01 2.6211260812414e-03
153 -7.3510318367481e+00 1.7032380060788e+03 9.0149264930212e+01 1.9800943026980e-03
154 9.3470080107690e+01 2.7546008565660e+03 9.0381398761419e+01 2.5866545866856e-03
155 -1.0205045707074e+02 2.6812766956175e+03 9.0516495655604e+01 1.7197865515328e-03
156 6.0610987560210e+01 2.2919427926295e+03 9.0431798599053e+01 2.6758054458911e-03
157 -1.1411303581433e+02 3.0689873198169e+03 8.8860229253729e+01 3.0951150860635e-03
158 -1.0999670016340e+02 3.3247800962456e+03 8.9909159647249e+01 2.0304141734312e-03
159 9.4834059015660e+01 3.6951106052042e+03 8.9496484339384e+01 2.7041658365337e-03
160 -2.8725193168221e+02 3.9341704776996e+03 9.1116115354591e+01 3.1081112416621e-03
161 1.0143464313054e+02 1.4683165468405e+03 9.1389008892560e+01 1.5518619584785e-03
162 1.1442572370546e+02 1.9898559296448e+03 9.0068946147082e+01 2.1936383686656e-03
163 -2.6962087602351e+01 3.0581012517900e+03 8.7617879315889e+01 1.7778655077360e-03
164 -6.8384568362910e+01 3.0435538312283e+03 9.1147068657047e+01 3.0848855409452e-03
165 -7.2245091500247e+01 2.9587521023287e+03 9.0282953620328e+01 1.8581156930900e-03
166 -2.0818400764288e+02 2.9509635667402e+03 8.9049978018312e+01 1.5999101842239e-03
167 3.3472283987197e+01 3.3003406291589e+03 8.9883430355051e+01 2.2359058497225e-03
168 -2.8842356477174e+01 2.5090928064038e+03 -9.0464071778273e+01 1.5521946377647e-03
169 8.6127095297157e+01 1.8499412214831e+03 -1.2501596663522e+02 1.5465336229309e-03
170 4.3200725636635e+01 1.6529749804001e+03 -8.8450770778462e+01 1.5576251299123e-03
171 -7.5881700826009e+01 2.8560485384080e+03 8.9108803392276e+01 3.1051066079191e-03
172 2.0864710939755e+01 1.4883930272811e+03 -8.4318956060832e+01 1.5621515320764e-03
173 1.8154744551945e+01 3.2895942636466e+03 9.6049251344717e+01 1.5263190104864e-03
174 -2.3318610566654e+01 3.1634078091478e+03 -9.1692440900144e+01 1.5428188918882e-03
175 -1.3532618699161e+02 3.5312481371965e+03 9.1045757441678e+01 1.5790531254288e-03
176 -3.8788666127964e-01 2.9843807670493e+03 9.1110978339636e+01 3.0872713526460e-03
177 -4.7584677142878e+01 2.3070740287503e+03 8.9595191778365e+01 2.6576407837898e-03
178 1.0495631111639e+02 1.9443455615707e+03 8.8961594582144e+01 1.5639005923296e-03
179 1.3962477952007e+01 2.7097458781658e+03 9.0165660669137e+01 1.9331441846923e-03
180 -3.4011436210890e+01 1.8796822424955e+03 9.2499247150040e+01 1.7289179560654e-03
181 -1.4948728658171e+02 2.6932556148490e+03 9.5189049971464e+01 1.5645324645818e-03
182 -1.8578559929168e+02 2.4987911894319e+03 9.0146483069697e+01 2.3202534353790e-03
183 -5.9863668348139e+01 3.0502220649865e+03 8.9718810554471e+01 2.4865970495695e-03
184 -3.1195325879745e+01 5.3261442605161e+03 9.0597471406498e+01 2.7934681094188e-03
185 -7.6227071911243e+01 3.6933949267471e+03 9.0215451601393e+01 1.8991138096417e-03
186 1.2570497658162e+02 3.5882757034011e+03 9.0568469555305e+01 2.7682438383417e-03
187 -2.8293046493876e+00 3.4003258753772e+03 9.0287019495623e+01 1.8281841795822e-03
188 3.5995868064859e+01 1.9462686634591e+03 -1.0141919802084e+02 1.5506519332389e-03
189 -7.1287625715385e+01 3.0274647666282e+03 9.1478794173096e+01 1.5583239976332e-03
190 -2.4558380767499e+02 2.6561761076453e+03 8.9694932148509e+01 1.8499744777219e-03
191 -5.9060841263024e+01 2.8219000420363e+03 -8.7470515124214e+01 1.5562170318151e-03
192 -1.5783459837000e+02 2.9642047106702e+03 8.8938485103367e+01 1.5866811687907e-03
193 -4.3109518891133e+01 3.1361443277318e+03 8.9833330279967e+01 2.3204515659902e-03
194 1.7884541175875e+02 1.4324121316988e+03 9.0148425207395e+01 2.2904045617576e-03
195 1.1700459958548e+02 2.2967536220485e+03 -9.0568010934801e+01 1.5158424397631e-03
196 8.0675757557728e+01 1.3338826491516e+03 9.1452424445887e+01 2.8321622446631e-03
197 1.6591915643152e+02 3.2763201696967e+03 1.2741962417746e+02 1.4677965555866e-03
198 -5.3446417362752e+00 2.7412946460267e+03 8.8738673051967e+01 1.5570645532924e-03
199 2.1062208520843e+02 1.9254398400050e+03 8.8611996215618e+01 2.8517096576350e-03
200 1.3410137871986e+02 2.5635992015235e+03 8.9898521701062e+01 1.9764990622944e-03
201 6.5128145774362e+01 3.0188791871086e+03 8.9949463610287e+01 2.1558210658795e-03
202 1.2057234916869e+02 2.1191203583242e+03 8.9886022861963e+01 1.9811874063594e-03
203 3.7662534326892e+01 1.1156332111445e+03 8.9678845479032e+01 2.5507858186530e-03
204 -1.6145017827899e+01 1.8526525240923e+03 8.9857488632577e+01 1.9865417943481e-03
205 -1.3485201545180e+02 2.6989042232237e+03 -8.9475397530108e+01 1.5645060376416e-03
206 -8.7645011464891e+01 2.7117024488390e+03 8.9824485933882e+01 1.9519698535686e-03
207 1.0479240532618e+02 2.7963335402671e+03 9.0229772938370e+01 1.8586099243540e-03
208 -1.4368495722077e+02 2.3717677578750e+03 8.9427825278080e+01 1.6969600783411e-03
209 -1.1329330575367e+02 8.3101736631142e+02 -9.0666109626356e+01 1.5649905541221e-03
210 -3.3932214273133e+01 2.6141042472383e+03 -8.7922575893337e+01 1.5556904695381e-03
211 1.4559103014794e+02 1.7251602602699e+03 9.0472448195089e+01 1.7080803500373e-03
212 -6.2455621273335e+00 2.0695862085998e+03 8.9405622096609e+01 1.6821306853966e-03
213 -9.4990013550264e+01 3.8306638992464e+03 9.0293189742880e+01 1.8379857372254e-03
214 -7.9634602772628e+01 1.9355678786532e+03 8.7551435664082e+01 1.5633030189027e-03
215 1.1921186132970e+02 1.5148984532899e+03 8.7036039301157e+01 1.5792977481600e-03
216 -6.8283323157566e+01 2.9897612054893e+03 9.0564666014290e+01 2.8496523759935e-03
217 1.7830227704636e+01 2.0439497645897e+03 9.1100565846051e+01 1.5729803214387e-03
218 8.3876643252288e+00 8.0184779870653e+02 8.7932040848757e+01 1.5651184244635e-03
219 7.2556954342530e+00 1.4688656670880e+03 8.8674048853620e+01 2.9704871762870e-03
220 1.2315604946932e+02 1.8906123833957e+03 8.9231979733491e+01 1.6025684719503e-03
221 -1.4537695793925e+02 1.7363690437375e+03 -1.0995604975438e+02 1.5649905541221e-03
222 2.1636294033379e+02 6.8625761631521e+02 -9.1950907551167e+01 1.5418762328991e-03
223 -7.5322811619327e+01 2.7220881537267e+03 9.2806362863209e+01 1.5586392706449e-03
224 -8.1502775246657e+01 2.8754346615049e+03 9.1207897333815e+01 3.0531530269633e-03
225 -4.8427330963414e+01 4.3485046496262e+03 8.9881026046308e+01 2.2341464082030e-03
226 -1.0097474812253e+02 2.5303570756705e+02 -9.0589804224918e+01 1.5649905541221e-03
227 -7.5703558556289e+01 2.8342574728002e+03 8.7104828077944e+01 1.5985819700644e-03
228 -9.3247425581525e+01 1.2368987036567e+03 9.0785529799834e+01 3.0590473206648e-03
229 6.8954495612273e+01 2.7750542712234e+03 9.0638677815369e+01 1.6315172356040e-03
230 -7.7535196759598e+01 1.1460454411790e+03 8.9954301905510e+01 2.0893358151470e-03
231 -1.1188308311421e+02 2.4889046790880e+03 9.0044043137819e+01 2.0903048393732e-03
232 6.6835449957289e+01 1.5874276593344e+03 -9.1357994815150e+01 1.5492567227534e-03
233 -1.4561946360654e+02 1.7878005446795e+03 8.7727620912657e+01 1.8749900334139e-03
234 3.8595411956861e+01 2.3891521657456e+03 8.7464983233997e+01 1.5455001816916e-03
235 1.9537273086360e+01 2.6392761968154e+03 9.0609693080412e+01 1.6472664689394e-03
236 4.4286029540339e+01 7.5231587399892e+02 1.0036167392782e+02 1.5645652358752e-03
237 6.4540156259136e+01 3.1673567473142e+03 8.9910879012001e+01 2.1947007351807e-03
238 7.3188366580148e+01 2.7199805094063e+03 9.0137317205725e+01 2.2693640766031e-03
239 -1.1134832840341e+01 3.4908777011408e+03 9.0793420899638e+01 1.5936394087027e-03
240 -4.6944161054058e+00 3.2705546947625e+03 9.0510653741740e+01 2.7663908307986e-03
241 4.6567134950122e+00 1.6091396266601e+03 9.0238006196872e+01 1.8996836674272e-03
242 3.7175369052164e+01 3.9860861934485e+03 9.2082688361393e+01 1.9785116123650e-03
243 -9.9280414929572e+01 3.5279656932461e+03 8.9396585352744e+01 2.8889841731873e-03
244 2.0117937380606e+01 2.0234059088691e+03 9.0112510729624e+01 2.2680624768493e-03
245 -2.4424642786339e+01 2.1353395046699e+03 8.9951696924561e+01 2.1925476210344e-03
246 2.1467942225247e+01 2.1833778453034e+03 8.9922221702536e+01 2.0368136443650e-03
247 3.8799031309581e+01 1.9605020124561e+03 8.8490207868456e+01 2.7608112645292e-03
248 -1.5963225772135e+02 2.3820868143827e+03 9.0498333715266e+01 2.7817735982148e-03
249 1.1193689481264e+00 1.6337471902450e+03 9.0004853765440e+01 2.1329069092540e-03
250 -1.2200886662297e+01 5.5874776101484e+02 9.0502883099880e+01 2.7872394289309e-03
251 -1.5419970780278e+02 2.6676636282535e+03 9.0425742299849e+01 1.7694422160255e-03
252 -1.6751797767194e+01 2.6560213855896e+03 8.9106062813801e+01 1.5945440480032e-03
253 8.5936400494963e+01 5.7761480066295e+02 -1.0969594183983e+02 1.5613849356010e-03
254 -1.8733991097381e+01 2.1311885232356e+03 9.0429667181234e+01 2.6873350330151e-03
255 -2.0578046797621e+00 1.6802365213976e+03 -8.9743010654158e+01 1.5559713482099e-03
256 -2.0529535867702e+01 2.1259071326684e+03 -8.9608539787380e+01 1.5595368740688e-03
257 -9.1722085013582e+01 7.0369285517403e+02 9.3000295197544e+01 1.5649907298231e-03
258 2.5897267687542e+01 2.1738066603635e+03 -8.9276410740178e+01 1.5525563461145e-03
259 2.1381832438645e+02 2.1646410671216e+03 9.0322250160382e+01 1.7571884428500e-03
260 2.0452343051115e+02 2.7248736716964e+03 8.8194063170155e+01 1.4746217730287e-03
261 2.8932343160353e+01 4.0578771418610e+03 9.2011717879083e+01 1.4943528795067e-03
262 -5.6691167972718e+01 2.6449599761488e+03 9.0908618147941e+01 3.1090309424999e-03
263 -2.3489565665761e+01 4.1752105226078e+03 8.9944295399787e+01 2.1544764254833e-03
264 5.1219528962833e+01 2.6488187268407e+03 8.9827819810772e+01 1.9266388066538e-03
265 -9.3895188075262e+01 1.0591800938512e+03 -9.1970490972159e+01 1.5649787347518e-03
266 2.5505198787279e+01 1.4958383886158e+03 9.0383184922067e+01 2.6297693351391e-03
267 -1.5588392542134e+02 3.0287514206763e+03 9.0907950239242e+01 1.6053198416212e-03
268 1.2745823280081e+02 2.6695463036728e+03 8.9077923845587e+01 1.5492475645866e-03
269 1.4306471194426e+02 3.5752130193393e+03 9.0095541672247e+01 1.9337483632382e-03
270 -1.9992251578165e+01 2.6224106818574e+03 8.9863251877888e+01 1.9824257050392e-03
271 1.2266286838197e+00 3.8794713629883e+03 8.9672485184982e+01 2.5059197523483e-03
272 -3.0116143026117e+00 3.1800644982744e+03 9.0238888253685e+01 2.4105138196826e-03
273 -1.2444741866541e+02 2.1291993474997e+03 8.7456962266121e+01 1.7096348768229e-03
274 7.4803594922422e+01 3.0702682157666e+03 8.7799525215420e+01 1.5111333437818e-03
275 1.3023453028094e+01 1.6823670426173e+03 8.9391808683492e+01 2.9024963478346e-03
276 -7.8272702509673e+01 2.1604103247324e+03 8.9426044522784e+01 1.6910371282187e-03
277 7.9262659361636e+01 2.1927477051977e+03 -9.2197970355775e+01 1.5392664886915e-03
278 1.3487988264975e+00 3.2620347606301e+03 8.9909007028512e+01 2.0097884973370e-03
279 5.7021100732587e+01 3.7046500380635e+03 8.9904114716247e+01 2.1822590698700e-03
280 1.3894521912203e+02 1.5883393752765e+03 9.1234774004936e+01 3.0186330202949e-03
281 9.7468054712411e+01 2.6040711968887e+03 9.0510643404051e+01 1.6814769074914e-03
282 8.7626922747298e+01 1.0984508449930e+03 -9.1617429769451e+01 1.5589189121331e-03
283 -4.0885442776163e+01 1.5908616925076e+03 -7.6535841114186e+01 1.5630354038498e-03
284 -1.7826419376805e+01 1.5243194500977e+03 8.7223373465130e+01 1.5643214943574e-03
285 -4.3145634632178e+01 2.2719569897699e+03 8.9719822371870e+01 2.4928354091037e-03
286 -1.2597248695641e+02 2.3481222745661e+03 8.7429378533739e+01 1.5649932052081e-03
287 1.3426099835755e+01 2.8346935078165e+03 -8.8120002271971e+01 1.5405476535923e-03
288 2.9173327810282e+01 2.9143076902249e+03 9.0117771867732e+01 2.2494291573514e-03
289 -1.3627324733161e+01 2.2844189978162e+03 9.0843264716894e+01 1.6092853597762e-03
290 -7.8114984326083e+01 2.4666090604675e+03 9.5438210673286e+01 1.5619020782077e-03
291 -8.5606864064784e+01 3.4408594008821e+03 8.9881118842879e+01 2.2708784338394e-03
292 -2.1659741269066e+01 3.5752872403031e+02 9.0645351682842e+01 2.9442378539221e-03
293 -9.1432760665594e+00 2.1043980137071e+03 -9.1052907200595e+01 1.5587931223550e-03
294 -3.7774017181428e+01 3.3099593558660e+03 8.9894878419400e+01 2.0041907421796e-03
295 -3.6028800844281e+01 -2.4076890616855e+02 -8.9484500344859e+01 1.4227215310024e-04
296 2.4370508040513e+01 1.8261136065600e+03 9.2133925549632e+01 1.9889730622955e-03
297 -3.1868006009936e+01 2.1585809624486e+03 9.0359954423497e+01 1.7942270036164e-03
298 8.0970431307769e+01 2.1298390696056e+03 8.9039826762707e+01 1.5708762515733e-03
299 1.3908379923694e+02 2.5141043150068e+03 -9.0176128287783e+01 1.5018829062214e-03
300 6.2458692858644e+01 2.3814368462059e+03 9.0047657653547e+01 2.1575249128326e-03
301 -1.8667595170215e+01 -2.3833207978792e+02 -9.2012321577337e+01 1.4227215310024e-04
302 -1.6732948838385e+01 2.3736785171648e+03 9.0399207889311e+01 2.6424696440801e-03
303 -1.0118339821514e+02 2.1668833396380e+03 -1.2135456696280e+02 1.5634279022821e-03
304 -7.1369514691698e+01 2.4749683374874e+03 -8.7735018248480e+01 1.5597001065132e-03
305 -1.7766363200674e+02 3.3395064536581e+03 8.9949205768710e+01 2.1984977775521e-03
306 3.8180642457853e+01 2.0476388834185e+03 -9.5305896623698e+01 1.5526228862275e-03
307 5.2477503124157e+01 1.9797825654898e+03 9.0507002149202e+01 1.7115243311142e-03
308 -1.5189556333733e+02 2.0598861950488e+03 -8.7532616639335e+01 1.5649884922344e-03
309 -2.1817961040565e+01 3.7709701152004e+03 8.6834150664507e+01 1.5402469199361e-03
310 -4.1755863517947e+01 2.3735504746353e+03 8.9289962521941e+01 1.6435777843591e-03
311 -1.0372635430629e+02 3.1146564315791e+03 8.9000716254652e+01 3.1237643623100e-03
312 -3.2103287336469e+01 2.6631840229026e+03 -8.9385712247595e+01 1.5509053091970e-03
313 -4.0590349317404e+01 2.9171315353846e+03 9.0029236496755e+01 2.0938654852433e-03
314 -9.3101958134514e+00 2.4199081816670e+03 8.7048049527553e+01 1.5426138604031e-03
315 2.1148749290467e+01 1.8602678932476e+03 8.8047834807044e+01 2.1891174326632e-03
316 1.0146279434996e+02 1.4793230313960e+03 -8.9369117932570e+01 1.5504603255537e-03
317 -2.6405455630517e+01 2.6293109199394e+03 9.1374953447051e+01 1.5598370361512e-03
318 3.0355471715097e+00 2.8112749757624e+03 8.9982988874458e+01 2.0952099331930e-03
319 8.4050087602693e+00 2.4581080118884e+03 9.1748077987718e+01 1.5494982065944e-03
320 3.0128208007266e+01 3.7301897166055e+03 8.9430930401999e+01 1.6417785201403e-03
321 -2.1140999389807e+02 3.9232959952055e+03 8.8943538867365e+01 3.1217636953850e-03
322 2.0345901905569e+01 7.5790632455621e+02 9.0995342445548e+01 3.1299468465730e-03
323 -2.5169931522542e+01 2.4843876727845e+03 8.8778564932122e+01 3.0425678119141e-03
324 6.6562449038980e+01 1.0293851085839e+03 9.0303097668303e+01 2.5210750994030e-03
325 -1.7809450055506e+02 2.8598517163958e+03 -8.7537839092611e+01 1.5649905541221e-03
326 4.1019542390832e+01 1.6760211506363e+03 -8.9848182025154e+01 1.5571032436165e-03
327 1.9467115547498e+00 4.8139159626168e+02 -9.0067045054406e+01 1.5649678285777e-03
328 -2.3532668104860e+02 3.1478191077727e+03 8.8582385943231e+01 1.5695208041862e-03
329 -4.4839676843705e+01 5.1009520557437e+02 -9.0265837382617e+01 1.5649905541221e-03
330 -5.6186287867386e+01 -2.5373504784635e+02 -8.3953482085732e+01 1.4227215310024e-04
331 1.0941331004577e+02 2.1546590573629e+03 8.9232279652207e+01 3.0145940713996e-03
332 -6.1718493221270e+00 3.3044991334662e+03 9.2108180998402e+01 1.9874054789479e-03
333 -1.4267762949994e+01 3.3233486618882e+03 9.1255275122991e+01 1.5453862255841e-03
334 -1.6591118699171e+02 1.7162777348633e+03 9.3633818942814e+01 1.5665104360362e-03
335 -2.1708956665443e+02 2.0935752060392e+03 8.8391609748452e+01 2.6458331194867e-03
336 -6.8660697774533e+00 2.3131240063267e+03 9.0557584141106e+01 2.8405069542400e-03
337 1.8642149673720e+01 2.7458502426111e+03 9.0160219659402e+01 1.9474895608947e-03
338 7.6832778573341e+01 3.5487287569015e+03 8.9882941496759e+01 1.9431963385744e-03
339 2.1415342951855e+02 3.0597033574111e+03 9.0237031227985e+01 1.7871982794715e-03
340 -1.2627948402584e+02 1.8299935632160e+03 -8.9920129311031e+01 1.5649905541221e-03
341 5.3106021049366e+00 3.5167384888352e+03 8.9760182571147e+01 2.3949924705535e-03
342 -8.6445513592901e+01 8.7496472126322e+02 -8.9474637919103e+01 1.5638013750088e-03
343 -3.5030186900707e+01 2.8734945585657e+03 9.0412571049756e+01 1.7639015755695e-03
344 5.2027140483794e+01 1.5823922101412e+03 -1.5064383162405e+02 1.5501694453194e-03
345 -5.1997213575685e+01 2.3354767659080e+03 8.9323938075314e+01 2.9682675898570e-03
346 -7.1933888872123e+00 1.9215287475218e+03 8.8880118126004e+01 1.5782728647373e-03
347 -5.5014732081555e+01 3.5406573320904e+03 9.2124410825274e+01 1.5414356660058e-03
348 3.8278253119736e+01 2.5060479901157e+03 9.0117749436561e+01 2.2603225027570e-03
349 1.8245133189490e+02 3.3858527810996e+03 8.9419529672716e+01 2.7616215670912e-03
350 1.8777189352645e+00 7.3162863399286e+02 9.2157010492729e+01 1.9753205019935e-03
351 -1.5363059617303e+01 1.8488046439010e+03 9.1116601790310e+01 1.5735309016653e-03
352 5.9182926920554e+01 4.1002415704922e+03 9.1751198749059e+01 2.3700597615477e-03
353 7.1191135246801e+01 3.1797695470174e+03 8.9974800564357e+01 2.1155733057947e-03
354 7.6404659609832e+01 3.8272948436791e+03 9.0063750687723e+01 2.1366466443629e-03
355 -2.2069320436887e+01 2.4897388366422e+03 9.0551467385529e+01 1.6966570488741e-03
356 -1.5843923929055e+01 6.7736130253201e+02 9.0389207711723e+01 2.6426724793377e-03
357 1.2494828970306e+02 2.4521738707022e+03 8.9408770185682e+01 2.8427724130782e-03
358 6.9764615155012e+01 1.6851924524935e+03 8.8827111229112e+01 1.5648815717860e-03
359 -9.8897256251345e+01 2.7375842612649e+03 9.0146312331299e+01 1.9823755042795e-03
360 1.9464098394994e+01 1.6955362158089e+03 8.7498553534661e+01 1.5593441149052e-03
361 -6.5204292835105e+01 1.5856788021330e+03 8.9728737905802e+01 2.4851766538492e-03
362 -5.1298755409089e+01 2.3145326818466e+03 8.8556902938398e+01 1.5621272958329e-03
363 -8.1249497121490e+01 2.9120762582554e+03 8.8935204407966e+01 3.1168382856059e-03
364 1.5678684244283e+02 2.7641877311193e+03 9.0612415964206e+01 2.8410797713826e-03
365 1.2192365998586e+01 2.2361831707534e+03 9.0149156780522e+01 1.9716118027694e-03
366 1.8019786552627e+00 2.7931696981131e+03 9.0099619524856e+01 2.2355671318559e-03
367 -4.7566642362287e+01 1.2182031111477e+03 9.4993250758436e+01 1.5649905541221e-03
368 1.6031718390916e+02 1.9549410162679e+03 -9.2530544540388e+01 1.5229558481896e-03
369 4.8972272016955e+01 1.4747372093877e+03 8.9920131159389e+01 2.2236954903456e-03
370 7.4183069295444e+01 3.0521312879903e+03 8.9289429540751e+01 1.5969699462058e-03
371 1.7689803275676e+00 3.6740573078384e+03 9.0570366789126e+01 1.6539868225209e-03
372 1.5156090150827e+02 2.7844374801172e+03 8.9097040499862e+01 1.5359875413125e-03
373 9.3370370178224e+01 1.7070525827724e+03 9.0386184178349e+01 1.7748994795467e-03
374 7.4501817770278e+01 1.2642812883588e+03 8.9782002644630e+01 1.9133663441618e-03
375 2.8074521135776e+01 2.5538840866535e+03 -9.2193864801862e+01 1.5440882956324e-03
376 1.1287013125492e+02 2.1157144101299e+03 8.9727065185184e+01 1.8387954046876e-03
377 -1.3423748195478e+02 2.9607313058288e+03 8.9852805828994e+01 2.3180375866244e-03
378 9.1423990227543e+01 1.0966813194102e+03 8.9782632676966e+01 1.9135326261126e-03
379 -1.7163109597489e+02 2.3498036456354e+03 -8.9438505221443e+01 1.5649905541221e-03
380 -5.6004063262692e+01 2.7105493977889e+03 9.2434285952233e+01 1.7540856261991e-03
381 1.3864823346783e+01 2.7784779230781e+03 9.0157531469877e+01 1.9499266131283e-03
382 1.6455588206271e+02 2.5167866342067e+03 8.9891053299908e+01 1.9588228421399e-03
383 -1.5281569968042e+00 3.5034688205684e+03 9.0534297006439e+01 1.6738378131137e-03
384 -1.1033333798132e+01 2.8440213705088e+03 8.9980985630870e+01 2.1010431591771e-03
385 -9.8678520730275e+00 1.1853824254290e+03 9.1138083485123e+01 1.5811383964027e-03
386 -9.7694208588832e+01 2.9628833205120e+03 9.0186497473690e+01 2.3643123748377e-03
387 9.6175840370050e+01 4.3692712587027e+03 8.9794724934159e+01 2.2819399871304e-03
388 -9.0057753246452e+01 1.0849584441144e+03 -2.8024028717720e+01 1.5649905541221e-03
389 -2.4122529972906e+01 3.9662550376313e+03 8.9908472152192e+01 2.2037170821731e-03
390 -9.9301076499164e+01 1.6364131790774e+03 9.0885566178710e+01 3.1096206921278e-03
391 -3.8071767573383e+00 -4.2990816715398e+02 -8.9618048858087e+01 1.4227215310024e-04
392 -1.6465134889165e+02 3.0649098848209e+03 9.1097329080396e+01 3.1113810302753e-03
393 9.2554584712531e+01 2.2514508210827e+03 8.9733641253006e+01 2.4487776022821e-03
394 4.4102186036450e+01 2.6109589152158e+03 9.2967710487232e+01 1.5680179693809e-03
395 -1.1192543708159e+02 2.6646051382382e+03 9.0063905226713e+01 2.0683502697441e-03
396 -2.0720820376235e+01 3.0100998860726e+03 8.6169225245433e+01 1.5442325353273e-03
397 2.5852515155842e+01 2.4376130084215e+03 8.9179218122046e+01 3.0615902763313e-03
398 -5.8644400510770e+01 2.0843170745783e+03 9.0663123800523e+01 2.9607860371580e-03
399 5.6100160049299e+01 2.5275193827265e+03 -9.2721210916776e+01 1.5243361973507e-03
400 2.9877515740424e+01 2.6626729089624e+03 -9.1534673263170e+01 1.5279081584026e-03
401 -1.4187214350181e+02 2.9399138688244e+03 9.0946416724779e+01 1.5933805040163e-03
402 9.2621371167491e+01 1.4719546787139e+03 9.0256273438892e+01 2.4420006170624e-03
403 -1.3272279309021e+02 2.7575203009375e+03 9.1299232650279e+01 1.5718071703466e-03
404 1.4294894443800e+01 3.2324747904343e+03 9.0045937765056e+01 2.1573242025566e-03
405 -5.4612131047402e+01 2.3360283930647e+03 9.0932839119774e+01 1.5991165082868e-03
406 -7.9286256658592e+01 3.7376430317705e+03 8.9999491743661e+01 2.1178408228418e-03
407 1.5000355556469e+02 2.1189733120157e+03 9.0262662624267e+01 1.8386953710041e-03
408 6.0792841493959e+01 3.8470449455455e+03 9.0861261059550e+01 3.0269118533404e-03
409 -3.5904594030861e+01 9.3355032838556e+02 9.8990200543918e+01 1.5649905541221e-03
410 -1.1004989439806e+02 2.0935158644132e+03 9.0434922627033e+01 2.7019213980056e-03
411 3.8799178531872e+01 4.1502403063280e+03 9.0481090358577e+01 1.6583342337353e-03
412 -1.5461749010859e+02 2.5660315613750e+03 9.0389592168329e+01 2.6388678961481e-03
413 4.0341665967433e+01 2.4369359736439e+03 -8.7614493533285e+01 1.5443147824260e-03
414 -9.2213988945768e+01 6.1013696347583e+02 9.0808452487989e+01 3.0736012206770e-03
415 -6.5400748142655e+00 3.2552405033625e+03 8.9651195365943e+01 2.5594600647464e-03
416 4.8891238752158e+01 2.9601807697542e+03 9.0147323065200e+01 2.2843217908185e-03
417 1.1146105001284e+02 9.8576950482173e+02 -8.9507597070962e+01 1.5543424720606e-03
418 3.1002878523784e+01 2.8009671649007e+03 9.0325631591924e+01 2.5304725454422e-03
419 1.0882099061557e+02 3.1230689092612e+03 9.0364174373130e+01 1.7438259349012e-03
420 -2.2402287202498e+02 3.2989370526736e+03 8.9336556554670e+01 1.6633145699532e-03
421 -1.1260167457888e+01 4.2586704323498e+03 9.0056998194588e+01 2.0162185349257e-03
422 -2.8238322930496e+01 1.7783884438106e+03 -8.8286927707416e+01 1.5624864733224e-03
423 6.3605037554960e+01 1.9924757158703e+03 9.1559048560645e+01 1.5465502611630e-03
424 -1.0630835620950e+02 1.1412212640695e+03 -9.0435597302595e+01 1.5647233044822e-03
425 -1.6167021485063e+02 2.7769848824124e+03 9.0393638889795e+01 1.7871160447029e-03
426 -1.6240938000121e+02 3.0138998236771e+03 9.0505852227964e+01 2.7901049656267e-03
427 -6.8760714251784e+01 3.0647166626043e+03 9.0125115222863e+01 1.9956137888323e-03
428 4.1235014155878e+01 1.6583494704477e+03 9.1736639873931e+01 2.4671678860897e-03
429 -6.6603364065117e+01 1.9489023436782e+03 9.0839373136403e+01 1.6155021714995e-03
430 -3.2519267502319e+01 2.7774194481590e+03 9.0585860133961e+01 2.8660195478036e-03
431 -2.2651157520374e+02 1.5470018176819e+03 -9.5786067375153e+01 1.5649905541221e-03
432 -1.5524110786452e+01 7.0449666507138e+02 8.9903082634191e+01 2.0345411547842e-03
433 3.2911117671249e+01 2.3457079865536e+03 8.8360940973180e+01 2.5870503419393e-03
434 -6.5864575489037e+01 2.2230588064267e+03 -8.9400945830968e+01 1.5625983869800e-03
435 7.1627845206557e+01 4.0954139485736e+03 8.9933980283409e+01 2.1203261397068e-03
436 7.9010517638690e+01 2.7473677998070e+03 8.9735292087534e+01 1.8368679866163e-03
437 1.0954741016183e+02 2.0258192779053e+03 8.9428274423905e+01 2.8389608028055e-03
438 2.3370751894967e+01 1.8127560546715e+03 -7.2087394845034e+01 1.5573788405260e-03
439 -2.9756742241681e+01 3.2364037270681e+03 9.0690738492469e+01 1.6132710268746e-03
440 2.0026406129308e+02 2.1107205274435e+03 8.9335958003321e+01 1.6007936779889e-03
441 4.3727882076378e+01 2.6518521818231e+03 -1.4763254190884e+02 1.5372753904723e-03
442 -1.1210175848514e+02 2.3339591554084e+03 8.9259559178102e+01 1.6405995930292e-03
443 9.5142507325734e+01 2.7414074487145e+03 9.0460560385624e+01 1.7049407685376e-03
444 1.7563961341039e+01 2.2906943128725e+03 8.9895042390481e+01 2.0132608067310e-03
445 5.5126806618278e+01 5.5592503149800e+02 9.3002384645010e+01 1.5499952504148e-03
446 7.2127065502405e+01 1.9083942587604e+03 -8.8322417901734e+01 1.5458573399153e-03
447 -9.1567115379029e+01 3.5792007283896e+03 9.0579627483629e+01 1.6750639518440e-03
448 -9.5175781067849e+01 3.4552733380060e+03 8.9939221391423e+01 2.0604667045214e-03
449 5.6080429024934e-01 3.5352863374956e+03 9.0150321715134e+01 1.9394721409689e-03
450 -4.0699681428330e+01 1.8395889831842e+03 -9.2037096809471e+01 1.5590443808312e-03
451 -1.5277648249561e+02 1.6609603220634e+03 9.0703941706783e+01 1.6508075888840e-03
452 5.4329917667022e+00 4.1965032821323e+03 8.9609123941628e+01 1.7214508627310e-03
453 -1.0158827050853e+02 3.8677736771989e+03 9.0356915290324e+01 1.7929513733301e-03
454 -2.6563280383220e+01 2.6530780775977e+03 9.0051579814750e+01 2.1896894849192e-03
455 -1.5202104631392e+02 2.9579914775332e+03 9.0191492832326e+01 1.9418507097846e-03
456 -3.9869726720206e+01 2.9535821251266e+03 9.0080806229980e+01 2.2232604258131e-03
457 -2.8888018627585e+02 2.9539586553600e+03 9.1064152274522e+01 1.5870758105258e-03
458 -1.5025907549062e+01 1.6073248499734e+03 9.0980400562408e+01 3.1217237521617e-03
459 6.2976561348173e+01 -7.8679786692420e+02 -8.9719604832210e+01 1.2641051932670e-03
460 4.6262310957801e+01 2.4944897238770e+03 9.0316290766635e+01 2.5199960307472e-03
461 -3.0988941474390e+01 1.9325278099534e+03 8.9792924795976e+01 2.3965549552913e-03
462 -4.2073670017127e+01 3.6810497842665e+03 9.0894388230150e+01 3.0792860523615e-03
463 -7.0575880404573e+00 3.6951307495573e+03 9.0716651250492e+01 1.6057083639906e-03
464 -1.0479518565494e+02 4.8988691497129e+03 8.9984252188738e+01 2.0685207985307e-03
465 -1.7024517373276e+02 3.0769709279235e+03 8.9981394222916e+01 2.1619870368445e-03
466 -5.1180259916499e+01 1.2040187156037e+03 8.9670291318171e+01 1.8313764613811e-03
467 -8.6003886713456e+01 2.6693335768667e+03 9.0201761378308e+01 1.9286446023131e-03
468 2.9098565847297e+01 6.3647572305631e+02 9.0878605613073e+01 3.1070872651506e-03
469 -1.8889904366593e+02 1.8096673504995e+03 -9.8422533745261e+01 1.5643952275895e-03
470 5.4730270450358e+01 1.0960100535560e+03 8.9540422346046e+01 1.7475926996582e-03
471 -2.2219546001987e+02 2.5045199049196e+03 9.2115579796971e+01 1.5650858086619e-03
472 7.5430698739832e+00 4.7818924443569e+03 9.0406486645697e+01 2.5754500984151e-03
473 7.4997335523811e+01 2.2654246477173e+03 -8.7859413282168e+01 1.5384492991107e-03
474 -1.5729184679124e+01 3.6671125249587e+03 8.9722742987045e+01 1.8310547837505e-03
475 5.1180433272418e+01 3.4980965641410e+03 9.0463929575921e+01 1.6904476884114e-03
476 -1.3094525355566e+02 2.7138380208603e+03 8.9383736335787e+01 1.6784264675654e-03
477 9.2323623245917e+01 8.9571229332732e+02 1.0164560287274e+02 1.5584062918626e-03
478 2.8119015499162e+01 2.1691674055521e+03 8.9831356871481e+01 1.9483162945815e-03
479 4.2203366460455e+00 3.0686191159539e+03 9.1694964309992e+01 1.5392653968224e-03
480 -3.3091581638807e+00 2.7505979293671e+03 -1.0789967255838e+02 1.5465220894408e-03
481 1.0006689895666e+02 1.5721595275746e+03 -8.7435403598174e+01 1.5493435712809e-03
482 1.5174062293273e+01 2.5113163253052e+03 9.0148246180803e+01 2.3051634442067e-03
483 1.4426166730564e+01 3.8353699596541e+03 9.0259062233657e+01 1.8312938858586e-03
484 1.0338915913392e+02 7.6245467688470e+02 9.2107887972521e+01 2.0190051475116e-03
485 8.8971582095515e-01 2.2738264090931e+03 -1.1511628850342e+02 1.5544605481160e-03
486 -7.1360711846076e+01 2.5246198110131e+03 9.0119264867210e+01 2.2821717216518e-03
487 -1.0960016525139e+02 2.6170739079626e+02 9.2777197384106e+01 1.5649915502995e-03
488 3.6263326027969e+00 2.3772979656103e+03 9.1240603217121e+01 3.0284011294139e-03
489 -4.6840775377913e+01 3.5015101263470e+03 8.9927590198346e+01 2.1992669399252e-03
490 -5.5857674794178e+01 3.0241341913208e+03 9.0230465766237e+01 2.4139307045336e-03
491 1.2045886882915e+02 2.1319815846669e+03 8.7791098706175e+01 1.8911899353947e-03
492 8.5393711508177e+00 -1.3147334949529e+03 -9.0020554764258e+01 1.4227215310024e-04
493 1.0488543434304e+00 1.8698996147251e+03 9.2045963880431e+01 1.5551723340085e-03
494 -1.7847078472227e+02 1.2412142680341e+03 9.4948436563932e+01 1.5638297838156e-03
495 -6.9856351337690e+01 3.4839755528527e+03 8.9890863288213e+01 2.2541707932256e-03
496 -3.6011921559951e+01 -3.0956963036282e+02 -9.5416398357394e+01 1.4227215310024e-04
497 7.6445753962816e+01 2.1917838920892e+03 -9.1284264872501e+01 1.5377309784370e-03
498 1.6434948800269e+02 2.1570385545079e+03 9.1124046550983e+01 3.0531882659606e-03
499 -4.8659781243562e+00 1.8133755211169e+03 9.0113643910070e+01 2.0132410694087e-03
