0 1.5967970708588e+04 3.2494612050721e+04 1.3685458756390e+01 2.8821577942570e-03
1 1.5218782592193e+04 3.2362908283679e+04 6.2334239783731e+00 3.2377872455993e-03
2 1.4039924620243e+04 3.2358834933715e+04 -3.7371438936062e+00 3.3115707123182e-03
3 1.9144564731079e+04 3.1787983847975e+04 2.4060464107970e+00 6.2914279937092e-04
4 1.8588870178327e+04 3.1739158523861e+04 -7.5281947385682e+00 2.4637734923486e-03
5 2.0778410863555e+04 3.1834463646200e+04 -6.2533339645006e-01 2.7939493669032e-03
6 1.9784754726202e+04 3.1895381725189e+04 3.1923499457703e+00 6.4612844707873e-03
7 2.1003531204724e+04 3.1613697135841e+04 -8.1643884662354e+00 2.5662600403978e-03
8 1.7579685052035e+04 3.1733357843887e+04 -1.9840919848431e+01 3.3327184370873e-04
9 1.7936979293211e+04 3.1971880632883e+04 9.3215447596455e+01 1.0019581460421e-03
10 1.7438669199677e+04 3.1601142614805e+04 -2.5275674639935e+01 6.1727334791661e-04
11 1.9370983544665e+04 3.1613606968069e+04 -2.2947371215300e+01 2.7429442890573e-03
12 2.0970997278972e+04 3.1962843598858e+04 -5.0332500531851e+00 1.5037231826399e-03
13 1.8541839735316e+04 3.1612412641563e+04 -3.3367976335272e+01 2.3545973555466e-03
14 1.9716274973122e+04 3.1667284514989e+04 5.1613286087050e-01 2.0587053452650e-03
15 1.9971614784028e+04 3.1535456877545e+04 -1.7582489812969e+02 3.5978213096331e-04
16 1.7385480634314e+04 3.1657452936829e+04 1.6922518616298e+02 2.0350838434566e-03
17 1.8288450083235e+04 3.1315761679140e+04 1.2242478948037e+01 1.9301476745539e-03
18 1.7736843011498e+04 3.1167494702172e+04 1.7945261909342e+02 2.0292805746013e-03
19 1.8157270401119e+04 3.1167566789583e+04 -2.8437886408800e+00 1.9978442910455e-03
20 1.8856758949631e+04 3.1358131265666e+04 -8.9812079910819e-01 2.0202675800611e-03
21 1.8384507538317e+04 3.2043137895056e+04 -2.7963180723818e+00 3.0531947302356e-03
22 1.6811294833283e+04 3.2098787828318e+04 1.1876890650816e+02 3.8644763927566e-04
23 1.6751606622156e+04 3.1961202958126e+04 1.8493337742538e+01 1.4762103291502e-03
24 2.3349747138484e+04 3.1889655285652e+04 2.5307318651238e-01 2.6999164640054e-03
25 2.2203784338543e+04 3.1735742996982e+04 -6.9748650812198e+00 2.4360503514460e-03
26 1.8173838671328e+04 3.1531625030796e+04 3.7416168146916e+00 2.7242448473611e-03
27 1.9471308327407e+04 3.1526760047293e+04 -1.4816650376709e+01 2.5215608269825e-03
28 1.9958740600301e+04 3.1789543176506e+04 4.2677112686028e-01 7.1128275584627e-04
29 1.4756531508633e+04 3.2382879019876e+04 3.7997578461299e+00 1.2335217496674e-03
30 1.7102348123271e+04 3.2456066772552e+04 1.6557478306468e+02 2.8612372782395e-03
31 1.7080601283545e+04 3.2624256798218e+04 1.5219330754892e+01 1.2471702925474e-03
32 1.6358324648616e+04 3.2432093658774e+04 4.5561301911225e+00 3.5973526003978e-03
33 1.7424541958054e+04 3.2287115876521e+04 -4.4211560132543e+00 3.4550291381803e-03
34 1.8588982544515e+04 3.2405208230469e+04 3.2217419692181e+00 6.7442029662194e-03
35 1.7266089740692e+04 3.2701438024743e+04 1.7368613612941e+02 1.2163943329965e-03
36 1.5332854990311e+04 3.2768922795775e+04 -1.6770861619934e+02 3.1423194487798e-04
37 1.8082650529865e+04 3.2890646540040e+04 2.4599263167575e+01 3.1537594148824e-03
38 1.7238859754336e+04 3.2547041169622e+04 -3.4578607055016e+01 2.2580190130432e-03
39 1.8656464859310e+04 3.2542587362299e+04 -2.8098500230728e+00 9.2479360052001e-04
40 2.0784142666630e+04 3.2386541814067e+04 -2.6443078183220e+01 1.8384964865376e-03
41 2.1990428251570e+04 3.2326021649164e+04 -8.3657832501994e+00 3.2649807796959e-03
42 2.0487226901271e+04 3.2479077685780e+04 2.1150753705194e+00 4.3183118745042e-03
43 2.1226895371437e+04 3.2422541835011e+04 -7.0597915042822e+00 3.3696372725641e-03
44 1.8096241208365e+04 3.2478007529505e+04 -2.1395038702075e+01 1.0906326997195e-03
45 2.3235348124608e+04 3.1487379623516e+04 -5.7471034488742e+01 6.5042742616855e-04
46 2.2748555278371e+04 3.2021848349985e+04 1.4784768709299e+02 2.5002212473601e-03
47 1.9590089709174e+04 3.1663031608137e+04 5.5287068718155e+00 2.7226250658200e-03
48 1.9352218654322e+04 3.1496231145040e+04 -1.4395974475150e+01 2.0278185668343e-03
49 2.1180484215146e+04 3.1650740742362e+04 1.6116929843491e+02 2.4738800593497e-03
50 2.2346285965057e+04 3.1624335864157e+04 -6.8757776513388e+00 9.5852913172413e-04
51 1.9490051109987e+04 3.1752636474756e+04 -1.0612255615818e+01 2.8659678090312e-03
52 1.7379947090738e+04 3.1809602619809e+04 8.3513995782001e-01 2.0555275362847e-03
53 1.7971517705877e+04 3.1930850139911e+04 7.1797699523784e+00 3.0020232518921e-03
54 1.8147103692015e+04 3.1810187926954e+04 -6.2614689891161e+00 2.1302017328090e-03
55 1.8504286528707e+04 3.1363946718982e+04 3.0483554835515e+01 1.9397581624792e-03
56 1.6889247207318e+04 3.0780372028215e+04 -4.1434211327587e+00 1.1990537788054e-03
57 1.6106412271962e+04 3.0767021631263e+04 -9.3353897999670e+00 1.1296245168590e-03
58 2.0874381555284e+04 3.1887916813766e+04 -4.1720365618968e+01 3.0186880209443e-03
59 2.0961597168577e+04 3.1718001488818e+04 -1.2947134886103e+01 2.7421530664487e-03
60 2.0838687630596e+04 3.2198035504447e+04 1.8753063813157e+01 3.3074962341299e-03
61 2.1988267770587e+04 3.2140857493443e+04 -1.7836424540190e+02 3.2629273964137e-03
62 2.2068692563718e+04 3.2379914004331e+04 2.2916249403992e+01 3.4309367058581e-03
63 2.0183019074854e+04 3.2208578568937e+04 1.2866713802924e+01 5.5333983804648e-04
64 1.8952967953416e+04 3.1915270833844e+04 -5.5915433063322e+00 2.9781775621074e-03
65 1.6735508585222e+04 3.1904969175567e+04 -1.7015086865801e+02 9.4412754713743e-04
66 2.1073421467302e+04 3.1787048097612e+04 -1.2159312089562e+02 2.8476190431368e-03
67 1.7580156382830e+04 3.2141635433966e+04 -3.4794863019923e+00 1.2237342424072e-03
68 1.7687294456671e+04 3.2322022605489e+04 -1.7165975751549e+02 5.0539445621677e-04
69 1.5650241861016e+04 3.1915834856387e+04 -1.2204820258943e+01 2.2811663455790e-03
70 1.9011486504124e+04 3.2008014443581e+04 8.6956946280054e+00 5.9682518411603e-04
71 2.0364793269519e+04 3.2246051233170e+04 1.8670960181691e+01 3.8803427949054e-04
72 2.0196639645131e+04 3.2115513737188e+04 2.3270325320021e+01 3.5233658665643e-04
73 2.2047016843659e+04 3.2393511112706e+04 1.2745228986560e+02 3.3333485200119e-03
74 2.3321383154500e+04 3.1984854509247e+04 -1.1933183567260e+02 1.7793926277534e-03
75 2.1373598125444e+04 3.1951023241741e+04 -3.6246312201778e+01 1.9290301735581e-03
76 1.7559116582296e+04 3.2130945682900e+04 -9.6560674161773e+00 3.0584387580534e-03
77 1.9125496991485e+04 3.2220189815041e+04 6.1657688716866e+00 2.6224417308564e-03
78 1.8756315572881e+04 3.1973834296421e+04 1.7107280906192e+02 1.5177848328804e-03
79 1.9552492160726e+04 3.2071059708498e+04 3.1888359976195e+01 3.2539191950211e-03
80 2.0426327154083e+04 3.2046500374979e+04 -1.7502087465796e+00 1.9113665860192e-03
81 2.6261242930298e+04 3.0821421098326e+04 -2.8517528069749e+00 7.1086932552233e-04
82 2.2711529733445e+04 3.1236110808506e+04 -1.1944902132691e+02 1.5363604453914e-03
83 2.6613525747873e+04 3.1368880753462e+04 -1.1814736374124e+01 1.1812734110666e-03
84 2.1333707766926e+04 3.1273325177259e+04 -1.6979822893609e+02 5.2213464838425e-04
85 1.8898792389700e+04 3.1067764537191e+04 -3.3860467555588e+01 6.4307734508123e-04
86 2.8076168604897e+04 3.2385718737319e+04 2.7440298997680e+00 5.9767467322332e-03
87 2.2894542928102e+04 3.2297236510312e+04 2.6531689643304e+01 3.0411247795757e-03
88 1.5455379964217e+04 3.1270802950521e+04 -3.4680850770374e+00 1.7922799471195e-03
89 1.1164145108345e+04 3.1150436401517e+04 -2.8665885604223e+01 3.3622856566691e-04
90 1.7775399887071e+04 3.1492199467480e+04 8.8550312072254e+00 2.3806048961195e-03
91 1.6498690808889e+04 3.1880417657856e+04 1.6097963742879e+02 3.3127222282164e-03
92 1.6111074910238e+04 3.1800166044278e+04 -9.9041148594131e+00 2.5528369291312e-03
93 1.9584312457061e+04 3.1730651401399e+04 -8.1187079558033e-01 2.5861922361923e-03
94 1.8831289243450e+04 3.1597204445903e+04 -4.5232078654090e+00 2.6729613672336e-03
95 1.8298843704047e+04 3.1428524864805e+04 -1.5234411590653e+01 2.3309506271033e-03
96 1.8353353995862e+04 3.1526600042842e+04 -1.1102187604917e+01 2.2792062934769e-03
97 2.0168564621292e+04 3.1170950002970e+04 -1.1560429159614e+01 1.4652591739042e-03
98 1.9402309792902e+04 3.1197873506801e+04 -1.7233781183707e+01 4.0676654814669e-04
99 2.0368835590365e+04 3.1075246491201e+04 2.6701559400163e-01 1.4896400867768e-03
100 1.8844715701116e+04 3.1378887549758e+04 -1.0385958535964e+01 2.2889443389648e-03
101 2.1145094344895e+04 3.1248530899597e+04 -1.4455132757597e+01 7.6997160532408e-04
102 1.7630210738414e+04 3.2146207629326e+04 -3.6722565918223e+00 5.6788647624778e-04
103 2.0497206332962e+04 3.1028056188990e+04 -6.9066580472126e+00 1.5421078898381e-03
104 1.6907293244821e+04 3.1256784466453e+04 -5.9792991933088e+00 3.6658756534796e-04
105 1.7265951593851e+04 3.1772607680822e+04 -3.9740976694986e+01 6.9449614986866e-04
106 2.3487772351837e+04 3.1678907319117e+04 9.5686034885527e-01 1.6689688790601e-03
107 2.2864573311544e+04 3.1509584304459e+04 -2.1449073276208e+01 1.4356862956664e-03
108 2.3389705486577e+04 3.1906856985045e+04 -1.6107496765821e+02 2.8078417567387e-03
109 2.3762706367368e+04 3.1996915518801e+04 -2.1914269461310e-01 2.6683679020154e-03
110 2.4159547098454e+04 3.1822648412841e+04 -4.1184874312063e+00 2.4237379533262e-03
111 2.0819880710678e+04 3.1348800848372e+04 -1.5449563624915e+02 7.3892123359743e-04
112 2.5990204150258e+04 3.1805453098863e+04 -3.5975787968719e+00 4.1728313797466e-04
113 2.0216565854619e+04 3.1686289560433e+04 -4.3785030709594e+00 2.2908620146909e-03
114 2.0262724038404e+04 3.1345659794715e+04 -2.6204717617073e+01 1.7821335871716e-03
115 2.0897809083995e+04 3.1672139491933e+04 9.5730468565349e+00 2.6494230231995e-03
116 1.6496954816567e+04 3.0449625951399e+04 -5.1032116662604e+00 1.0135802865714e-03
117 1.9155257936587e+04 3.0914215492696e+04 -1.7809874888370e+01 1.4873286317308e-03
118 1.7051357358210e+04 3.1157789406529e+04 -2.9534332388202e-01 1.9860948238987e-03
119 2.0730089916017e+04 3.1308757341130e+04 -3.8161461027944e+01 1.8218033549146e-03
120 1.5564837093392e+04 3.1230883033197e+04 1.2310998495072e+00 1.3375282972892e-03
121 1.8125657043193e+04 3.1220038310008e+04 -6.2975787381306e+01 7.3421730099665e-04
122 1.6451487767730e+04 3.1100681208274e+04 -7.2657455782184e+01 1.1591965177350e-03
123 1.6147708129766e+04 3.1038607326033e+04 -1.1243845555015e+01 8.9060623590577e-04
124 1.6587170274069e+04 3.1397335851470e+04 1.3766786177393e+02 2.6005933031280e-03
125 1.6514712549616e+04 3.1238324042060e+04 -6.1049775508916e+00 2.3162805030828e-03
126 1.4973367379209e+04 3.2070007524945e+04 1.2774571538914e+01 1.1851856110432e-03
127 1.6090380907989e+04 3.2019428967838e+04 3.5369431080434e+00 2.0590816419871e-03
128 1.6211462123068e+04 3.1805177868783e+04 -1.4030708819558e+00 2.6232688688162e-03
129 1.4459794370423e+04 3.1653633505397e+04 -1.3781063260606e+01 1.6040709644093e-03
130 2.0595560077387e+04 3.2021085553392e+04 -1.4038343392330e+00 1.6575209235917e-03
131 1.8015277031252e+04 3.2078569984990e+04 1.1857965807665e+02 2.2380363825260e-03
132 2.0696620820530e+04 3.2149076036770e+04 7.2329244091936e+01 6.6422588547782e-04
133 1.1474478533035e+04 3.0961169996120e+04 1.4739415457110e+02 5.9731386670293e-04
134 1.4299456635054e+04 3.1480153260158e+04 -1.4027502691405e+00 2.3735197578302e-03
135 1.5341620710789e+04 3.2048060122555e+04 -1.1890530028591e+00 3.4530360128467e-03
136 1.4880236958601e+04 3.2101396316251e+04 8.4553954809513e+00 2.7337073700403e-03
137 1.6067651019095e+04 3.2054221703910e+04 5.6215175900784e-01 3.3683572576710e-03
138 1.5908069441802e+04 3.1741965747258e+04 -2.9678240119377e+01 3.1621513176538e-03
139 1.4395286433016e+04 3.1908183034217e+04 -4.5723502013997e+00 1.2826141480150e-03
140 1.7100057896992e+04 3.2029796572022e+04 1.8378579671668e+00 2.5167042035189e-03
141 1.6377013810789e+04 3.1965987060563e+04 2.2830930469330e-01 2.5751364775905e-03
142 2.0360230629018e+04 3.1448195744845e+04 -3.7351445695121e+01 6.5177447784751e-04
143 1.8824833159201e+04 3.1867278734236e+04 6.5472547611918e-01 3.1396473456645e-03
144 2.0371482950267e+04 3.1565554076360e+04 -1.3539033070104e+01 1.9620062140949e-03
145 1.9366933466723e+04 3.1722826548837e+04 -1.0630523597150e+01 2.9100963710776e-03
146 1.8756866388344e+04 3.1781272471165e+04 4.4159045489182e+00 1.6656806183941e-03
147 1.8310731786211e+04 3.1872774896174e+04 1.1939528490620e+01 2.8776942189854e-03
148 1.8404443833313e+04 3.1935672755879e+04 3.0427348549753e+01 2.4580346883842e-03
149 1.5367797188425e+04 3.1785445676745e+04 -1.3151696931938e+01 3.4810761550066e-04
150 1.8683685518958e+04 3.1109372991518e+04 1.2828021066967e+02 1.8710483449363e-03
151 2.1010389340254e+04 3.1355504376747e+04 -1.5958900942547e+01 1.2546633672119e-03
152 2.0987650238613e+04 3.1169731159671e+04 -1.0143831046870e+01 1.2044116467481e-03
153 2.0543965014164e+04 3.1651361069417e+04 -5.7335475674167e+01 5.2872066373720e-04
154 2.1381785202430e+04 3.2070489423576e+04 2.3592508301772e+01 2.6506964601445e-03
155 2.2697329359504e+04 3.1909974604621e+04 -1.2621261322633e+01 1.0504221238834e-03
156 2.1742469309960e+04 3.1842211135633e+04 -8.4975664995448e+00 2.8325854640148e-03
157 1.9531199989152e+04 3.2233043955283e+04 4.2283241179605e+01 2.8363841425748e-03
158 1.8497266580747e+04 3.1611076440034e+04 7.5044693018741e+01 2.2038775192804e-03
159 1.7507225290004e+04 3.1375309675198e+04 2.4593928071738e+00 2.4380394513948e-03
160 1.6631446810628e+04 3.1262268526509e+04 -3.2874143861698e+00 7.6785681103810e-04
161 1.4681155071598e+04 3.1548877249182e+04 -5.8723291942052e+00 2.1182684705724e-03
162 2.0471867920272e+04 3.1498680543301e+04 -1.3421899672203e+01 2.2610766882555e-03
163 2.1050774101392e+04 3.1808431701615e+04 3.6678643091310e+00 2.0168124267904e-03
164 1.8128418741066e+04 3.1853201308215e+04 2.0277937093165e+01 2.7640528268725e-03
165 1.7428697033527e+04 3.1520626301112e+04 7.4163137699863e-01 2.4722302427755e-03
166 1.5719110546374e+04 3.1596532317696e+04 2.0689413250115e+00 3.5374028408081e-03
167 1.6091239160414e+04 3.1536585428887e+04 1.6717654618651e+02 3.3278070557750e-04
168 1.6140921014141e+04 3.1486254175176e+04 1.5495902095568e+02 1.3937780882979e-03
169 1.8405772104515e+04 3.1182781214565e+04 2.0076052941493e+01 2.0245900953278e-03
170 1.6205263709134e+04 3.1639439268587e+04 -7.6054951043702e+00 1.4355594398944e-03
171 1.7823238171065e+04 3.1454630763960e+04 -1.5490680383305e+01 2.5961906142727e-03
172 1.7118330465030e+04 3.1480786905574e+04 -8.1373133190584e-01 9.6940491261345e-04
173 1.8095281871591e+04 3.1531490574645e+04 -1.5316776106736e+01 1.4006249701453e-03
174 1.9860820859984e+04 3.1089986426580e+04 -6.4949173194749e+00 1.0806067016053e-03
175 1.6854397740386e+04 3.0993097559354e+04 -3.2955914471937e+00 5.1262827619558e-04
176 2.1867939418887e+04 3.1576942198223e+04 1.1329149879412e+02 2.1447383456604e-03
177 1.4759035672653e+04 3.2256246082989e+04 1.5835184247317e+02 2.6319169656062e-03
178 1.4433266904625e+04 3.2178140860577e+04 -1.7190104448519e+02 3.3357862987470e-03
179 1.8830105153759e+04 3.1117945177200e+04 -1.8131235042626e+01 1.8702845636160e-03
180 1.4686864538953e+04 3.1380298548839e+04 1.7795695611747e+02 2.8386642990139e-03
181 1.5286596642965e+04 3.1237254807570e+04 -1.2034764475213e+01 1.0287410387301e-03
182 1.7808385889832e+04 3.1422482155280e+04 8.6394717826570e+00 2.2132114520812e-03
183 2.0592811946623e+04 3.2045350436626e+04 9.6081641469771e+00 3.2240731517986e-03
184 1.7016601556318e+04 3.1801860329449e+04 1.9176859990591e+00 2.9968867619228e-03
185 2.1319289815746e+04 3.1714168754480e+04 1.9963497406720e+01 1.4062727056691e-03
186 1.6427571688037e+04 3.1576142907993e+04 -5.7684065756703e+01 5.0753015602295e-04
187 1.6628247413310e+04 3.1471520612798e+04 -9.9187988423963e+01 7.7253890318724e-04
188 1.5929611340179e+04 3.0852978472877e+04 -3.9278317414705e+01 1.6646275196840e-03
189 1.9104709148424e+04 3.1566338572277e+04 -3.0936322021935e+01 9.0174605026397e-04
190 2.0548030242422e+04 3.2013384135774e+04 -7.3711964083129e+00 1.4556983118314e-03
191 2.1069589729920e+04 3.1977215720442e+04 -3.6466769428844e+01 3.1109048390984e-03
192 2.0598284625161e+04 3.1008843668786e+04 -2.6076544682884e+01 8.8083074803913e-04
193 1.9147123293408e+04 3.1160837534677e+04 1.7411622968717e+02 1.1931033949950e-03
194 1.7104484673095e+04 3.1326131232419e+04 -3.0756755744242e+00 2.1519806521526e-03
195 2.0510837204634e+04 3.1544455989978e+04 -2.8763113472487e+01 4.2013650139410e-04
196 1.9849005099978e+04 3.1737066509586e+04 1.4567426701389e+02 1.5196942701100e-03
197 1.5500388316270e+04 3.1459636415167e+04 1.7822065910449e+02 3.5744198032416e-03
198 1.4413978478923e+04 3.1439848173411e+04 6.7204187561335e+00 1.0490357149195e-03
199 1.4500875590603e+04 3.1518134345477e+04 -7.3776481853580e+01 2.8921029801931e-03
200 1.5082605269088e+04 3.1606011782819e+04 -7.0738352947154e+00 2.7558371479973e-03
201 1.2884201568060e+04 3.1141995032044e+04 -2.5124906518610e+01 6.9193502107678e-04
202 2.6748206198917e+04 3.1595328838955e+04 1.0349678520165e+00 1.5167337192785e-03
203 2.5013396946232e+04 3.1474918368466e+04 -1.8569416264129e+00 1.5173343194578e-03
204 2.4947748020784e+04 3.1849660089671e+04 -1.7403510486864e+02 1.4446144801799e-03
205 2.3861284823378e+04 3.1626807914153e+04 -9.9959506229290e+00 2.2530821230765e-03
206 1.8327924768972e+04 3.1904808024874e+04 -2.6265068070701e+00 2.9606875700802e-03
207 1.9715530262831e+04 3.1933139569985e+04 -1.8162658165715e+01 3.5848912470869e-04
208 2.1774363575570e+04 3.1872922365799e+04 3.2742043820442e+01 1.3730096190020e-03
209 1.7652872717076e+04 3.1932840528616e+04 1.0653356416033e+02 2.9490561744898e-03
210 1.8886638272748e+04 3.2241380925683e+04 6.4085852455400e+01 7.0274129353195e-04
211 1.8125286850407e+04 3.1821495990614e+04 -1.6522435315173e+02 3.1715154255221e-03
212 1.5268569401733e+04 3.1842077674570e+04 -2.1588820664071e+00 3.9952929997499e-04
213 2.0712782972736e+04 3.1658336331925e+04 -3.0971693277813e+00 1.8902987793728e-03
214 2.1409457432392e+04 3.1719444058878e+04 -1.2905085521470e+01 2.6850935942301e-03
215 2.0394589558854e+04 3.1916750723733e+04 1.3099188246948e+02 2.7917510076422e-03
216 2.0084151767073e+04 3.1912685010369e+04 -2.4459729220361e+00 3.0102724508422e-03
217 2.1351903902823e+04 3.1715678801742e+04 1.7927978107179e+02 2.5516842611946e-03
218 2.0324333299053e+04 3.2065372112398e+04 -1.7311512783315e+02 5.5354624506814e-04
219 1.7323157361071e+04 3.2051692778508e+04 2.2130629144806e+00 2.2199349896523e-03
220 2.0083244171573e+04 3.1926131985201e+04 -2.1034192012140e+01 2.1080699395652e-03
221 2.1500425982978e+04 3.1844962611361e+04 -1.3809864713066e+01 2.7404020136377e-03
222 2.0578845457173e+04 3.2017547025896e+04 1.0455476237339e+01 2.0995960100059e-03
223 2.2206224350479e+04 3.1722605384580e+04 -6.7489951442990e+00 2.4198648230187e-03
224 1.6569719537584e+04 3.1683598464858e+04 -1.0179918550028e+02 3.1196388524946e-03
225 1.9554096959948e+04 3.1903765842928e+04 -2.5329379591454e-01 2.7122407946570e-03
226 2.0401540839108e+04 3.1402778384275e+04 2.9941106430568e+00 5.1204855723006e-03
227 2.0222523620982e+04 3.1684857080178e+04 1.6615802147332e+02 4.4580961140430e-04
228 1.4747146995013e+04 3.1519068513164e+04 4.2939849181029e+01 3.0466569803569e-03
229 1.7164930432079e+04 3.1507204176000e+04 5.0475227283249e+00 2.4109691028840e-03
230 1.9163874109123e+04 3.1517101157414e+04 4.0818412995999e+01 1.3122234804225e-03
231 1.7737960554504e+04 3.0692104388378e+04 -4.0494763646918e+00 1.0901831889577e-03
232 1.9770741602400e+04 3.0787091399004e+04 -8.6946822813192e+01 1.1492815473650e-03
233 1.6308370853146e+04 3.1132432007678e+04 9.3366468955310e+00 4.7185313688585e-04
234 2.1085746914706e+04 3.2908442869154e+04 1.5113320969421e+02 2.8563281212485e-03
235 2.0566659086302e+04 3.2602730909666e+04 -1.5028960752488e+02 2.7303172431182e-03
236 1.4967061733382e+04 3.2611166593406e+04 -1.7052631255870e+02 2.3406263304158e-03
237 1.8635403248005e+04 3.2744296558389e+04 2.8510835259873e+01 2.9849413780294e-03
238 2.0085049314027e+04 3.2511944525768e+04 1.0287143509221e+02 1.6618963661676e-03
239 1.9851163799525e+04 3.2506306119919e+04 -1.3227368885202e+01 3.4540587697349e-03
240 1.9009242427535e+04 3.2441891710350e+04 -5.5469386638360e+01 2.2887682995029e-03
241 1.9901750929382e+04 3.2492527564407e+04 1.0034401856982e+01 3.4550291381803e-03
242 1.6350210934642e+04 3.2374468924282e+04 8.5809113919373e+00 8.2355822610342e-04
243 1.8425745989795e+04 3.1256736636718e+04 8.0043489101417e+00 1.2009293581352e-03
244 1.9136367999092e+04 3.1050573124932e+04 -3.5772745539062e+01 1.7272510625034e-03
245 1.9663589784493e+04 3.0751229829660e+04 -2.5387988334444e+01 7.0991914341559e-04
246 1.7104666020994e+04 3.0993823175831e+04 -6.8223841542560e+00 1.8268304948889e-03
247 1.6267609977187e+04 3.1693041087478e+04 1.2038091790507e+02 4.9325977088394e-04
248 2.3676180305747e+04 3.1233954115490e+04 -2.7755775398143e+00 1.5103176831288e-03
249 2.6997530625028e+04 3.0938641747108e+04 -3.0483353367403e+01 8.3526588813200e-04
250 1.5859908973770e+04 3.1270097218748e+04 1.7480922963810e+02 2.3986386377565e-03
251 1.6049604551453e+04 3.1093585404428e+04 -2.9097171597604e+01 1.4477334977014e-03
252 1.4567445756048e+04 3.1277106506546e+04 -7.5564358249078e+00 2.4539680391540e-03
253 1.5444025311823e+04 3.1565556386790e+04 3.7238707194758e+01 2.7741048039507e-03
254 1.5577447407549e+04 3.1322322423128e+04 7.8644543417936e+00 1.4105764697088e-03
255 1.3607452419908e+04 3.1429023188939e+04 1.0759905864081e+00 8.9953622822015e-04
256 1.8820501964900e+04 3.2127512661679e+04 5.7299048987523e+00 3.4077705515331e-03
257 1.7970343695806e+04 3.2018499563206e+04 3.2326024274390e-01 3.2418775277695e-03
258 1.9754908411662e+04 3.1830788813702e+04 -1.1091512206533e+02 2.8499407647538e-03
259 1.8087777094310e+04 3.1912974866601e+04 -9.6520682274123e+00 2.4520037118966e-03
260 1.6389099475787e+04 3.2138694841059e+04 3.7776384978996e+00 5.2047934165861e-03
261 1.6661593333294e+04 3.1311420661156e+04 -6.1829909724225e+00 2.4516976623618e-03
262 1.9861380790942e+04 3.1466867886324e+04 1.0136512248480e+01 1.7038867637987e-03
263 1.4666238775941e+04 3.0671334153198e+04 -3.8218886185744e+00 1.5417891895202e-03
264 1.6362422750535e+04 3.0955848876057e+04 5.7511207318647e+00 1.4592760891962e-03
265 1.6903852934729e+04 3.0766495861821e+04 -1.4064305981744e+01 1.4752997194345e-03
266 1.5438866850379e+04 3.0830283623923e+04 -1.7239338083611e+02 1.3454909039060e-03
267 1.8430458841728e+04 3.1253780549392e+04 2.3876678616506e+01 2.1491848483122e-03
268 1.7201785183165e+04 3.1220017041962e+04 -1.7807121073918e+02 2.2008328322148e-03
269 2.1487515652957e+04 3.1176418768162e+04 -1.5258905230956e+01 1.4495074189469e-03
270 1.7983116264593e+04 3.1106470345136e+04 -9.3363626103438e+01 1.4805897382213e-03
271 1.9526472987691e+04 3.1204503763271e+04 5.3748831070685e+01 1.3340512152520e-03
272 1.9073629982129e+04 3.1156650965884e+04 -1.0345075762370e+01 1.8029745030651e-03
273 1.8111482593428e+04 3.1220614661558e+04 1.7015394498690e+02 7.8517509239166e-04
274 1.9277386409869e+04 3.1069435155757e+04 1.4120540580412e+02 4.9075904691446e-04
275 2.1016815066130e+04 3.1649471270038e+04 -7.5678606339472e+00 1.7275428719566e-03
276 2.1738878204936e+04 3.1534794301413e+04 -1.7838121760372e+02 2.2244117985883e-03
277 1.9753668771432e+04 3.1796505282194e+04 -1.7538306423418e+00 2.1637783091030e-03
278 2.1343395384793e+04 3.1688845712581e+04 -1.3036860864454e+01 1.9184833256327e-03
279 1.6214647204512e+04 3.1450966571222e+04 3.1054790140447e+00 2.0350908153132e-03
280 1.8572992238524e+04 3.1185709108206e+04 -4.9578284407532e-01 2.0285482644730e-03
281 1.8396380954497e+04 3.1493844863611e+04 1.3241089834480e+02 1.2136341304221e-03
282 1.6915939171715e+04 3.1391081802570e+04 9.2820337749729e+00 1.3058930504874e-03
283 1.8070843689415e+04 3.1358613570231e+04 2.1572753380759e+01 2.1449572807963e-03
284 2.0931393764080e+04 3.1682317540190e+04 -1.0646645370710e+00 2.5914442832041e-03
285 1.8695295074042e+04 3.1508317605304e+04 -7.9368377821586e+00 2.6055829726572e-03
286 1.6996174187829e+04 3.1721727527588e+04 1.2652931559411e+01 2.9794644367238e-03
287 2.1409762275523e+04 3.1909329151874e+04 -8.3701100772207e+00 2.5392383283828e-03
288 2.2102549374126e+04 3.1964467586523e+04 5.0068268883450e+01 2.9516971147309e-03
289 2.1116572372009e+04 3.1331359924673e+04 9.9637539873322e+01 9.4659938829911e-04
290 1.9880370473103e+04 3.1454882269538e+04 1.1788168902457e+02 1.5165321614739e-03
291 2.0719088603018e+04 3.1430937318027e+04 7.8890777452899e+00 1.9467562321762e-03
292 1.6327503911489e+04 3.1540852206496e+04 1.8789601303905e-01 2.8558143661850e-03
293 1.5219990027516e+04 3.1548529391390e+04 -2.6393085526834e-01 2.7250902765632e-03
294 1.3790522625180e+04 3.1894012489324e+04 4.7005165140269e+01 2.5328238257204e-03
295 1.3227366241614e+04 3.1455312701454e+04 -2.8232612261275e+00 7.3935837470796e-04
296 1.4610448457397e+04 3.2137293748654e+04 2.6195386413887e+01 1.4023363615509e-03
297 1.6794185530861e+04 3.1950840267262e+04 6.9976734650069e+00 3.2179322385648e-03
298 1.6130580366350e+04 3.1688278913607e+04 -1.5733051891813e+01 2.8439025122058e-03
299 1.7435696715916e+04 3.1733105589001e+04 -1.5848056089772e+02 3.1116127834863e-03
300 1.4698500899417e+04 3.0399440043601e+04 1.4500222914563e+02 8.3480032804050e-04
301 2.0133978384369e+04 3.0744013253559e+04 1.2667332163644e+00 1.1361362103026e-03
302 1.5650193191626e+04 3.2340685733777e+04 2.7168603691275e+01 1.1680657764111e-03
303 1.7997152676990e+04 3.2365472189172e+04 -3.8258640700562e-01 2.9010574182965e-03
304 1.8140200492004e+04 3.2175690723104e+04 -4.4816754915389e+00 1.3492459192954e-03
305 1.6818574303726e+04 3.2072974196645e+04 -4.8792618341269e+01 1.9086726080881e-03
306 1.7530654568264e+04 3.2254542096222e+04 2.0176561064778e+00 2.8860930240414e-03
307 1.8294977759816e+04 3.3087397383403e+04 1.5415923907975e+02 9.3659248622533e-04
308 1.5190714084186e+04 3.1276425606319e+04 -2.8225061377137e-01 1.4349596802581e-03
309 1.7318959076912e+04 3.1488019943155e+04 1.0094999761193e+01 1.4874670534200e-03
310 1.9189641553169e+04 3.0879531197015e+04 -9.5285986499565e+01 1.4107181352049e-03
311 1.1330044480267e+04 3.0822794158252e+04 2.0441825703783e+00 7.1756223194825e-04
312 2.1756201562829e+04 3.1600397889483e+04 -4.7083020442171e+00 2.1743807145213e-03
313 2.0572516558176e+04 3.1677696086707e+04 -3.7999941270530e+00 1.9893970796046e-03
314 1.9278039884334e+04 3.1899662267137e+04 1.4658203158020e+02 1.3201091190307e-03
315 1.7098876364505e+04 3.1549249174358e+04 -3.4483100404534e+00 2.4906931005521e-03
316 1.4952113430801e+04 3.1823652332329e+04 -5.6128221999008e+00 2.0545982571163e-03
317 1.5393763069975e+04 3.2015520558934e+04 5.8931301200361e+00 2.0989800220889e-03
318 1.5841265944426e+04 3.1949445683959e+04 -5.8869149863475e+00 2.2039602142414e-03
319 1.6464932584394e+04 3.2062404671021e+04 1.1309698793115e+02 3.4423456491733e-03
320 1.0146961346513e+04 3.1592219737302e+04 -7.8849559402270e+00 4.7079065539310e-04
321 1.7678672056422e+04 3.1989443779832e+04 5.6003724465661e+00 1.5991407693211e-03
322 1.7380902284215e+04 3.1797404237727e+04 -1.3849154921461e+02 2.4273902360205e-03
323 1.9090322703229e+04 3.1669552942338e+04 -4.5592506739524e+01 2.8689570004269e-03
324 1.7439426340271e+04 3.1746592522674e+04 1.1469868631916e+01 3.1206831043682e-03
325 1.5910378164136e+04 3.2113292727571e+04 1.1607314141704e+02 1.5907889172955e-03
326 1.7469358031192e+04 3.1940123331824e+04 6.6447296232856e+00 2.6037365917961e-03
327 1.6239577733884e+04 3.2093840884582e+04 3.3701143986236e+01 2.2749529364490e-03
328 1.7818148365111e+04 3.1248023043937e+04 -6.6612399506834e+00 1.7633531990589e-03
329 1.7580488837665e+04 3.1123681277351e+04 -7.1933092003455e+00 6.2886268629995e-04
330 1.8476829057950e+04 3.1424171739129e+04 2.9434847643908e+00 5.8088989740874e-03
331 1.6834955520283e+04 3.1188418182575e+04 1.9643439749679e+00 2.1504239192501e-03
332 2.8938432815440e+04 3.1702922128127e+04 -1.5115012937868e+00 7.6119211008076e-04
333 2.7558154304449e+04 3.2067208854927e+04 1.5135539261142e+02 2.2926800103576e-03
334 2.0116781018002e+04 3.1486223468908e+04 1.1569346581657e+00 1.6805057856432e-03
335 2.0054727065817e+04 3.1310477194955e+04 -1.5915152817645e+02 7.5480439839321e-04
336 1.9412855249463e+04 3.1987392388514e+04 -1.0005317188034e+01 1.6934797733600e-03
337 1.9640787323711e+04 3.1910230021697e+04 -1.0208655547859e+01 2.7126822484981e-03
338 2.1579317292343e+04 3.2022259062466e+04 6.7987857603239e+00 9.1051673983682e-04
339 2.2806644466248e+04 3.2030390931550e+04 1.7629506251782e+02 3.9175371495069e-03
340 2.3328957267610e+04 3.2225968109064e+04 1.3441818764015e+01 2.6234150789423e-03
341 2.4100965332405e+04 3.2123985870057e+04 6.1933794192239e+01 7.1139923256810e-04
342 2.2488001531924e+04 3.1753452495732e+04 -1.6457009628466e+01 2.6377684892595e-03
343 2.4456368953302e+04 3.1788008739004e+04 -1.0237720254358e+01 2.3225224611269e-03
344 2.5040769873938e+04 3.2003111459872e+04 1.6570003377209e+02 1.8094625100811e-03
345 2.4272144640321e+04 3.2395934519852e+04 1.1006148020583e+02 2.9034612380802e-03
346 2.7456101103268e+04 3.1796926611224e+04 -2.0137278609418e+01 2.1190284832086e-03
347 1.9868652951772e+04 3.1673000961316e+04 1.9112576303482e+00 2.2368772150449e-03
348 1.8747832284261e+04 3.1683631117174e+04 1.8766318658155e+01 2.9003822753909e-03
349 1.8463348822488e+04 3.1597914048402e+04 -2.3646328145051e-01 1.2179577783330e-03
350 2.2626721090519e+04 3.1768632570232e+04 -5.5242100114507e+00 1.4750524992806e-03
351 2.0437363364137e+04 3.1606419441918e+04 -3.6017701491070e+01 2.0002779354417e-03
352 2.1730659134223e+04 3.1915896163005e+04 2.0497461463278e+01 2.9897505370033e-03
353 2.1275399064249e+04 3.1580592875126e+04 -1.5123093850552e+01 1.5836955050532e-03
354 1.8103704869718e+04 3.1093764439455e+04 1.0477261656835e+02 1.9224873730660e-03
355 1.9776114860651e+04 3.0803540284421e+04 -8.0524963019369e+00 8.1652339659214e-04
356 1.7351418643861e+04 3.1185720154392e+04 -8.5105554145015e+00 1.3806195381183e-03
357 2.2124507889812e+04 3.1239116185816e+04 -4.1129415920964e+00 1.6300193176857e-03
358 1.9526417939652e+04 3.1356406383407e+04 -1.0742613779221e+02 8.9768327469341e-04
359 1.5940698496194e+04 3.1428698052624e+04 -1.6508646043699e+02 2.7687096660098e-03
360 1.7346614076675e+04 3.1540971143884e+04 1.9849665984414e+01 1.6830429262533e-03
361 1.5230754318150e+04 3.2124621007496e+04 1.3277571570489e+02 3.1504813675008e-04
362 1.5827442637360e+04 3.1874974390617e+04 -4.2758207585791e+01 1.1379405939988e-03
363 1.8025000497336e+04 3.2155525185757e+04 7.1451594333119e+00 2.6733274797457e-03
364 1.5821916934213e+04 3.1954634531268e+04 -1.2789389652239e+01 1.5092308061139e-03
365 1.8759967187163e+04 3.1822833189546e+04 -1.5720926267271e+01 3.1170470406194e-03
366 1.7700207068010e+04 3.1898338769725e+04 -1.7631523842212e+02 9.5740215597416e-04
367 1.7255063562569e+04 3.1957897072412e+04 -1.5457709258541e+01 3.3641906476084e-03
368 1.7312046347982e+04 3.1891639032375e+04 1.7993742986409e+02 3.2085483443385e-03
369 1.5944145882947e+04 3.2101329808590e+04 2.4458480414166e+01 3.4554305198505e-04
370 1.8369211332535e+04 3.2021847529113e+04 2.6324891692866e+00 6.0627676075683e-03
371 1.7422445357683e+04 3.2076249853333e+04 1.2447607688472e+01 2.9505985605956e-03
372 1.7830601006379e+04 3.1938900157310e+04 -4.7326864446661e+01 3.2866064601065e-03
373 1.5652633936676e+04 3.2237076633498e+04 7.3261481120568e+01 3.4417497138160e-03
374 1.4449055630407e+04 3.1951694218966e+04 4.3048387359311e-02 1.5151233500933e-03
375 2.2759876351151e+04 3.2202781492124e+04 -1.6208988784300e+01 3.2153852680007e-03
376 2.2517875320228e+04 3.1109489273284e+04 3.7132952307317e+00 2.6614908830923e-03
377 1.9640731559567e+04 3.1718441417614e+04 -2.6965863876978e+00 2.8580536771584e-03
378 2.1702415227267e+04 3.1814370577504e+04 4.1789729166526e+00 3.0830755039332e-03
379 2.4813343848483e+04 3.1410656577786e+04 6.5400323828881e+00 1.7220579273574e-03
380 1.9715551134882e+04 3.1624118680921e+04 -2.6533559831900e+01 9.1398204644271e-04
381 2.0612743406555e+04 3.1907946778185e+04 2.5076796915817e+01 7.0697047551580e-04
382 2.1436299708900e+04 3.1751317253618e+04 -1.2026274719898e+00 2.7073163716278e-03
383 1.7632750204831e+04 3.2140718248851e+04 3.1259483600455e+00 1.3064711002576e-03
384 1.7467480094497e+04 3.2207594242456e+04 -1.6140986620915e+02 3.3873328809650e-03
385 2.4696381436459e+04 3.1731061990260e+04 1.1848545227120e+01 7.2232399468094e-04
386 2.0919101809993e+04 3.1869624494788e+04 -4.3538887508177e+00 2.3775503626886e-03
387 2.4081204725427e+04 3.1825562010440e+04 -1.6502648820701e+02 2.5023881342382e-03
388 2.1636129278606e+04 3.2046266001562e+04 1.2552949550007e+01 2.6020403160397e-03
389 2.6284861537310e+04 3.1915152879659e+04 4.8664339611362e+00 8.3685065645792e-04
390 2.5621359192602e+04 3.1960573878599e+04 3.3570964424675e+01 2.6055894388426e-03
391 2.1701620419032e+04 3.2018964389785e+04 -2.8241534057051e+01 2.8414014688059e-03
392 2.1924185839604e+04 3.1941842651052e+04 1.3287311293858e+02 3.0028571102166e-03
393 2.2553991781779e+04 3.1912511347511e+04 -1.9109158773547e+01 2.9176281980498e-03
394 2.2142704907030e+04 3.2002449175384e+04 -1.2364352248095e+01 2.7320671103002e-03
395 2.0870940312953e+04 3.2149334685720e+04 -5.9239480110141e+00 2.3178917439315e-03
396 2.5460964043235e+04 3.2499363652681e+04 3.1341714658874e+00 6.0498373725638e-03
397 2.3715032438422e+04 3.2326117445963e+04 -1.6890032387613e+01 2.0063575554821e-03
398 2.6872481828360e+04 3.2085039421220e+04 -1.1731656793054e+02 2.4707129331972e-03
399 2.3163244087954e+04 3.2032966071104e+04 -1.8891973212987e+01 1.7349295797929e-03
400 2.3006031062731e+04 3.2175002586546e+04 4.0247970919727e+01 1.0511488869063e-03
401 2.1891900648032e+04 3.2275104208461e+04 -1.1944811776826e+00 3.2233147924821e-03
402 2.1572510894644e+04 3.2394694799250e+04 1.4736956242484e-01 2.2449585287489e-03
403 2.5211598883419e+04 3.2306476148615e+04 -7.2621082741110e+00 2.7899082151909e-03
404 2.5120868328238e+04 3.1646957549775e+04 2.7145196084029e+01 2.1455342340361e-03
405 2.4046947675325e+04 3.2020745478171e+04 7.5613507970941e+00 1.6030220867917e-03
406 2.4525560674743e+04 3.1960748107247e+04 5.9817208052885e+00 2.3334716989532e-03
407 2.1291107781580e+04 3.2384167710930e+04 1.5305623706722e+02 2.1200492656584e-03
408 2.1061100620496e+04 3.1493939937101e+04 1.4559504443267e+02 2.0142078030580e-03
409 1.9736303722540e+04 3.1827599181104e+04 6.7353081883070e+00 2.3691501402671e-03
410 1.8867972937676e+04 3.1591423802763e+04 -3.8625718560260e+01 2.6438049625791e-03
411 1.8831672048509e+04 3.1642994474562e+04 -1.8063281302234e+01 2.7694421625166e-03
412 2.0507487289628e+04 3.1122471853556e+04 -4.1967691705195e+01 1.0202125079891e-03
413 1.5235608008089e+04 3.1585739564996e+04 -1.5746183693847e+02 3.1781656427793e-04
414 1.8185490564415e+04 3.1245413067047e+04 1.7203574902246e+02 7.1569982407091e-04
415 2.0567429362450e+04 3.1312540879536e+04 5.6890288611905e+00 1.7725982627651e-03
416 2.1175908652455e+04 3.1265081744957e+04 -1.7829018665668e+02 1.6988929363492e-03
417 2.0616669305393e+04 3.1370695380725e+04 -6.7238881685207e+00 1.2505203030362e-03
418 1.5491796876859e+04 3.2799889843242e+04 1.4975012851749e+02 1.4466638397291e-03
419 1.8744700133372e+04 3.2662111044638e+04 -2.7888757626010e+00 1.9175517729493e-03
420 1.5468367121223e+04 3.2483547886173e+04 -9.7225886679514e+00 4.0582959163669e-04
421 1.6619771389332e+04 3.2416066914680e+04 -9.5097375264545e+00 3.2259375289246e-03
422 1.8124827934696e+04 3.1720541636928e+04 2.1139043592110e+00 4.4098505566028e-03
423 1.8712745226461e+04 3.1762765319844e+04 2.8773037869891e+00 2.6219132300241e-03
424 2.0535246881809e+04 3.1412377982195e+04 -1.7979201405331e+01 1.0146276459950e-03
425 2.0704339740194e+04 3.1373005034679e+04 -1.3979860216552e+01 1.0162935133242e-03
426 2.2715888303574e+04 3.1366605556821e+04 -4.1262131428708e+01 5.8126932078007e-04
427 1.6078650782807e+04 3.1794825392297e+04 6.3001710300951e+01 3.2304332175102e-03
428 2.0790033841969e+04 3.1476216548171e+04 1.4141261276611e+02 2.0686567103726e-03
429 1.9371155500232e+04 3.1047778406721e+04 -1.4169020745965e+02 1.6981517912112e-03
430 1.7843502862128e+04 3.1176586797797e+04 -8.1231298565364e+00 1.7750229401016e-03
431 2.0353373697447e+04 3.1213336655637e+04 -2.1161160643413e+00 1.8177332650766e-03
432 2.1688552065671e+04 3.1228592062495e+04 -1.1698923779611e+01 9.0164302176624e-04
433 1.7952425227931e+04 3.1515596250972e+04 -6.0986226299347e+00 7.3798067376368e-04
434 1.9661485561817e+04 3.0551435113976e+04 -1.7196129519130e+01 7.7791023512311e-04
435 1.5303014910345e+04 3.1051847378412e+04 4.7203976636512e+00 1.6405501386017e-03
436 1.6657240137677e+04 3.1598069888742e+04 1.0524551352996e+02 1.0279570604885e-03
437 1.5810383330772e+04 3.1591734030324e+04 1.7589468463596e+02 4.0155115009238e-03
438 1.7274448773689e+04 3.1402025100757e+04 -1.4887343793620e+01 2.5509431882114e-03
439 1.6743600555540e+04 3.0930809759039e+04 -5.3649961219046e-01 6.6071473170388e-04
440 1.7171839493447e+04 3.1590568372658e+04 1.3031019579837e+01 2.8511709485341e-03
441 1.3642729711354e+04 3.1641810853291e+04 1.6868013289758e+02 2.6799588321525e-03
442 2.0174973749439e+04 3.1214684901515e+04 2.4674294270050e+00 4.3677439958997e-03
443 1.9923710997852e+04 3.1769905634118e+04 -1.6726121340193e+02 2.2875785163159e-03
444 2.1228998730603e+04 3.1646374724423e+04 -1.7074872712857e+02 2.0557162776010e-03
445 1.5754886176642e+04 3.1887339570547e+04 2.7541319614935e+01 3.1413887549118e-04
446 1.9047987566321e+04 3.1722176459552e+04 -2.2788905383820e+01 2.2755576884435e-03
447 2.2280867980129e+04 3.1887637763438e+04 -1.2448644496167e+01 2.8942502103962e-03
448 1.9744417670755e+04 3.2097431637797e+04 2.6697929709783e+01 2.3206268081331e-03
449 1.9232760990112e+04 3.1869369736129e+04 -1.5902426765157e+02 1.4413229765174e-03
450 2.2593397288220e+04 3.1568455122804e+04 8.1132030565821e+00 2.0979124891107e-03
451 2.2732057093766e+04 3.1429158463292e+04 -2.1830573244472e+01 2.0172092317701e-03
452 1.8585588233950e+04 3.1618229724884e+04 -2.2018700669636e+01 1.8927990491780e-03
453 2.1108293401141e+04 3.1296529691627e+04 -1.2376157752249e+01 1.9307852194138e-03
454 1.6414401333868e+04 3.1349554722822e+04 -2.3538064179045e+01 7.6748877916337e-04
455 2.0676261707452e+04 3.1648789284631e+04 1.3640701016235e+02 1.6641112153195e-03
456 2.1495612281374e+04 3.1463066460803e+04 -4.8236639267977e+00 1.3314483654299e-03
457 2.2220233243617e+04 3.1303813438269e+04 -1.5664294092009e+01 1.8300472170272e-03
458 1.9152969412369e+04 3.1643480151502e+04 1.2956267790248e+01 2.7832399876579e-03
459 1.4587380582654e+04 3.0750699618014e+04 -1.4698641365150e+02 1.4772937994903e-03
460 1.7068145603219e+04 3.0803357230960e+04 -7.7990847892578e+01 8.4964152915634e-04
461 1.4814972865218e+04 3.2383430406734e+04 2.8530977883150e+01 3.2891549685505e-03
462 1.2751106866303e+04 3.1737637318988e+04 -2.5747087304988e+01 3.2095413849497e-04
463 1.7053828202855e+04 3.2242562195209e+04 -1.6301102602042e-01 1.7604121273853e-03
464 1.7332911216741e+04 3.2020593742595e+04 2.4441621600085e+01 3.1560347995144e-03
465 2.3050024850082e+04 3.2343760538296e+04 -4.8919663452805e+01 6.2635412786189e-04
466 2.3704306204246e+04 3.2129883591766e+04 -3.5256347845238e+01 3.0690668968751e-03
467 1.7020682848509e+04 3.2031317719552e+04 -1.0506672044103e+01 3.3400141210054e-04
468 1.8354436302935e+04 3.2118332986733e+04 2.6128152023980e+00 4.1080121649598e-03
469 2.3375038415572e+04 3.2165357265644e+04 -6.8852443921485e+00 2.3460814694425e-03
470 1.9596184514241e+04 3.1769184437799e+04 2.0262162174955e+01 9.2420763106502e-04
471 2.4521349077386e+04 3.1603082936809e+04 -2.9666491150783e+00 2.1176803451917e-03
472 2.2220437933293e+04 3.1394661430383e+04 -5.3639173628856e+00 1.9534349605978e-03
473 2.1787262712096e+04 3.1260677596251e+04 -1.0752665512556e+00 7.6548683091965e-04
474 2.0020615006489e+04 3.1090251436839e+04 -1.9576418439453e+00 1.6317306931596e-03
475 1.9440333016299e+04 3.1497495954251e+04 -9.6507423057315e-01 1.4868298755495e-03
476 1.8979566075739e+04 3.1471937162529e+04 -1.1724773779217e+01 2.4060472489387e-03
477 1.5485488191236e+04 3.1635871661380e+04 -3.1859331000663e+00 2.5809349099957e-03
478 1.9510000277266e+04 3.1814051170138e+04 -2.8217201630135e+01 2.9660448103087e-03
479 1.8843189540966e+04 3.1949071805493e+04 -1.5484903194491e+02 2.4594216198704e-03
480 2.0178717198213e+04 3.1957212743714e+04 -8.4596807253965e+00 2.8328781072550e-03
481 2.4315720629002e+04 3.1823414796198e+04 -1.2459108186034e+01 1.8652630559158e-03
482 1.9113650036549e+04 3.1967051033612e+04 1.0005269659129e+02 2.5899435078625e-03
483 1.8897589903573e+04 3.1773037373911e+04 -2.0053463369788e+01 3.8222453925674e-04
484 2.1060924345570e+04 3.1873881287506e+04 -1.0709184465157e+02 2.7664024423613e-03
485 1.7145498082424e+04 3.1520417978235e+04 -1.1459533733568e+01 3.1658395333096e-04
486 1.8545969493376e+04 3.1480961652124e+04 1.7090382487865e+02 2.2459275923773e-03
487 1.6054258790377e+04 3.1307206658290e+04 1.5651964646270e+02 5.1947005319941e-04
488 1.7525233617177e+04 3.0974632939610e+04 1.7662837637635e+02 1.3852978996247e-03
489 2.2447585906318e+04 3.1613271617702e+04 2.0755789096225e+00 2.1800074683704e-03
490 2.3884201813134e+04 3.1557420020624e+04 2.1243093806831e+00 3.4824308190606e-03
491 2.1035051974731e+04 3.1821533889041e+04 -1.3601198788839e+01 2.7188472119094e-03
492 1.4680526346348e+04 3.1316970506665e+04 1.7121918094162e+02 3.1412464030363e-04
493 1.6197375510303e+04 3.1466974382166e+04 -3.8880946951558e+01 2.7823180145766e-03
494 1.9629610703436e+04 3.1020252540411e+04 -4.6909653561415e+00 1.4546149683320e-03
495 1.7073977128913e+04 3.0863257508162e+04 3.6617888525027e+00 4.9611061950345e-04
496 1.7127561569607e+04 3.0743998743618e+04 4.8398608664183e+00 7.9459719532412e-04
497 1.7780053778183e+04 3.1156535871164e+04 1.3143460554831e+02 2.0622008776789e-03
498 2.1049544619084e+04 3.1362981249352e+04 1.6029449740437e+02 2.0386654495796e-03
499 2.3308282691346e+04 3.0953610299646e+04 -7.7436857378811e+00 6.6840397007154e-04
