0 2.7288412898900e+04 3.2207560517146e+04 6.2629375799915e+01 1.2290860275709e-03
1 2.9074034209863e+04 3.1909894321238e+04 -4.5087678361165e+00 2.0108531139899e-03
2 2.7645507715388e+04 3.2326261082412e+04 9.2042125061729e+01 2.6417525492555e-03
3 2.9178726625099e+04 3.2058257252970e+04 1.3761618213274e+00 2.3025742016015e-03
4 2.8212458981888e+04 3.1600149840071e+04 -2.3590427667874e+01 1.5309481117870e-03
5 2.7971227127078e+04 3.0554251712945e+04 2.6480230361576e+00 3.4442922855470e-04
6 2.4047501462581e+04 3.2587498832090e+04 9.5287160771958e+00 3.1478220153485e-03
7 2.2993604483896e+04 3.2297859539231e+04 -3.1943471178286e+01 3.1371468825357e-03
8 2.4774921685266e+04 3.2247505869178e+04 -6.0492554401254e+00 2.7804558343947e-03
9 2.6109096327953e+04 3.2175026156835e+04 -4.2203242808222e+00 2.4240526893650e-03
10 2.1031910779876e+04 3.1815765536066e+04 2.9522566565923e+01 1.6085035026738e-03
11 2.0272347267014e+04 3.2098931002690e+04 -1.7353873546296e+02 2.5202330903320e-03
12 2.1918098466144e+04 3.2125251195808e+04 -7.9134645793281e+00 3.0259623590795e-03
13 2.2476759976539e+04 3.2524943515619e+04 1.4166069582567e+02 3.1631981268811e-03
14 2.4158779665848e+04 3.1642847968727e+04 2.2072452569836e+00 2.0715047274472e-03
15 2.2512717543459e+04 3.1651573588984e+04 -1.5029890080859e+02 1.4142266580372e-03
16 2.3526199924581e+04 3.1663734835362e+04 -2.5868421135286e+01 2.2094202971720e-03
17 2.1358478411044e+04 3.2486919990941e+04 1.7129340688524e+01 1.2734854725263e-03
18 2.3444572284972e+04 3.3485537283420e+04 2.5735307563431e+00 2.5474790911600e-03
19 2.5155825263518e+04 3.3583748436567e+04 3.0775388149835e+00 2.1218108163867e-03
20 2.4702694326564e+04 3.3353772224314e+04 1.3761656728862e+02 1.3366716289116e-03
21 2.5488656044049e+04 3.2389133862806e+04 -7.8245347317172e+00 1.8527599275746e-03
22 2.7088063265178e+04 3.1948790956814e+04 -2.0570370101422e+01 1.7604264531601e-03
23 2.6139830307131e+04 3.1927603719456e+04 3.2490750025839e+00 2.3989475251788e-03
24 2.6169404015055e+04 3.1651101985230e+04 -1.6298730530936e+02 8.6613096569408e-04
25 3.3270108201499e+04 3.1932573452408e+04 -3.6030584641816e+01 6.6737924181432e-04
26 3.2651174045018e+04 3.2327393751097e+04 -5.1337166030675e+00 2.3289363000155e-03
27 3.1881606184277e+04 3.2326604774468e+04 -1.7792446100234e+02 3.3537222890032e-03
28 3.2108206160033e+04 3.1764448747662e+04 -2.2219266143860e+01 1.1062923819633e-03
29 3.2637140070058e+04 3.2088341348733e+04 2.9495812759899e+01 1.1126790502264e-03
30 3.2124760032571e+04 3.1691150748796e+04 1.1256837914570e+01 1.3337930373565e-03
31 3.3432518710281e+04 3.2237957272332e+04 -1.4430538475403e+02 2.1475224227455e-03
32 3.5127832588816e+04 3.2315622805228e+04 8.4904059195286e-02 1.8306233514695e-03
33 3.4791196219731e+04 3.2432205134738e+04 1.1115567748314e+01 2.3212702248923e-03
34 3.5340659728337e+04 3.1886915472586e+04 -1.3050580839672e+01 1.3553067248162e-03
35 3.4450437145835e+04 3.2007997023016e+04 -2.3212755621392e+01 1.5230908167392e-03
36 3.2484480237388e+04 3.2533282952827e+04 1.7121137059502e+01 2.2468678220167e-03
37 3.3961539100875e+04 3.2979139998750e+04 3.5853186970354e+00 2.6283837629611e-03
38 2.8303927539709e+04 3.2032802102501e+04 1.7147422486536e+02 1.1341340473712e-03
39 2.9506594861517e+04 3.2463199805909e+04 1.5814509798188e+01 2.7510824143382e-03
40 2.9342515344229e+04 3.1921887520349e+04 1.5565839159712e+01 5.5713986673838e-04
41 3.1850022328334e+04 3.2310356273209e+04 -1.9058748316025e+01 2.2861364211386e-03
42 3.1652471697688e+04 3.3197554211672e+04 1.7985229757899e+02 3.2112252793866e-03
43 3.4325413083828e+04 3.2682161719199e+04 -2.9020307824735e+00 5.8717569680922e-04
44 3.3433869368963e+04 3.3078367601437e+04 1.1692455435457e+01 1.3728192038971e-03
45 2.7735139225681e+04 3.2276882046138e+04 -1.9986446536639e+01 7.5965665219911e-04
46 2.9416651952037e+04 3.2521483162750e+04 5.9283471853920e+00 2.9473288199561e-03
47 2.9054715060152e+04 3.2315539688472e+04 -9.6515053442756e+01 1.7719013317960e-03
48 2.8146550837863e+04 3.2910120558693e+04 -1.7232652068805e+01 3.0810120983627e-03
49 2.8814581160978e+04 3.2975211283856e+04 -5.3899369825755e+00 3.0706457359316e-03
50 2.7707418438465e+04 3.1786949003957e+04 -4.7803947750761e+01 7.4447562788224e-04
51 3.0570039241883e+04 3.2456258726853e+04 8.5271689970015e+00 1.8427195710812e-03
52 3.0251147652851e+04 3.2416568512769e+04 -7.6601105054848e+00 2.3252432258423e-03
53 3.0324326741467e+04 3.2409307454169e+04 -5.2898101686602e+00 1.9872384844427e-03
54 2.8869446215014e+04 3.2308635646152e+04 -6.1292762845858e+01 2.2310880216235e-03
55 2.7260659493481e+04 3.2948450296098e+04 -9.6353035834906e+01 1.2726274132355e-03
56 3.0247613353303e+04 3.2235342941138e+04 -2.5029427771479e+00 4.9135674561148e-03
57 2.9134907227660e+04 3.2092499553531e+04 -1.1516931166898e+02 1.9606698925243e-03
58 3.1283295613968e+04 3.1302028159248e+04 -2.0808162521422e+01 7.5382755861707e-04
59 2.9725592723330e+04 3.2707690988386e+04 2.1742672139887e+00 2.6398898353968e-03
60 2.8681158782559e+04 3.2813177951904e+04 2.0047682462410e+01 2.5767244024346e-03
61 2.8216871286880e+04 3.2547329405859e+04 2.4223391664058e+00 3.0828895395258e-03
62 2.9691544867771e+04 3.2692128988406e+04 9.4223137565844e+01 2.9993268976644e-03
63 3.0864750874991e+04 3.2287894885587e+04 -4.0035142739050e+00 2.4273262337479e-03
64 3.0478194673513e+04 3.2357762109275e+04 -2.0230097517315e+00 3.2343760474610e-03
65 2.9480771759147e+04 3.3211868956431e+04 1.3342891311003e+01 3.0726993050356e-03
66 3.0581133210888e+04 3.3042181822598e+04 3.7548952726228e+00 2.4188125509944e-03
67 2.9401817209403e+04 3.3017488262895e+04 1.3905326809567e+02 3.0381825514992e-03
68 2.6406590318017e+04 3.2970003616202e+04 -3.9714073257661e+00 4.4048350589267e-03
69 2.6865842773842e+04 3.3025151756616e+04 -6.4764240325997e-01 1.9302985282383e-03
70 2.4831593045055e+04 3.2702680120998e+04 -9.5161598452485e+00 2.0442365705378e-03
71 2.6968895310860e+04 3.2350956532849e+04 1.5181686142994e+00 2.0142683349864e-03
72 2.6732679456687e+04 3.2037446040929e+04 -1.1074981368350e+01 2.3987608542411e-03
73 2.4583494246691e+04 3.3315294789089e+04 -1.7776409165267e+02 2.9224022465973e-03
74 2.8102471849671e+04 3.3508175159807e+04 1.2460276477000e+01 1.9404326855130e-03
75 2.9279359135651e+04 3.2718509716062e+04 2.5609696836756e-02 3.1008359290406e-03
76 2.8740404130412e+04 3.2562614924956e+04 -6.7457535986394e+00 2.1185121638698e-03
77 2.8575318311015e+04 3.2963926675681e+04 1.5898177431126e+02 1.9788964125544e-03
78 2.6787631223675e+04 3.2392080473429e+04 -1.0942483286849e+01 2.2095722749140e-03
79 3.0212924666242e+04 3.2851588188623e+04 -6.8746477642056e+00 1.5295241351525e-03
80 3.3248258324490e+04 3.1190400591831e+04 -1.1028814291113e+01 6.9696961687267e-04
81 2.7672957053663e+04 3.2389017033375e+04 1.4040103045776e+02 1.1311519974491e-03
82 2.9187501557385e+04 3.2953463408198e+04 1.1754493520762e+01 3.2340145459021e-03
83 2.8001148303420e+04 3.2875757249243e+04 -7.9015984043453e+01 5.9420291892151e-04
84 2.8685199830010e+04 3.2412445132117e+04 1.5538354354889e+02 6.8386441603858e-04
85 2.8681679565082e+04 3.2629989706316e+04 -1.3316505052021e+02 6.0048000971258e-04
86 3.4434206863250e+04 3.1212522752404e+04 -5.1244585000097e+00 4.1293526503978e-04
87 2.9751394228947e+04 3.2369503755921e+04 1.1864889331884e+01 1.3598724200918e-03
88 3.1084529306354e+04 3.1822694557408e+04 -1.7168681696937e+02 1.5874727692068e-03
89 3.0919184795207e+04 3.2098343330541e+04 1.7176081362940e+02 2.1622579686590e-03
90 2.9348289190497e+04 3.2490564484851e+04 7.0323846439219e+01 2.8753286736550e-03
91 2.8009065535567e+04 3.2986694611676e+04 1.8633006035025e+01 3.1785094850963e-03
92 2.6465000558529e+04 3.2989396548604e+04 1.4095193285152e+02 1.6517251010452e-03
93 2.7683870051938e+04 3.1958807947040e+04 -1.2038545104569e+01 1.5541700725684e-03
94 2.9371729790325e+04 3.3062973431679e+04 1.4688918059037e+02 2.0918853434407e-03
95 2.8843510064781e+04 3.2340833201871e+04 -4.5022468722562e+01 7.0986153930617e-04
96 2.9836835981334e+04 3.2348163205156e+04 -2.0735280442317e+01 2.5240801342823e-03
97 2.7041833986430e+04 3.3174243176945e+04 1.2941579333217e+01 3.1717542373537e-03
98 2.5732719798656e+04 3.3072966871444e+04 -1.7965212401953e+02 2.7804839566463e-03
99 2.6675124857243e+04 3.3723399835785e+04 -3.1796943169421e+01 1.5300762427077e-03
100 2.7859099478499e+04 3.3875631317245e+04 -7.1334692655516e+00 8.1084844793755e-04
101 2.8995916099119e+04 3.3558405499124e+04 -4.2610575143919e+00 2.9409301067407e-03
102 2.7676671456475e+04 3.3744529477281e+04 1.6676549023307e+02 1.7759353485840e-03
103 2.9133253051012e+04 3.3823154382031e+04 -6.0753479896637e+00 2.5659326446850e-03
104 2.7571607027543e+04 3.3867184325334e+04 8.0327116701455e+00 2.1612317595970e-03
105 2.7976188656367e+04 3.2476454310764e+04 1.0997249273084e+01 3.1861550399609e-04
106 3.0222114258841e+04 3.4104774928944e+04 1.7280906242286e+02 1.9131396579874e-03
107 3.1394347336004e+04 3.2947353945139e+04 -2.2412906258072e+01 3.1568479336172e-03
108 2.9706848072981e+04 3.3277311490361e+04 1.7244593279090e+02 2.0495562483690e-03
109 3.3872481774926e+04 3.3278413342247e+04 7.9799827857784e+01 2.8583455244057e-03
110 3.3055623116165e+04 3.1940743840856e+04 -4.8128094246272e+01 1.6652231478252e-03
111 3.7379237824672e+04 3.2735174949905e+04 2.4767140337868e+01 5.2364273523466e-04
112 3.2549063898125e+04 3.1822502361898e+04 3.8181886032129e+00 1.4135986804992e-03
113 3.4513611487094e+04 3.1777107987826e+04 2.0211327894423e-01 1.1385451963625e-03
114 3.6335820912707e+04 3.1812779054412e+04 -7.2610291064614e+00 1.1685956607113e-03
115 3.7525344497534e+04 3.1731310595173e+04 -4.9117147451512e+00 9.3465831184932e-04
116 3.6006353007552e+04 3.1828771302139e+04 -2.5973248177465e+01 6.7976375101967e-04
117 3.4094220688558e+04 3.3363095161118e+04 1.3636155123048e+00 2.2824192503893e-03
118 3.2677155058176e+04 3.2777826591286e+04 9.3058111566248e+01 2.9481387111929e-03
119 3.3108930864902e+04 3.2577567344847e+04 -1.8584538416636e+01 2.7516835310695e-03
120 3.4111501114880e+04 3.2960687618522e+04 5.6863522476371e+01 2.0235992660667e-03
121 2.8303171683829e+04 3.1754668122548e+04 -1.2995513475463e+01 1.7305180065811e-03
122 3.5269775526170e+04 3.1595160653837e+04 -8.0903838882777e+00 8.2722107366528e-04
123 3.3067214609649e+04 3.3157708490143e+04 1.7870901300653e+02 2.4799602683808e-03
124 3.3818660757082e+04 3.3291887242669e+04 6.3097323465133e+01 2.1669023329015e-03
125 3.5172708713727e+04 3.3304893044216e+04 1.2592472265678e+01 2.6484433923446e-03
126 3.2659101462271e+04 3.3007024657971e+04 1.4585218343557e+02 5.4551507524804e-04
127 2.8368459373658e+04 3.2108160450932e+04 -1.6098095409396e+02 8.4944791626911e-04
128 3.1592063356611e+04 3.2135092607096e+04 -1.4267490941580e+01 1.7161593954841e-03
129 3.1430833263227e+04 3.2201636913814e+04 -1.0852395235427e+01 1.6185349361117e-03
130 2.9414086970593e+04 3.2173622871953e+04 1.7510220393873e+02 2.3107431614135e-03
131 2.8245229111853e+04 3.1659735092843e+04 -2.5896832303278e+00 1.6112642591998e-03
132 2.8320952081410e+04 3.2100566287984e+04 3.1000643102237e+01 2.3739771085429e-03
133 2.8233835610920e+04 3.1778104394427e+04 8.5889652229899e+00 1.9073468788088e-03
134 3.2022578430314e+04 3.2302940036434e+04 -4.8541359610065e+00 2.2672404562170e-03
135 3.3591575328538e+04 3.2642166388013e+04 1.6380201479472e+02 1.8082439372406e-03
136 3.3726414738080e+04 3.2503457973727e+04 -1.5168039824047e+02 6.7534142079325e-04
137 3.5153257055143e+04 3.2231024532781e+04 -8.8843360813381e+00 1.9294550407469e-03
138 3.4565777543204e+04 3.2602199977889e+04 1.9997929284245e+01 2.5400463768557e-03
139 3.3604360506726e+04 3.2702335403050e+04 -1.6168482480662e+02 5.3612138170912e-04
140 3.6001443191987e+04 3.2644693491447e+04 -8.8976780641523e+00 2.0954861651082e-03
141 3.5105831756043e+04 3.3324922371355e+04 3.7432982913220e+01 2.8692780040135e-03
142 3.4378875451112e+04 3.2974695494110e+04 -7.1597891083002e+01 2.7574763051768e-03
143 3.5826902333439e+04 3.3225462328613e+04 -3.1760883228847e+00 2.1155597199184e-03
144 3.5889249328248e+04 3.3309589992168e+04 8.1191338913021e+00 1.7943965156178e-03
145 3.4416106859425e+04 3.3084807640814e+04 -1.5354865017121e+02 3.1818275508792e-03
146 3.5377448988755e+04 3.3441699715009e+04 8.3342208703769e+00 3.1336604890436e-03
147 3.7195657763866e+04 3.2111296604214e+04 -3.6512273752670e-02 9.6522892387104e-04
148 3.5057008155290e+04 3.3180463139613e+04 -2.3383789103927e+00 5.2926982603106e-03
149 3.3490095241094e+04 3.2989165336890e+04 -1.6809330973219e+02 2.2313143370183e-03
150 3.6708462821667e+04 3.2195098984283e+04 -7.2147378982221e+00 1.1058484293559e-03
151 3.3458664242273e+04 3.1714200863735e+04 -6.9991106151420e+01 4.3379763504058e-04
152 3.6834723610930e+04 3.3094612378322e+04 7.2616638869765e+00 1.2461268988870e-03
153 2.6267067825504e+04 3.1531705238127e+04 6.3864021178447e+00 1.3297568383578e-03
154 2.5590453476161e+04 3.1723666058960e+04 1.7199024421329e+02 1.4751733941306e-03
155 4.3928104936150e+04 3.1547109522811e+04 -5.4610358331082e-01 4.5597541304541e-04
156 2.6857834434499e+04 3.1713599821528e+04 -1.6493587583729e+02 1.0019983663083e-03
157 2.7354658586972e+04 3.2046045926186e+04 1.1966992571878e+01 1.1298546175573e-03
158 2.8696878053963e+04 3.2064747819691e+04 -1.4564613190316e+02 2.3187638228967e-03
159 2.9897704350368e+04 3.1697168190906e+04 -3.4447955145934e-01 6.5758549171697e-04
160 2.7039544229811e+04 3.3337354651962e+04 1.0126525882773e+02 2.3855752036871e-03
161 2.7175532440877e+04 3.2565541225150e+04 -8.3699146651343e+01 2.8953921495954e-03
162 2.5461893822400e+04 3.3307839619143e+04 -1.6688841765648e+01 1.4843489740478e-03
163 2.7804739832528e+04 3.2253488001334e+04 -1.4878336875792e+01 1.8516091264146e-03
164 2.9662827140237e+04 3.2526155189187e+04 -1.3241782147273e+01 2.9686351306676e-03
165 3.0772535449204e+04 3.2437151454420e+04 -1.7953093924545e+02 1.9174045175519e-03
166 2.5961431548837e+04 3.2076177937274e+04 -9.9960845437476e+01 6.1491576828051e-04
167 2.7330790785965e+04 3.2359242715751e+04 -1.1884199651584e+01 2.8556041665529e-03
168 2.6768235187718e+04 3.2445450512056e+04 -2.2926390456650e+01 3.0647488975067e-03
169 2.5695471615103e+04 3.2567255932355e+04 1.4656682495568e+02 2.5257108590986e-03
170 2.5245997881780e+04 3.2257242762507e+04 -1.7810435778108e+02 6.3380118238056e-04
171 2.7138707459633e+04 3.2999160119178e+04 -2.5848197245294e+01 2.8851664239748e-03
172 2.6661406824990e+04 3.3219246535102e+04 -2.7729824493548e+01 1.8373835420730e-03
173 2.6000989050170e+04 3.2153423110149e+04 -7.8204428785335e+00 1.8140620963439e-03
174 3.2048682514604e+04 3.2101990433863e+04 -1.2646290684596e-01 1.7108901510333e-03
175 3.1151128297582e+04 3.2737065199107e+04 -8.0783099108163e+00 3.0544698293139e-03
176 2.9436230359211e+04 3.4921538370017e+04 1.3757204479473e+02 5.7272849891036e-04
177 3.2113440905071e+04 3.3042721849887e+04 -1.8817752676418e+00 1.9917690700202e-03
178 2.7532718399321e+04 3.1552833344039e+04 -1.8325892324817e+01 3.5997535490093e-04
179 2.5018883123730e+04 3.3255146198873e+04 7.5515975794830e+01 2.9470470431043e-03
180 2.7258368965608e+04 3.2846808903344e+04 -9.5304980344572e+00 2.3431625398745e-03
181 2.4721520960991e+04 3.3361034159033e+04 1.6035811083051e+02 2.8881129759560e-03
182 2.6641544651143e+04 3.3074836066108e+04 1.0306889457285e+01 2.9669109570450e-03
183 2.7910307780618e+04 3.2000856279758e+04 -1.6734645220129e+02 2.1328589774457e-03
184 2.8311463147723e+04 3.1899216544899e+04 -1.1645439218672e+02 1.7063405402135e-03
185 2.6123237991191e+04 3.2732652211014e+04 9.1728402497649e+01 2.4522148774288e-03
186 3.1159274345174e+04 3.1771672203057e+04 -4.0028895045978e-01 1.5041732019231e-03
187 3.1150312863230e+04 3.1613740903546e+04 1.6508259751600e+02 1.2454634131740e-03
188 3.0424626642728e+04 3.2194259285270e+04 -1.7216374194593e+01 2.3649329768967e-03
189 2.8597563210014e+04 3.2191611789691e+04 -1.7310270129268e+02 8.9037881169733e-04
190 3.4359884090234e+04 3.2354752862127e+04 -1.3959646404968e+01 1.9844365836002e-03
191 3.2692217429096e+04 3.2629196855182e+04 -1.6353785830273e+02 2.4585734542202e-03
192 3.3345790718702e+04 3.2903845757762e+04 -1.1326574901679e+02 1.3092060739703e-03
193 3.3915026052144e+04 3.2565611004888e+04 7.8620049365502e+01 1.2999020245121e-03
194 3.1352355526337e+04 3.1504779277524e+04 -1.7905909755690e+02 5.1335523777049e-04
195 3.4273288154387e+04 3.3130520537407e+04 -7.1193777723895e+00 1.8048353063933e-03
196 3.1221768649807e+04 3.3414593231290e+04 4.4369389644032e+00 3.0712114593153e-03
197 3.0802767878116e+04 3.3027192138188e+04 -1.2050831115733e+02 3.2347010086590e-03
198 3.0658398072448e+04 3.2806155498488e+04 -1.2231910625642e+02 2.7720689114258e-03
199 3.5129828226265e+04 3.1404414091433e+04 -1.9066119043525e+01 4.6298044893106e-04
200 2.7832168331002e+04 3.2336130598425e+04 1.5080456185011e+02 6.3629494998653e-04
201 3.0587491765661e+04 3.2534010377702e+04 8.4053223494893e-01 2.8011539035318e-03
202 2.8338058995740e+04 3.2291980842563e+04 1.7370073936810e+02 1.9226658441200e-03
203 3.1478567308853e+04 3.1161497363942e+04 1.2012318746089e+01 5.2261461078521e-04
204 2.6078543185854e+04 3.2439265423488e+04 -6.3768743116816e+01 9.7085497766512e-04
205 3.6658487192181e+04 3.1602079017512e+04 -3.4995697577362e+01 7.8016336913029e-04
206 2.4478161429070e+04 3.1795824412660e+04 -1.3499926728505e+01 2.1506250716620e-03
207 2.3764681487958e+04 3.1972474080875e+04 -7.7584544043000e-01 2.5066140770709e-03
208 2.4842377672439e+04 3.1913490734376e+04 -2.3421046597878e+00 4.5187555452811e-03
209 2.3468532507779e+04 3.2352387346740e+04 1.6907923306949e+02 3.1530199394946e-03
210 2.6718269684034e+04 3.1359080491416e+04 5.3204194791139e-01 9.8941388636908e-04
211 2.6813351281597e+04 3.2601950693714e+04 8.2620047624565e+00 3.0659531976683e-03
212 2.6874373060402e+04 3.2305639934235e+04 -1.7040903096685e+01 2.8447861625804e-03
213 2.5243689666187e+04 3.2530306328325e+04 -2.1260225509330e+01 2.2734487033699e-03
214 2.4819360748069e+04 3.3527932865764e+04 4.2419841341813e+01 8.9611828633707e-04
215 2.4398039468821e+04 3.2722877188107e+04 -4.0452287474918e+00 3.1531688319654e-03
216 2.4534598670840e+04 3.2723380240133e+04 -2.4005751556550e+00 5.1652889937892e-03
217 2.4127626812546e+04 3.2983282094393e+04 -2.0490642003395e+00 3.1941027565718e-03
218 2.2485328303927e+04 3.2262948169848e+04 -2.0919295873406e+01 1.0663537105736e-03
219 2.2707749848646e+04 3.1630945253914e+04 -1.7040571629882e+02 2.0475457369014e-03
220 2.3834591168554e+04 3.1834692989748e+04 1.0426637635742e+01 2.2101515973203e-03
221 2.6539560657217e+04 3.2818795904023e+04 -2.7022951231385e+01 2.6293950574934e-03
222 2.5950749423570e+04 3.1975361108034e+04 -1.6398043996274e+01 4.9799213216544e-04
223 2.7661416488712e+04 3.2794004545212e+04 -2.8791685663991e+01 2.8744356367164e-03
224 2.5655049616066e+04 3.1607867566039e+04 -6.1857673969083e+00 1.8693843259518e-03
225 2.4911236489703e+04 3.1883409426386e+04 9.2454988786819e+00 2.4497016942610e-03
226 2.7997843961865e+04 3.1919173410569e+04 -3.9568441747964e+01 8.7811636030722e-04
227 2.4972488569902e+04 3.1125376054307e+04 -1.4925088349553e+00 4.4544638049261e-04
228 2.3814839307664e+04 3.2771167814174e+04 -6.8426313586496e+00 1.9220312381877e-03
229 2.6610764929147e+04 3.1620626646731e+04 -1.1375022436667e+01 1.5650321057041e-03
230 2.5254304402623e+04 3.2282937267021e+04 1.0907536785679e+02 2.7736598692882e-03
231 2.4475479520568e+04 3.2800970889531e+04 2.3572059114165e+01 2.4738788359176e-03
232 2.7556259343018e+04 3.2159449473669e+04 4.0348370555498e+00 1.7483444741787e-03
233 2.7192384577851e+04 3.2179713486126e+04 6.1348365183423e+00 1.9690786133722e-03
234 2.3313366908365e+04 3.2577996920576e+04 1.4823405527412e+02 1.7435869696508e-03
235 2.4256150041242e+04 3.2816409421466e+04 -2.2480221978630e+01 3.0709210052617e-03
236 2.1494858112368e+04 3.4005596142539e+04 2.3538858206398e+01 3.9843359563958e-04
237 3.0713355549600e+04 3.2845938947063e+04 2.2964382153950e+01 2.8132727490320e-03
238 3.1084700019122e+04 3.2547786116895e+04 -2.6399673621723e+01 1.9273327572301e-03
239 2.7436238405182e+04 3.2538138847028e+04 -4.4370440047313e+00 2.8898830321742e-03
240 3.5901835768843e+04 3.2396538897155e+04 -2.0913024597811e+00 2.9093725382943e-03
241 3.4696921890579e+04 3.2550107419892e+04 5.3330574251370e+00 2.4713833464338e-03
242 3.2266786273804e+04 3.2446279287401e+04 -8.9333735222744e-01 2.6072087922020e-03
243 3.2355600741318e+04 3.2934020493428e+04 1.2594585770531e+02 2.0098886039656e-03
244 2.6828358370454e+04 3.1030534611413e+04 -6.3600777073141e+00 9.2472219101638e-04
245 3.4399757501544e+04 3.2385215744229e+04 -1.4723321874891e+01 8.6893847024861e-04
246 3.2376993038603e+04 3.3491456092979e+04 3.7226458395588e+01 1.7803339287619e-03
247 3.3184141321502e+04 3.2338901218342e+04 -1.3251820196150e+02 1.9012312766114e-03
248 3.4553326112839e+04 3.3001955837989e+04 1.2414246872630e+01 2.4214595698652e-03
249 3.3733047723249e+04 3.3001616662117e+04 9.4327888806413e+00 1.6624212512425e-03
250 3.3663071419618e+04 3.1751755852085e+04 -1.6319294316099e+02 1.3098168417074e-03
251 3.6234534429426e+04 3.2778762006139e+04 1.6379940255560e+01 2.6528810324275e-03
252 3.0077920551421e+04 3.0900559099659e+04 -2.7090509866120e+01 3.2378061192916e-04
253 2.9882281424624e+04 3.3217732145818e+04 -1.6515079318137e+02 2.1817436727149e-03
254 2.8577870845763e+04 3.3025304035058e+04 -1.7888503109128e+02 2.9401812154494e-03
255 3.0570062958492e+04 3.2754471506152e+04 -1.1690743270615e+01 3.0970881739546e-03
256 2.8087980619850e+04 3.3966426046143e+04 2.7390920664401e+01 1.9209816797475e-03
257 2.8249649914962e+04 3.3694560321844e+04 -1.7313380164853e+01 2.6885317903612e-03
258 3.2382898104114e+04 3.1908377178702e+04 -1.4587188728672e-01 1.6259717922635e-03
259 3.2026951916569e+04 3.2082560474460e+04 -2.7152075897028e+01 1.4794213229482e-03
260 3.2191371365856e+04 3.2325909839817e+04 -1.1037892552825e+01 1.5257826882150e-03
261 3.0893217783066e+04 3.2360581619450e+04 -1.4806944617155e+02 1.2458595256876e-03
262 3.7539793773111e+04 3.2806298084622e+04 9.9595270041472e-01 2.5473421105138e-03
263 3.7102292144771e+04 3.2634352665176e+04 -1.2467329962759e+01 2.3810064159055e-03
264 3.8633307487332e+04 3.3427535652672e+04 7.2682000465399e+00 1.2419325815596e-03
265 3.5862699521871e+04 3.2997209540795e+04 4.0717390119348e+01 2.6717029079246e-03
266 3.4962159199151e+04 3.2684539945664e+04 -1.7465217739941e+02 2.6417737397656e-03
267 2.9492332267515e+04 3.2272294219281e+04 -1.0114565771840e+01 2.4408321026169e-03
268 2.7369249780819e+04 3.2299875052158e+04 -1.7500057071692e+02 8.3428007821405e-04
269 2.9930563559080e+04 3.2325425921211e+04 1.8398682067207e+01 1.6159638341196e-03
270 2.6914654322978e+04 3.2218157489054e+04 -5.3433758356176e+00 9.6171974873754e-04
271 2.5249196422318e+04 3.3416952389962e+04 1.6590373807381e+02 2.3784405342852e-03
272 2.7600045729015e+04 3.3205043180164e+04 4.6576873340381e+00 3.1417637090913e-03
273 3.4194111937122e+04 3.2317143258549e+04 1.9353176610812e+00 2.0540779133023e-03
274 3.4232160325128e+04 3.1998316419317e+04 -1.4251654091073e+01 1.5394940988923e-03
275 3.3160925376297e+04 3.2457953127489e+04 -7.1634077680451e+01 2.3805606021129e-03
276 3.2495289581825e+04 3.2227084049728e+04 -3.6330618370106e+01 2.2052588492790e-03
277 3.1431765113313e+04 3.2709872538259e+04 1.6552785716022e+02 1.8084571499450e-03
278 3.6229914117399e+04 3.0928233558518e+04 -1.5699400181947e+01 3.2837388713707e-04
279 3.1976879531788e+04 3.2107286288089e+04 -8.6207953170267e-02 7.4251277423875e-04
280 3.1419117920378e+04 3.1933538991581e+04 6.9319843321464e+00 1.8236083365592e-03
281 3.0569609754751e+04 3.2994307920885e+04 1.6816776927791e+02 3.0817103522286e-04
282 3.3850964865361e+04 3.2013516793297e+04 -7.2646074950267e+00 6.6914032268048e-04
283 3.2810270397237e+04 3.1854550565836e+04 -1.6602015711437e+01 5.1955500615741e-04
284 3.0873413762341e+04 3.2181612869701e+04 1.7642879856089e+01 1.4572878121231e-03
285 2.9955132780746e+04 3.3621392439819e+04 -1.7246861764387e+02 2.4096980254752e-03
286 3.0708251688701e+04 3.3813956586566e+04 3.2563673866857e+01 2.7534601472183e-03
287 3.2766256876743e+04 3.3167315885123e+04 3.3106645512967e+01 2.9247187688893e-03
288 2.8039626895527e+04 3.2789760788643e+04 1.7500760396168e+02 1.0837270266064e-03
289 3.0942209424683e+04 3.2459253985784e+04 2.4176314623379e+01 2.7586333730431e-03
290 3.0813067055700e+04 3.2834800569822e+04 6.8259449267056e+01 3.0115170149595e-03
291 3.0864107027687e+04 3.2575731795618e+04 -1.2596082288728e+02 1.0723578787790e-03
292 3.2624149449670e+04 3.2612234977883e+04 -3.9467450819772e+00 3.3071160781452e-03
293 3.1092166870502e+04 3.2750221393964e+04 -5.6563723058264e-01 2.9884502486350e-03
294 3.1354631215898e+04 3.2684345659060e+04 -4.5444057706551e+00 3.1810110915059e-03
295 3.3957922800977e+04 3.1854857201981e+04 -1.6012980932051e+00 1.3402161307305e-03
296 3.5422987805422e+04 3.2404132240246e+04 6.0755320411183e+00 1.4444022369696e-03
297 2.5387289044247e+04 3.1729142139503e+04 -1.6316102672834e+02 1.6045225350116e-03
298 2.2817594358183e+04 3.2162232634984e+04 3.5436906107187e+00 5.5760758806824e-04
299 2.5314072907701e+04 3.1769140370696e+04 -8.4867322174689e+00 2.0689493260402e-03
300 2.7533360097198e+04 3.3467045518105e+04 1.7393466994522e+02 1.6614695710115e-03
301 2.8024378523145e+04 3.3650284589081e+04 1.3612856088778e+02 1.6288743477011e-03
302 2.9138232027025e+04 3.2793836256541e+04 -1.3558503423072e+01 2.9510013930055e-03
303 2.6716675432903e+04 3.2908816950990e+04 -1.7490896961884e+02 1.8539338518272e-03
304 2.7554255657690e+04 3.1600478827302e+04 -1.5997376394146e+02 1.4619082424677e-03
305 2.8531068496881e+04 3.2312991035082e+04 -1.5997437963164e+01 2.5704733038740e-03
306 2.9583882776595e+04 3.2637281776232e+04 3.7161310709086e+00 2.3134568365021e-03
307 3.0173447789519e+04 3.1851462191719e+04 -1.6847521841979e+01 1.8241844575385e-03
308 2.7381521815700e+04 3.3014426814119e+04 1.2887561415848e+02 1.3119216646789e-03
309 2.6446358891660e+04 3.1739801113539e+04 -1.9827977649434e+01 1.8495761581649e-03
310 3.0055083383968e+04 3.2088432214062e+04 8.8856481894644e+00 1.9071128188702e-03
311 2.9394274840488e+04 3.2203609623924e+04 1.1581765969097e+02 2.4858391401670e-03
312 3.2105831022937e+04 3.2262905562155e+04 -1.2347129828408e+01 1.6389070863951e-03
313 3.1677009562148e+04 3.2615162595533e+04 7.0046780362308e+00 1.9215658633863e-03
314 3.0346551397881e+04 3.2593466039415e+04 1.6378186149245e+02 2.8129635353333e-03
315 3.1890892750167e+04 3.2446015301805e+04 -5.2548554409214e+00 2.6515854222042e-03
316 2.8088735640592e+04 3.3043756413733e+04 -3.4376390020831e+01 1.6864600787086e-03
317 2.7270307290075e+04 3.3574474761319e+04 1.0781112091837e+01 2.5477449251870e-03
318 2.7450319117400e+04 3.3243720369235e+04 -1.7130903113354e+01 2.8353364111505e-03
319 2.6855806693812e+04 3.2303609577641e+04 -3.5548530253015e+00 2.7647749993619e-03
320 2.7254280357582e+04 3.3173438841953e+04 -1.3449524507469e+01 2.4492218618676e-03
321 2.5555169439918e+04 3.2652712825357e+04 -1.7701149368397e+02 4.5234171892914e-03
322 2.9101426723109e+04 3.2432917952919e+04 -6.5295134351563e+00 2.6220881586324e-03
323 2.8701920705106e+04 3.2227448987706e+04 -2.5029048999301e+01 1.7270359080663e-03
324 2.8298938859493e+04 3.2603805476082e+04 8.0118311255461e+00 2.9339926095228e-03
325 2.6739776325877e+04 3.2025158828433e+04 1.5059352690215e+02 1.8658757963107e-03
326 3.3498948426659e+04 3.1904386360753e+04 -9.4300156238151e+00 1.3198098198874e-03
327 3.1857061737994e+04 3.2861809807576e+04 1.7456550902721e+01 6.8184245935871e-04
328 2.9939641125590e+04 3.3464466623405e+04 6.2878858435334e+00 3.1110559665238e-03
329 2.9133680069375e+04 3.3327013451357e+04 1.2745990078770e+00 3.0642494160690e-03
330 3.0655098053896e+04 3.3229568500240e+04 1.2035272495065e+02 3.2338449875169e-03
331 3.2917707840697e+04 3.2372293530409e+04 -8.4968825375184e+01 1.5054149081035e-03
332 3.0945512790082e+04 3.2570740698580e+04 -5.0686516951638e+01 1.7701366628862e-03
333 3.0802163111520e+04 3.2034755107467e+04 6.3446261487893e+00 1.0706019839881e-03
334 2.9785976813743e+04 3.2275080086288e+04 1.3505746921654e+02 2.0628684615491e-03
335 3.2986990965692e+04 3.1629035769766e+04 -1.7993957358205e+02 1.1583924241852e-03
336 3.0563057408287e+04 3.2933772091129e+04 2.2789871722338e+01 3.1379336774346e-03
337 3.0794040702248e+04 3.2112141076496e+04 -1.0753830144915e+01 2.1386928634321e-03
338 2.9607051383282e+04 3.2725384918160e+04 3.3210677063420e+01 3.1507356170252e-03
339 2.9739226509383e+04 3.2784046035762e+04 -1.9329982003697e+01 9.2341758065203e-04
340 2.6425174288661e+04 3.3058659759479e+04 1.7421945298308e+02 1.9713697279165e-03
341 3.3939631222047e+04 3.1135701215665e+04 -2.3489526776674e+01 4.2407269112957e-04
342 2.9494597525106e+04 3.2427588282608e+04 -1.1442481226678e+01 2.8521026443323e-03
343 2.8750373537218e+04 3.2928381948037e+04 2.0251905061673e+01 3.2008174844845e-03
344 2.8441560103882e+04 3.3304687870868e+04 7.5678389873807e+01 3.0946156993619e-03
345 2.9000481775672e+04 3.2227784987233e+04 -1.6186519192050e+02 2.5804418059238e-03
346 3.0320337161552e+04 3.2138175000599e+04 -9.1085096390553e+00 7.8789787195821e-04
347 3.0637315918947e+04 3.2222143105489e+04 -2.2527536223055e+01 2.0154653068937e-03
348 2.8750612028669e+04 3.2479703531109e+04 -1.7506067373588e+02 1.0337678337858e-03
349 2.7097740680665e+04 3.2850805981069e+04 7.0515378105554e+00 2.4469950952935e-03
350 2.7433346688284e+04 3.2555198485420e+04 -9.4395568250674e+00 2.9708010504821e-03
351 2.2777536665720e+04 3.1155203271450e+04 -8.9903891465539e+01 5.8522907262570e-04
352 2.4567599967391e+04 3.2161459686570e+04 -7.0353112893101e+00 2.0425894369647e-03
353 2.3604502157510e+04 3.2208109407584e+04 5.4425886922273e+00 2.3169398847539e-03
354 2.9321967028296e+04 3.2073995291889e+04 1.1918634130399e+01 1.6050118277432e-03
355 2.8564729670059e+04 3.2779964212258e+04 1.5777491566633e+02 1.1918631567634e-03
356 2.8725523787384e+04 3.2074031371349e+04 1.6964110912412e+02 1.7304711721052e-03
357 3.1566680984004e+04 3.3508104491043e+04 -3.2336504650640e+00 2.0176282040108e-03
358 3.2104338603159e+04 3.2498795333525e+04 -9.5104351012183e-01 2.5579124659998e-03
359 3.1107837645333e+04 3.2626397776456e+04 1.0351226633406e+01 2.9018792686579e-03
360 3.3672101363867e+04 3.1994628576500e+04 6.1008607993801e+00 1.6877259968131e-03
361 3.6359814915838e+04 3.1690947719988e+04 -1.1914786184942e+02 1.0083336524006e-03
362 2.5029763209364e+04 3.3009908055884e+04 -1.4434270772993e+00 3.4903113283269e-03
363 2.4133732377859e+04 3.2925143186127e+04 -3.4598344949650e+01 3.1398891795145e-03
364 2.4871747760370e+04 3.3432160233712e+04 1.4683418795720e+01 2.7902322059548e-03
365 2.9797816622429e+04 3.2590197363002e+04 -1.3662315231550e+01 2.0919259457985e-03
366 2.9569585241079e+04 3.2582130388855e+04 -2.7275151637324e+01 9.3428600018039e-04
367 3.0003512402399e+04 3.2054747379862e+04 8.5891500903170e+00 2.2035810302546e-03
368 2.9330855882800e+04 3.1866795914905e+04 -4.4807623211409e+01 1.9438804134507e-03
369 3.0441568874731e+04 3.2742440377108e+04 -2.8847010091680e+00 2.2474019106731e-03
370 2.8678126447016e+04 3.2952794870541e+04 9.9616016484610e+00 3.1625971845590e-03
371 2.8628495171341e+04 3.2845246489077e+04 -2.1670319440993e+01 3.2292337593076e-03
372 3.0372175567533e+04 3.2519296031501e+04 -1.2474084643830e+01 2.8884363511289e-03
373 2.9836638595977e+04 3.2655400886162e+04 -1.1903062447341e+01 2.9259739754855e-03
374 2.9039961839618e+04 3.2794800300134e+04 -5.5849438614488e+00 3.1724245474764e-03
375 2.5143584544588e+04 3.2986222816310e+04 2.2352623541173e+01 2.0681849896405e-03
376 2.8812103673581e+04 3.2899098643768e+04 1.5598894273839e+02 8.2398402692349e-04
377 3.5481347746883e+04 3.1898430758476e+04 -3.9720392800065e+00 1.0447023418832e-03
378 3.2625268525158e+04 3.2006070224347e+04 3.0494172589524e+00 1.8241595197098e-03
379 2.5363635849544e+04 3.2984539790625e+04 -1.7889173122683e+02 3.0718982793294e-03
380 2.7541938252482e+04 3.2975722821337e+04 -5.5219313331026e+00 3.0850378974669e-03
381 2.9070578936948e+04 3.2626427814303e+04 -1.0856523499825e+01 3.1038416498454e-03
382 2.6800253670999e+04 3.3700463262914e+04 4.1341284416208e+01 2.5749843453613e-03
383 2.7099624349894e+04 3.3253035223730e+04 -3.4913773133106e+01 1.9694757815908e-03
384 2.9238194688667e+04 3.2710520130915e+04 1.0389974019293e+00 2.8108880677131e-03
385 2.8205584292798e+04 3.2771800484824e+04 1.3582967929584e+01 2.4845993201155e-03
386 2.8880294483696e+04 3.2561158993049e+04 -1.0265582180126e+01 2.2970951584710e-03
387 2.8153346981167e+04 3.1794462005688e+04 -9.6519984757465e+01 1.7734009985565e-03
388 2.4029170539700e+04 3.3782766479334e+04 1.7123491706827e+02 1.7337106548092e-03
389 3.0370471792393e+04 3.3021440571798e+04 1.7250462857746e+00 7.3416113173594e-04
390 2.6890436634063e+04 3.3890482529104e+04 5.4104049806346e+01 2.2125820697861e-03
391 2.5524780118995e+04 3.3224479822354e+04 1.6769348958127e+02 2.9836159163640e-04
392 3.2661669628796e+04 3.2628508317095e+04 -1.6897146552110e+02 1.8192692006791e-03
393 3.6374617830291e+04 3.2965784530239e+04 2.7252119347307e+00 1.9994669196115e-03
394 3.3260475584062e+04 3.3667540679970e+04 1.1306026192881e+01 2.5778271262464e-03
395 3.0172417872456e+04 3.1889816782247e+04 -2.2382380374234e+00 1.4721655241348e-03
396 2.8529954945242e+04 3.0376281103697e+04 -1.1061779081692e+02 3.3982495140792e-04
397 3.0264628251041e+04 3.2080143370514e+04 -3.5332859855247e+01 2.1587201578736e-03
398 2.7750028817256e+04 3.2168557211164e+04 4.2540868369102e+01 2.6316546244552e-03
399 2.7073236271866e+04 3.2060725608058e+04 1.7735281889247e+02 2.0152434786846e-03
400 3.8902664834437e+04 3.2165714108830e+04 -3.1200370962659e+00 3.8820909187011e-03
401 3.2324644235836e+04 3.4064425516591e+04 -1.7960164833946e+02 2.3806118088920e-03
402 3.4399543824310e+04 3.3113210499097e+04 7.7104686540001e+00 2.9777395175576e-03
403 3.4830820476706e+04 3.1586517519077e+04 -1.0277509566686e+01 3.7138257588306e-04
404 3.2572008365619e+04 3.2200965734353e+04 -1.7884220644414e+02 8.2681217962238e-04
405 3.4329324120018e+04 3.3177592897368e+04 1.1366558454246e+01 2.3290471116021e-03
406 3.3186470262066e+04 3.2748780101052e+04 -9.2320343587058e+00 2.5520348990676e-03
407 3.3852020551288e+04 3.3255169158652e+04 2.0342178852142e-01 3.0532039016297e-03
408 3.2255154699427e+04 3.3036604668596e+04 -1.0658061275223e+02 3.2243892387506e-03
409 3.0118706244442e+04 3.3450988068266e+04 2.4555406634623e+00 1.0630551877446e-03
410 3.0463708268237e+04 3.3440762909798e+04 -3.7242429046236e+00 4.5403995364442e-03
411 3.3113628174091e+04 3.2620905698523e+04 2.8962168203468e+01 2.4579624084691e-03
412 3.4420304442595e+04 3.2215170301103e+04 -6.7304445016477e+00 1.9093157736859e-03
413 3.4930592276322e+04 3.2594022363626e+04 -7.6526143597522e+00 1.9645964841317e-03
414 3.5060178900119e+04 3.2739933288524e+04 3.6677219333223e+00 2.8096691578638e-03
415 3.0322576976528e+04 3.2581901812646e+04 1.7403624109993e+02 1.7069660810161e-03
416 3.3165235231262e+04 3.3010565673416e+04 6.1595906896921e+00 3.0790568272496e-03
417 3.2517357654516e+04 3.2728380958398e+04 -1.0228271832142e+01 2.9918280941202e-03
418 3.2360730837978e+04 3.2958400662351e+04 9.5215609966066e+00 2.6060487092131e-03
419 3.2273136901252e+04 3.2733419709273e+04 4.9640785339103e+01 1.4270847559059e-03
420 2.8868534872470e+04 3.3614061660844e+04 -7.7854127870545e+00 1.8227824994776e-03
421 3.1979728164330e+04 3.2737460795560e+04 9.7723230175677e+01 2.9938749788908e-03
422 2.9776717639615e+04 3.3157086286794e+04 -2.3460645988879e+01 8.8462612124758e-04
423 3.3263917341485e+04 3.1664460138030e+04 -2.0488471096818e+01 3.8712527182529e-04
424 3.0982708030987e+04 3.1864921530537e+04 -2.5129575159973e+01 1.7520860142373e-03
425 2.9717545864304e+04 3.1909625278255e+04 -1.8650816457245e+01 7.7685536581948e-04
426 3.4550985284556e+04 3.3377836044846e+04 1.5386332129148e+00 3.2281480411594e-03
427 3.4352177009180e+04 3.3265013047808e+04 -3.3744883665490e+00 3.1397179311465e-03
428 3.4491496636857e+04 3.3087543368349e+04 -2.3598801893123e+01 9.7763365299943e-04
429 3.7259947013895e+04 3.2675552100876e+04 -3.0954960966496e+00 1.5319543912997e-03
430 3.7979684153348e+04 3.2137072055042e+04 -5.8753002594850e+00 1.0852457741590e-03
431 3.8675610972963e+04 3.2067190830206e+04 -2.0046178070441e+01 8.2917966722342e-04
432 3.9317824095208e+04 3.2723411870953e+04 1.5256941311970e+02 2.3298579134112e-03
433 3.9744251502031e+04 3.2213976905900e+04 5.7147175310302e+01 9.5743500742070e-04
434 3.7764624238235e+04 3.2682467289077e+04 9.0786909707479e-01 8.6863356943368e-04
435 3.5147110919875e+04 3.1644032350702e+04 -4.5953419960602e+00 8.2282520166043e-04
436 3.4406153759652e+04 3.1928411180224e+04 -1.2658031738883e+01 1.3411849702856e-03
437 3.5648597990765e+04 3.1548971311941e+04 -1.2658248446594e+01 8.8191360348817e-04
438 3.0323429310750e+04 3.2561978971243e+04 -1.1063163837690e+01 1.9287860972280e-03
439 3.1046755036004e+04 3.2408216626684e+04 -1.1591792977524e+01 2.6552966750108e-03
440 3.0308632685138e+04 3.2044667357044e+04 -2.5101889916319e+00 4.3351991958285e-03
441 2.9159227383024e+04 3.2357717897450e+04 -8.3094160949729e+01 1.5796772028289e-03
442 3.1085533036969e+04 3.1675840767808e+04 -6.0886351856090e+00 1.2309407182840e-03
443 2.7275512210300e+04 3.2019280367477e+04 -2.6209490844053e-01 1.0263722620355e-03
444 2.9310752242975e+04 3.2556451775118e+04 -1.5436090928397e+01 4.3756851606836e-04
445 3.1165025048747e+04 3.2513193922719e+04 4.9607310838662e+00 2.8084976237177e-03
446 3.0709424742172e+04 3.2187734081475e+04 -7.8115136707887e+00 2.2188522666225e-03
447 2.9827962579014e+04 3.2624687975628e+04 -1.6448225770364e+02 2.2392915407564e-03
448 3.1251619548523e+04 3.2451753720011e+04 -1.5068326017944e+01 2.1913964387511e-03
449 3.5750485699944e+04 3.3167435979623e+04 -7.9401134858841e+00 9.8698510828090e-04
450 3.4516034945750e+04 3.2525644588588e+04 -1.9467453805154e+01 8.2871154741466e-04
451 3.5816716626702e+04 3.3297341133420e+04 -1.0951282875084e+01 2.1211202364385e-03
452 3.2834288126375e+04 3.3238190247789e+04 3.3911439718199e+00 3.2219933739621e-03
453 3.1558491415437e+04 3.3188140091014e+04 -1.7921249693312e+02 3.2596879039010e-03
454 3.4369482282236e+04 3.2455378115018e+04 -3.6441179688838e+01 1.8775861741561e-03
455 3.5009934763247e+04 3.2737765706794e+04 -6.7555050826327e+00 2.6142534108158e-03
456 2.8404587548379e+04 3.1325502688658e+04 -5.8262105945841e+00 4.6183907146391e-04
457 2.6983773047233e+04 3.2661702589268e+04 1.7136389150553e+02 3.6242933683215e-04
458 3.0979078352918e+04 3.3032267933063e+04 -3.4814517088812e+01 2.6171109023309e-03
459 3.1941930755542e+04 3.1880856540519e+04 -5.1883545642934e+01 9.5077366613661e-04
460 3.1712934674968e+04 3.2731462298272e+04 2.0198181000029e+01 2.8682418301168e-03
461 3.2737020133041e+04 3.2286677672833e+04 -1.1011297496372e+01 5.0831118446865e-04
462 2.8925452787147e+04 3.1995719497769e+04 -3.2864438097475e+00 4.4187864665021e-03
463 2.7350128824898e+04 3.2046432473089e+04 8.6161814274409e+00 1.9230499626246e-03
464 2.7026692888184e+04 3.3042293335797e+04 9.3194698790663e+01 3.1046821037694e-03
465 2.7050277535571e+04 3.2624716111757e+04 -8.6365689513314e+01 2.9876270866931e-03
466 2.8298882820443e+04 3.3537253816737e+04 1.8163284142995e+00 2.9357673379056e-03
467 2.8848338241808e+04 3.3415251691817e+04 -5.7919512190456e+00 3.0883155893778e-03
468 2.8641098210916e+04 3.3031521524445e+04 -9.8768694733544e+00 1.9390904482409e-03
469 2.7717481647514e+04 3.1247697100640e+04 -2.4409344296552e+01 7.0744146342524e-04
470 3.0998844403918e+04 3.2840932474624e+04 2.6530634369462e+01 1.8534431228106e-03
471 2.6928342704763e+04 3.3196473217169e+04 7.1562749461251e+01 3.0550139953691e-03
472 2.7135984530726e+04 3.2674797945980e+04 -2.4125827672874e+01 2.0830646695744e-03
473 3.1421570067145e+04 3.2070899103674e+04 -2.4855877159311e+00 1.6020022548045e-03
474 2.8257300845583e+04 3.2167409995768e+04 1.2788691192580e+02 2.3781124606021e-03
475 2.9257860941624e+04 3.2073698174822e+04 -1.7447951470351e+02 1.6671506768586e-03
476 3.1024028530349e+04 3.2175615604919e+04 3.2307249266151e+00 2.2076597798097e-03
477 2.9251644684664e+04 3.2169118527477e+04 -3.9048537927071e+01 2.0892126987760e-03
478 2.7969507755793e+04 3.2527862053962e+04 -5.7384023382806e+00 7.5729977430081e-04
479 2.3325750291746e+04 3.2098141912889e+04 1.7726407819697e+02 7.4797158056629e-04
480 2.1884728171406e+04 3.1688555185797e+04 -1.6182467760122e+02 6.0719220468303e-04
481 2.5138003984621e+04 3.1878558754162e+04 -7.4977025688852e+00 2.4094855947337e-03
482 3.0430383091513e+04 3.1871553140644e+04 7.4914959325195e+00 9.7229561671214e-04
483 2.7209161202189e+04 3.2393559397291e+04 -8.4343280039559e+00 2.9891311359118e-03
484 2.9261324777448e+04 3.2727905128597e+04 -6.3211607741742e+00 2.2731751027559e-03
485 3.0894924507837e+04 3.2535730912222e+04 4.7646907138276e+00 1.8707120946810e-03
486 2.4743226468240e+04 3.3219891347877e+04 1.1998268113452e+02 1.6860605855432e-03
487 2.5453822546143e+04 3.3052081642323e+04 -7.9200621302689e+00 1.5301208994324e-03
488 2.8427603782311e+04 3.2856321110813e+04 -1.3562748813734e+01 2.6962050395929e-03
489 3.0167465149802e+04 3.1318566733220e+04 1.6076521353895e+02 8.7666579003945e-04
490 3.1581172333245e+04 3.0935945495108e+04 -1.0606246931520e+01 5.6649077516897e-04
491 3.1859052453908e+04 3.3222273518921e+04 1.6257413811269e+02 1.3231201635238e-03
492 3.6500615370406e+04 3.2153060260858e+04 -1.7357707816376e+00 2.0507292451606e-03
493 3.2688387695347e+04 3.2580314559269e+04 1.7524749748202e+02 2.6995833392036e-03
494 3.2115649556676e+04 3.4377782190979e+04 -1.7778672106046e+02 1.2770542376193e-03
495 3.0349393917212e+04 3.3154917437130e+04 9.8389390630380e-01 1.2232021620183e-03
496 3.2889230123486e+04 3.3041028042590e+04 -1.6203808908076e+02 2.9324402998937e-03
497 3.3508190297704e+04 3.2869300374162e+04 -5.0906284066256e+01 3.0801214440015e-03
498 3.0817394778123e+04 3.3017091303592e+04 4.7357932770797e+00 1.4090730574830e-03
499 2.8384228393814e+04 3.2262589998889e+04 1.7296084634616e+02 1.1854629468492e-03
