0 4.3572988638859e+04 3.3531605434529e+04 1.5077731835630e+01 3.4496331242295e-03
1 4.2145039458924e+04 3.3714380015148e+04 4.5181022970384e+01 1.8682950625685e-03
2 4.5285946679883e+04 3.3534251035012e+04 -2.7261783244735e+00 3.2342649939300e-03
3 4.4595768729377e+04 3.3944605010485e+04 1.7854769407874e+01 3.6606048971616e-03
4 4.6565447079514e+04 3.3970534845478e+04 8.1310043477205e+01 3.6519670812247e-03
5 4.4241712417306e+04 3.3970472359949e+04 1.7380484589510e+02 8.4885620752180e-04
6 4.9371273040226e+04 3.4013511820671e+04 1.8431640109942e+00 5.5723016203017e-04
7 4.6346705656272e+04 3.4157559579805e+04 -3.9205035373322e+01 3.6439968959288e-03
8 4.4670985461632e+04 3.4687024032962e+04 1.3876064328295e-02 3.0582790113791e-03
9 4.7945374972184e+04 3.4072113887440e+04 1.1816928532179e+01 3.5201823912797e-03
10 4.4185667055451e+04 3.3541211838337e+04 -3.7675308743834e+00 3.3055499292574e-03
11 4.4385416639189e+04 3.3754702429108e+04 1.0765190898805e+02 3.6256333853419e-03
12 4.2276722834896e+04 3.2876006524386e+04 -1.5885196185070e+02 2.5975837619018e-03
13 4.5114351103126e+04 3.3923117893477e+04 4.4592749626236e+00 1.5280200527291e-03
14 4.6446366298799e+04 3.3085665100588e+04 -6.9145658952833e+00 3.1323282140992e-03
15 4.4165681983521e+04 3.3741451350574e+04 -4.5245866467514e+00 3.6311105145633e-03
16 4.3129048102095e+04 3.2790459522962e+04 1.6773826330849e+02 1.2587049081785e-03
17 5.1440706915978e+04 3.1902679559658e+04 -1.3861827104978e+01 4.6296528601444e-04
18 4.2586634755160e+04 3.4717337953273e+04 1.0180761538924e+00 1.9120316286792e-03
19 4.5253205281523e+04 3.3542533144338e+04 -1.6739933319319e+02 2.6640629279114e-03
20 4.4187102033548e+04 3.3122349939693e+04 -5.0824531097912e+01 1.5832350444469e-03
21 4.7402795355584e+04 3.3882076620876e+04 1.5617346590530e+00 3.6058823098034e-03
22 4.2764113987725e+04 3.3578820094870e+04 -7.0420096813007e+00 4.5097340739205e-03
23 4.3164279691796e+04 3.3798857671831e+04 2.4176617154590e+01 2.2906610497551e-03
24 4.2748076014114e+04 3.3910724346595e+04 1.2324626923589e+01 3.2698777925143e-03
25 4.3822473024173e+04 3.3862689484821e+04 1.6718524445548e+02 3.5968368901174e-03
26 4.3413494496897e+04 3.2741661261132e+04 -8.2561030037910e+00 1.1337146184622e-03
27 4.3036167898421e+04 3.3139245467893e+04 1.3206987037711e+02 3.0321359814337e-03
28 4.3850324272543e+04 3.3733774846828e+04 2.8806183630874e-01 1.5607010482055e-03
29 4.3134829292791e+04 3.4125487579146e+04 -1.7791754637589e+00 2.3603560225314e-03
30 4.4187801102691e+04 3.3710680389212e+04 -2.6036312857011e+01 5.6365147223575e-04
31 5.2756015338722e+04 3.3115137706560e+04 -9.9684826902479e+00 1.1924995177767e-03
32 5.2657343665971e+04 3.3663886178637e+04 -6.0930134861008e+01 1.5810808885061e-03
33 4.7870069001438e+04 3.2735960586951e+04 -1.7447480574231e+02 3.3437105911718e-03
34 5.0119185409367e+04 3.2474254665179e+04 -1.1834675778800e+01 8.7096528401396e-04
35 4.6225163171537e+04 3.3286783289484e+04 -1.8565179746888e+00 2.9084357623974e-03
36 4.7939919308250e+04 3.3446543593912e+04 1.4228559113909e+01 2.5710771017877e-03
37 5.1688714502041e+04 3.3587185120630e+04 2.0195855713893e+00 1.9351910349710e-03
38 5.5222352500417e+04 3.3696454479375e+04 -1.1735902919849e+01 2.3216276990004e-03
39 5.7575809053187e+04 3.3189522987601e+04 -5.7435763029176e+00 7.5183765016430e-04
40 5.1678528039857e+04 3.3376997946098e+04 1.3145950030630e+02 8.4972628379845e-04
41 5.4603492881321e+04 3.3784858599261e+04 3.2078586000117e+00 2.3179562725197e-03
42 5.4964645417455e+04 3.2512392112378e+04 -1.2697106784649e+02 6.6174804968407e-04
43 5.3195403882271e+04 3.2939245066339e+04 2.1886196065802e+00 1.0832246664476e-03
44 5.2343885376470e+04 3.3582691708819e+04 4.0920862068100e+01 1.9362410284402e-03
45 5.2551976570973e+04 3.3422364427206e+04 -1.6742739219182e+02 9.4484420137777e-04
46 4.8469524926533e+04 3.2962960983028e+04 -7.1616085200734e-01 1.9816098867754e-03
47 4.4215188824126e+04 3.2957135146882e+04 1.7636210864727e+02 1.3191464690430e-03
48 4.5371064537854e+04 3.2898501903475e+04 1.5988262284726e+02 1.1863310852700e-03
49 5.0831044634306e+04 3.3292013639713e+04 5.1358402498157e+00 1.9050537556361e-03
50 4.6985187314163e+04 3.2866871009567e+04 -3.2750148135181e+01 1.9749044121058e-03
51 5.1235314443298e+04 3.3545475859858e+04 2.2491076391530e-01 2.6972426851671e-03
52 5.1693533979970e+04 3.3326456110176e+04 -2.0222409416818e+00 2.2637246544046e-03
53 4.7595799165354e+04 3.3916283226086e+04 2.9661346968463e+00 3.5863266060102e-03
54 5.0384378829754e+04 3.3539576448208e+04 -4.2360200575461e+00 2.2328759691721e-03
55 5.1824893975238e+04 3.3792693288610e+04 5.4511641664366e+00 1.5922696880325e-03
56 5.1967450200668e+04 3.3437645275601e+04 -6.4676078245940e+00 5.0012715634710e-03
57 5.1826633297694e+04 3.4410159705589e+04 -7.1030791729289e+00 2.9606340191468e-03
58 5.1383118966647e+04 3.5009247688928e+04 -2.2939247007404e+00 3.2119233744489e-03
59 4.8839613915453e+04 3.4056133215787e+04 -1.7156562970063e+02 3.5406952284337e-03
60 4.8256634444901e+04 3.4473080054223e+04 1.7330418595369e+02 1.3501427584641e-03
61 4.7348003844762e+04 3.5153835889138e+04 2.0385574223324e+00 3.7129816287064e-04
62 5.2212540133517e+04 3.4257647569818e+04 -3.3771007599283e+00 2.1927873499081e-03
63 5.4001257894054e+04 3.2721154801760e+04 -3.7915646387131e+00 6.8455934525792e-04
64 5.2237899434152e+04 3.3576133051897e+04 1.6811254934079e+02 2.6946870056372e-03
65 5.1210013952576e+04 3.3461999675149e+04 -2.5489868435454e+00 1.8377003944556e-03
66 4.7427572645587e+04 3.3693864512421e+04 -2.1555362402101e+01 3.3386481172229e-04
67 4.7292760957397e+04 3.2989089762582e+04 -5.4657960141652e+01 1.7949579593859e-03
68 4.8311568355425e+04 3.3303413890845e+04 -1.8476391879198e+01 9.3656600046897e-04
69 4.7217258945045e+04 3.2621527836805e+04 5.3303485904276e+00 1.3642724850169e-03
70 4.9574215831056e+04 3.3046290755025e+04 -6.7048132249795e+00 2.5890447558723e-03
71 5.5526739624011e+04 3.3920398138932e+04 2.8423826790114e+01 3.0523114153138e-03
72 5.5664635919908e+04 3.3762765670447e+04 -2.7866811127153e+00 1.2575357711432e-03
73 5.1394661829690e+04 3.4609450571273e+04 1.9418271380397e+01 3.2382611578974e-03
74 5.4399226864814e+04 3.3332004566285e+04 6.0907568820809e+01 1.9749769206970e-03
75 5.6009410692399e+04 3.3092113709456e+04 -3.3744391168881e+00 1.0471487421745e-03
76 5.2083939074797e+04 3.3071099492931e+04 -1.7269505342837e+02 4.5197595483760e-04
77 5.2687582021784e+04 3.2775240360976e+04 -1.6774981359584e+02 8.3334202318459e-04
78 5.2672553713107e+04 3.3281823246018e+04 -1.0595234278804e+01 2.0444645177282e-03
79 5.5734123957611e+04 3.4732482100806e+04 -2.8153430787100e+01 3.6016365975070e-03
80 4.9451376975111e+04 3.3005692011086e+04 4.7459465627756e+00 1.2461301543194e-03
81 4.6044872043252e+04 3.3318050915689e+04 1.4991736159259e+02 4.7329946103260e-04
82 4.6390357647673e+04 3.4275073666266e+04 -1.5371692897758e+01 2.2179854989426e-03
83 4.4880541991320e+04 3.4148284752114e+04 -8.0154009646061e+01 1.6095297420247e-03
84 4.5218172837615e+04 3.4280095010177e+04 -1.0203704081732e+01 2.0572054642837e-03
85 4.7129312172738e+04 3.3649471211332e+04 -1.5003879592472e+00 4.0346552830665e-04
86 4.3030137797937e+04 3.4049836095391e+04 1.5424043069146e+02 5.8062259297102e-04
87 5.2435859328602e+04 3.3682895227938e+04 2.0331767966425e+00 2.8744102632895e-03
88 4.8374099752285e+04 3.3983703150122e+04 -1.2767603414722e+01 3.3497024480683e-04
89 5.1481895439306e+04 3.2532057488117e+04 3.3141690584717e+00 5.4685928572884e-04
90 4.8458279774333e+04 3.4971018581447e+04 1.0032427148926e+01 2.9164206172407e-03
91 4.9129241787519e+04 3.4626354567088e+04 2.2589506704438e+00 3.3866149944617e-03
92 4.5190699725450e+04 3.4205279460985e+04 -8.5093704657419e+01 2.1076272881663e-03
93 5.3314668485457e+04 3.3882949506600e+04 3.6841003583867e-01 2.4724322061327e-03
94 5.2402366376966e+04 3.3398735099202e+04 -2.3841020036362e+01 1.8959706805928e-03
95 5.1067017264732e+04 3.3397521016193e+04 -1.7697091263316e+02 2.4475954989498e-03
96 5.5667144124514e+04 3.3491223889875e+04 3.6127121191313e+00 1.9250097507816e-03
97 5.2859683496616e+04 3.3160351219671e+04 -3.1250700801916e+01 9.5674633866453e-04
98 5.0164870233312e+04 3.2596618891341e+04 -6.3049990877753e+01 8.2500429606546e-04
99 5.0381607042038e+04 3.3816277742095e+04 -1.5189940657513e+02 2.0539930190065e-03
100 5.1294965357785e+04 3.3242336639106e+04 -1.3458648820542e+01 2.2286277602424e-03
101 4.8828664660197e+04 3.4153183039208e+04 -6.8724934301372e+00 3.6605891521820e-03
102 5.2992846348009e+04 3.3567620746699e+04 9.4843192672296e+00 2.4058856611014e-03
103 4.9634508937952e+04 3.3676148943607e+04 -1.7251553633381e+02 1.5240447791008e-03
104 4.9176278102028e+04 3.4239448448414e+04 5.1751521625977e+01 5.2870752600063e-04
105 5.1027895826932e+04 3.3173108237500e+04 -6.6189716438838e+00 1.9927267254273e-03
106 4.8432724039505e+04 3.4373529968073e+04 1.5295018068502e+02 1.3663460243816e-03
107 4.9030348716593e+04 3.2577554566403e+04 7.1762087063693e+00 4.6746317012350e-04
108 5.4939645051210e+04 3.4594450013011e+04 4.1351351607629e+00 2.6318460491661e-03
109 5.7287247372777e+04 3.3905299612041e+04 -1.2265482855860e+00 1.8093260525824e-03
110 5.8530110925679e+04 3.4432110170760e+04 5.6340691655190e+00 3.8616560793008e-04
111 5.9361757415087e+04 3.3713775494903e+04 -3.3427672936117e+00 1.4539100244845e-03
112 5.4475182824686e+04 3.4658189191818e+04 -2.9972040923332e+00 2.1190640596127e-03
113 5.8185672560454e+04 3.4064655100285e+04 -2.2385706585848e+00 1.5054616188981e-03
114 5.5968919866564e+04 3.3947525128073e+04 -4.4343746619181e+01 3.0570306740494e-03
115 5.9841202359612e+04 3.3904097216991e+04 1.4329224801459e+00 3.0762262915552e-03
116 5.5274769488477e+04 3.3874920593302e+04 -1.3683377140865e+01 2.9403109522239e-03
117 5.2319561268020e+04 3.3884443185861e+04 -4.2087542761248e+00 2.1802156427625e-03
118 4.9863564767823e+04 3.2592415630972e+04 -1.6101406711802e+02 1.2442618586811e-03
119 4.9520667516569e+04 3.3621979500594e+04 -6.6883420728475e+01 2.7436770264851e-03
120 5.1014307714773e+04 3.3996150442848e+04 1.6672575120954e+02 3.1266270407574e-03
121 5.3403047149529e+04 3.3551124152187e+04 -2.3163855707666e+00 2.0596411480699e-03
122 5.1487920251474e+04 3.2539637585355e+04 -6.1449736099455e+00 4.2888140351992e-03
123 5.3975533853923e+04 3.2577593801248e+04 -1.0500843668615e+02 8.8127079061711e-04
124 5.0686892388450e+04 3.3942725196785e+04 2.4890461691459e+00 3.2812439630475e-03
125 5.2746227513950e+04 3.4059803722538e+04 -2.0714955239655e+00 2.7487004950166e-03
126 5.0890237854112e+04 3.4330006254484e+04 -1.3048856730424e+02 2.8661577987370e-03
127 4.7837276695995e+04 3.4012637546243e+04 1.7361025863646e+02 3.4858582056881e-04
128 5.0762097865873e+04 3.3963114494741e+04 -1.7945606983998e+02 1.4282192257110e-03
129 5.3136380065140e+04 3.3841743074200e+04 8.0360093527019e+00 2.9429939878287e-03
130 4.8786043525250e+04 3.3925881938394e+04 -1.2839783696724e+02 2.7401510135510e-03
131 5.2681940904047e+04 3.3988997717909e+04 -1.1119190868913e+01 3.3623809381752e-03
132 5.4445227328865e+04 3.3604415141424e+04 -2.6848298990604e+00 2.4520595018290e-03
133 4.6241341766020e+04 3.4389547633610e+04 -1.6649064205310e+02 1.2044556397761e-03
134 4.8419965452458e+04 3.3336872762722e+04 -1.3184642523543e+02 8.2120840228690e-04
135 5.3040696463503e+04 3.3499569663428e+04 -1.6860845303155e+00 3.8727308194800e-04
136 5.5931468921731e+04 3.4564847633504e+04 -7.7090395573765e-01 3.6594126596241e-03
137 5.3788494030183e+04 3.4069932929559e+04 -6.1724353959012e+00 3.7668371650106e-04
138 5.3840136222440e+04 3.4027410002727e+04 -1.0012773064543e+01 3.4946019046194e-04
139 5.5036271658367e+04 3.4237518398226e+04 1.3518289845852e+01 3.2027189028047e-03
140 5.7444420864584e+04 3.3664209714864e+04 -3.3831538987285e+00 1.5601874119993e-03
141 5.4059827350021e+04 3.3762385591988e+04 -1.8721313211618e+01 2.8830820418180e-03
142 5.3978692363485e+04 3.3638062147870e+04 -2.4403626226318e+01 1.5792295836138e-03
143 5.5672275925698e+04 3.4273257828851e+04 3.8431270211081e+01 2.8411765596774e-03
144 5.3813986949337e+04 3.4199142087058e+04 -4.6916372364133e+00 4.1933900810208e-03
145 5.6800560596964e+04 3.4600264742272e+04 -6.9611936620537e+00 3.6559214448569e-03
146 5.7203706862093e+04 3.4856795273741e+04 6.8201242858531e+00 3.4668673242796e-03
147 5.3861089669821e+04 3.3707934087919e+04 -1.3167403470923e+01 3.7151767542916e-04
148 5.4429901727374e+04 3.3667700533817e+04 -1.6477580029458e+02 1.3291605380680e-03
149 5.8820146451367e+04 3.2794024958471e+04 5.8969424086221e+00 7.7393925759860e-04
150 5.7739194765759e+04 3.3362726244893e+04 2.1404403330820e+00 1.2753218276293e-03
151 5.5842483557006e+04 3.4097654293625e+04 2.2522201835204e+01 1.3393557467630e-03
152 5.5365592438905e+04 3.4027332309940e+04 -6.1142394463003e-01 3.1414491727828e-03
153 5.4851667652719e+04 3.4341966107464e+04 1.4693918762238e+02 3.2083937939222e-03
154 5.8181243838751e+04 3.3634124391669e+04 2.4487634544642e+01 2.1358460552818e-03
155 6.1671756633913e+04 3.3963461815638e+04 -2.1615756823010e+00 8.6399338427731e-04
156 6.2622017532214e+04 3.4719436181869e+04 -2.8606392037254e+00 3.4119307794736e-04
157 5.8643575759570e+04 3.4993063573372e+04 4.0717887760239e+00 2.2093947715682e-03
158 5.9067670095193e+04 3.5074889548631e+04 -8.8224685114423e-01 3.5941246875007e-03
159 5.7869828925895e+04 3.4256481397960e+04 -1.7626619928390e+02 1.2591354530403e-03
160 5.9847933195185e+04 3.4362657314257e+04 -8.5182257467554e+00 2.9535896513240e-03
161 5.8740105439960e+04 3.4263774070190e+04 -1.3365741300748e+00 2.9762119235276e-03
162 5.7379445802941e+04 3.4400232638429e+04 1.5265523696971e+02 1.2376062010229e-03
163 5.9452260838103e+04 3.3893398404444e+04 -5.7301868895704e+00 1.7581074168393e-03
164 5.9530826289308e+04 3.4405526977395e+04 -1.2134640084255e+01 3.4130638709720e-03
165 5.8463810148238e+04 3.3514276316763e+04 -1.3814595655974e+01 1.9093490901169e-03
166 5.9442790223945e+04 3.4758309924957e+04 1.1194057267281e+02 3.6154587831549e-03
167 5.8954717852949e+04 3.4385074423168e+04 -3.8913673427092e+01 3.3077116795796e-03
168 5.6581486382510e+04 3.5087293337605e+04 -3.1450303489310e+00 1.5381437764447e-03
169 5.8164300713769e+04 3.4432557398951e+04 1.2734676709597e+01 3.4777787612606e-03
170 5.9001121776535e+04 3.3878981195386e+04 -7.1762459351755e+00 3.2238755976768e-03
171 5.9985598404050e+04 3.4122804759908e+04 -5.4703506074632e+00 2.5749852561675e-03
172 5.4439569482805e+04 3.5115031370366e+04 5.5454116808485e+00 4.4927531881618e-04
173 5.4470131583007e+04 3.2844247246243e+04 -2.1904325941366e+00 5.1519215224080e-04
174 5.0188248236296e+04 3.3944787792865e+04 -1.4646358407866e+02 4.1754193293873e-04
175 5.3839179274756e+04 3.3821261476182e+04 -4.5747536817882e+01 1.8164317931077e-03
176 5.6641253259746e+04 3.4637225563460e+04 -1.2868239358020e+00 3.6319639390546e-03
177 5.4799691632657e+04 3.4735688678765e+04 1.0604332467260e+01 2.4802496256559e-03
178 5.6236932286984e+04 3.4090195516543e+04 7.6147922557717e+00 1.9470021979973e-03
179 5.7513353497823e+04 3.4236931788634e+04 8.3724207708100e+00 3.3537804246598e-03
180 5.5151813882476e+04 3.3809155140115e+04 -5.4848940594761e+01 2.2033131259900e-03
181 5.9363977145001e+04 3.2628515976335e+04 -8.0107297168230e+01 1.0446704104966e-03
182 5.5393160504478e+04 3.4091674616298e+04 6.7983519242629e+00 3.3371744554883e-03
183 5.6801012824241e+04 3.3129206340410e+04 4.1598536112653e+00 1.3801443288808e-03
184 5.7067222353581e+04 3.4171703398004e+04 1.1003969893509e-01 1.8308980410655e-03
185 5.4896932234293e+04 3.4994333723924e+04 9.0531942427351e+01 2.1373474338983e-03
186 5.7062684620525e+04 3.4529117753538e+04 -6.0434844584147e+00 7.2868504134408e-03
187 5.7048702985257e+04 3.4515525925160e+04 -3.1059631959339e+00 3.1564786080604e-03
188 5.4282662905609e+04 3.4327905530830e+04 1.7554690941762e+02 3.4249336492748e-03
189 5.4160702605409e+04 3.3845076316830e+04 -1.4626677247779e+01 2.2030423429626e-03
190 5.3821988864268e+04 3.4722492828674e+04 5.5965664379144e-01 7.6919910428816e-04
191 5.6627458698168e+04 3.3955867605663e+04 1.4713605529662e+02 2.3112955837217e-03
192 6.2149779993496e+04 3.4447855963216e+04 -7.6503677447063e+00 5.9053521126622e-04
193 6.1557702034667e+04 3.4731235536600e+04 3.0168454743920e-01 8.1197203716114e-04
194 5.7893882217858e+04 3.4361673610475e+04 -1.5405759053370e+02 3.0911044440671e-03
195 5.8118274097888e+04 3.3155748641642e+04 1.1882593258819e+01 5.6308922164807e-04
196 5.7572931833481e+04 3.3119526293899e+04 1.4877599639709e+02 4.3010599890138e-04
197 5.3207574375574e+04 3.3552643189058e+04 -1.4225386165083e+02 2.6349799338611e-03
198 5.2646026224378e+04 3.3573796165689e+04 1.7533221336123e+02 2.6996586346102e-03
199 4.9140325142950e+04 3.2883148338520e+04 -5.4788511733099e+00 1.4248981750662e-03
200 4.4398511701985e+04 3.2779890645090e+04 7.3890711950910e+00 7.7694012233925e-04
201 4.3901155613995e+04 3.4219234632365e+04 8.5416193438645e+01 1.7934036630709e-03
202 4.8379153911983e+04 3.4143885694186e+04 -5.3181437030912e+00 3.1779681837000e-03
203 4.8746924182191e+04 3.4016916275924e+04 -1.5362640975289e+00 3.4111344759565e-03
204 4.4498182770873e+04 3.3574755654793e+04 -5.9052057040430e+00 6.7702851794121e-03
205 4.4528948844425e+04 3.3634896307568e+04 1.4711415055124e+00 2.8600357998090e-03
206 4.2106318161421e+04 3.4316896610437e+04 -3.4658743508163e+00 3.3900453668865e-03
207 4.0344688794978e+04 3.3234630441935e+04 -4.6988728899833e+01 3.1506869859434e-03
208 3.8290664644836e+04 3.3672003916759e+04 -1.7217550398645e+02 2.6823909162593e-03
209 4.5501482075110e+04 3.2749356314336e+04 1.6705238135565e+01 3.4006489689478e-04
210 4.4158266211484e+04 3.3461206436618e+04 1.7093797735563e+02 9.2976759508996e-04
211 4.5759099191018e+04 3.2750975719711e+04 -2.1605175162216e+01 6.0659572852534e-04
212 4.3680113456865e+04 3.3512386504204e+04 -1.0127950005511e+02 3.3321388674384e-04
213 4.9673902695826e+04 3.4165792718085e+04 -1.5825927574103e+01 4.0170682251081e-04
214 4.9752810564807e+04 3.3111642758369e+04 -2.3159193545288e+01 1.9757910824737e-03
215 4.7596792257531e+04 3.3478202683540e+04 -1.6653299807101e+02 3.0980889756862e-03
216 4.8712630061448e+04 3.3594976440855e+04 2.4398689417644e+01 2.3845333548197e-03
217 4.9639728524915e+04 3.3476365055511e+04 -9.0180917060405e+00 2.7029874333195e-03
218 4.7943235340974e+04 3.3593078417435e+04 -2.6739532162925e+01 1.1041392671049e-03
219 4.5211247805736e+04 3.4512033846012e+04 1.5174078737152e+02 2.9715295168560e-03
220 4.6215034896739e+04 3.4349788808373e+04 -8.6093271225766e+00 3.0487339085608e-03
221 4.6803716354359e+04 3.4563197669055e+04 -8.8269136788669e+01 2.2088578752400e-03
222 4.6671980804261e+04 3.2486245595524e+04 1.7017417218554e+01 4.7816715888921e-04
223 5.7297507122710e+04 3.2672918654519e+04 -1.3155719051618e+01 4.3184419919216e-04
224 5.8142625118031e+04 3.3502714822996e+04 -3.2643009372132e+00 8.1445840662260e-04
225 5.3057647895169e+04 3.4462546475360e+04 1.2744747966725e+02 1.2637818877806e-03
226 5.6839583863867e+04 3.3620509324310e+04 -1.1223203157012e+01 2.0564550955499e-03
227 5.4389380584409e+04 3.3589694975842e+04 1.8614727460731e+01 2.4733860726610e-03
228 5.5309705611093e+04 3.4009722243700e+04 4.4935150222622e+01 3.2259951566587e-03
229 5.8554249501350e+04 3.3491892028909e+04 9.7949348343069e-01 6.3640480221565e-04
230 5.4614899895505e+04 3.3210979459060e+04 -1.5597539584980e+02 1.7010239630495e-03
231 5.9751273983310e+04 3.3790537991122e+04 -6.5899770617092e+00 2.3116896277441e-03
232 5.9259025814454e+04 3.4187529400150e+04 -5.0089424687243e+00 1.7401408796471e-03
233 5.7306519168970e+04 3.4619091972164e+04 2.4004100929510e+00 3.7698864229782e-04
234 5.6331011442679e+04 3.4024768161032e+04 -8.9886414031404e+00 3.0485037077688e-03
235 5.9117325095587e+04 3.3637272016356e+04 -1.3803095658556e+01 1.6598220575436e-03
236 5.2464906655948e+04 3.4053042293819e+04 1.8501020350172e+00 3.4744749660897e-03
237 5.2863152142667e+04 3.3403646995019e+04 -5.2801015218888e+00 2.3765626502632e-03
238 5.9014137896436e+04 3.3228423225623e+04 1.4897280971698e+00 5.0429484285770e-04
239 5.3305731989870e+04 3.3783332868667e+04 3.6140416771684e+00 1.5748164783617e-03
240 5.2359859608218e+04 3.3740962923926e+04 -8.4392542854798e+00 1.6605920992258e-03
241 5.4469681426974e+04 3.2799520607016e+04 1.7870519775049e+02 3.7183648717388e-04
242 5.3287625133994e+04 3.3834975106625e+04 -2.0939377423924e+01 2.5240437414746e-03
243 5.4915672938237e+04 3.3772696255782e+04 2.3013289063165e+00 2.8119249219702e-03
244 5.8169693009124e+04 3.4190369244427e+04 2.5489649780190e-01 4.5576665868830e-04
245 5.1967096413467e+04 3.3101170263870e+04 7.7003988665296e+00 1.0006469785084e-03
246 4.6627343039420e+04 3.2876130620371e+04 1.4449117915434e+00 2.0717779938677e-03
247 4.4992346439285e+04 3.4163123047764e+04 1.0161228483116e+01 1.4765245842462e-03
248 4.5576630178581e+04 3.3591355307844e+04 -2.3290520668031e+01 3.3246617716426e-03
249 4.6293731468714e+04 3.3738965806014e+04 1.7504016310524e+02 3.0211148700677e-03
250 4.7640715263702e+04 3.3883338045383e+04 7.4240923233886e+00 3.3636365045299e-03
251 4.5174154691213e+04 3.3357943472894e+04 -7.7456686351657e+00 1.1383729763661e-03
252 4.7181182015272e+04 3.3187389655082e+04 -9.8174342927202e+00 3.6879780195210e-04
253 5.8538316777770e+04 3.2864325776986e+04 -6.7094054296965e+00 5.9631317222465e-04
254 5.4417498064150e+04 3.1334572357739e+04 6.5142281987448e+01 3.5573547106888e-04
255 4.7932701630935e+04 3.3527339047458e+04 7.5683628115221e+00 3.1812848942254e-03
256 5.1286754629533e+04 3.2691342911209e+04 -2.6494280519741e+00 3.8759754419140e-04
257 4.7532080622590e+04 3.3262994835277e+04 1.7123517818516e+02 2.2163332920062e-03
258 4.7173188174601e+04 3.2958684460380e+04 -1.7135904357193e+02 2.1236601145376e-03
259 4.7333331692282e+04 3.3246520666233e+04 1.0659909085147e+01 1.6898764372294e-03
260 4.8861722346609e+04 3.3870782543499e+04 -3.3279318551537e+00 8.8623457352698e-04
261 4.5006867336419e+04 3.3940658932325e+04 5.0701584446331e+00 3.5778647185131e-03
262 4.5590371063030e+04 3.3716928483916e+04 1.3688910583001e+01 1.5894995386715e-03
263 4.8869594615906e+04 3.3039147774980e+04 2.4222615957229e+01 2.1413995083795e-03
264 4.5396147482643e+04 3.2871464409452e+04 -3.2918605449464e+00 3.3537458482822e-04
265 4.4250608167671e+04 3.3250911105226e+04 -1.6394202467755e+01 2.7403709495858e-03
266 4.3109601299955e+04 3.3548428807553e+04 -1.1414929108990e+00 3.5449664411712e-03
267 4.5648873138088e+04 3.2952040347253e+04 -1.2974570860145e+01 1.9162944903272e-03
268 5.3762630611636e+04 3.2609164042139e+04 -8.5999436635292e-01 4.7003175044302e-04
269 5.9519291112692e+04 3.3969505007342e+04 -6.2290421119700e+01 1.4623080929262e-03
270 5.8930228569494e+04 3.3453176900669e+04 -6.5104519682062e+00 4.5669140969663e-03
271 5.7281715614097e+04 3.3685235485786e+04 1.3662966607152e+00 5.0983834089729e-04
272 5.2818698013507e+04 3.3736990292795e+04 1.6150222916333e+02 3.3766604059163e-04
273 5.8038985051075e+04 3.3802052282857e+04 6.3636872181794e+00 1.8509605707622e-03
274 5.7468125122430e+04 3.3469585098595e+04 6.3098760241487e+00 1.9155603267960e-03
275 4.8490314513110e+04 3.4039909371282e+04 -1.1011755200579e+01 6.9436505853982e-04
276 5.2923591944614e+04 3.4139111246123e+04 7.6843298356206e+00 2.8657122524836e-03
277 5.2938977255370e+04 3.4115337496161e+04 4.9237426100795e+00 3.5154855566285e-03
278 5.3298061224266e+04 3.3691038929239e+04 -8.3836402571916e+01 8.9850400288116e-04
279 5.5004425299103e+04 3.4158132063469e+04 1.3384180478387e+00 3.4472490954710e-03
280 5.4422360929942e+04 3.3316334286323e+04 1.3720469377033e+01 1.8187586641511e-03
281 5.1012734815361e+04 3.3927264306235e+04 -1.2357799105873e+01 6.7539675715669e-04
282 5.2310408600849e+04 3.4686662956580e+04 2.0649241846428e+01 6.1054142364909e-04
283 5.0359139256184e+04 3.4553618871970e+04 3.2025659596799e+00 2.4055332921461e-03
284 5.5061159124278e+04 3.3742881930929e+04 4.9934520994968e+00 1.3995303206796e-03
285 4.2356806413344e+04 3.3327466090936e+04 -1.7428842451790e+02 3.7565987836548e-03
286 4.1005521212702e+04 3.3183929848878e+04 4.2087200272993e+00 1.7022198551969e-03
287 4.1179455665882e+04 3.2538076190245e+04 7.4627967181740e+00 8.0022720561488e-04
288 4.0983680733674e+04 3.2800401114593e+04 -1.6469297042909e+01 4.2504292363943e-04
289 4.3123491195771e+04 3.3049765426426e+04 1.7954812349632e+01 2.2859417742909e-03
290 4.2487146534968e+04 3.3149339686501e+04 1.8792786567298e+01 2.9716808435303e-03
291 4.8286068322641e+04 3.3808148706377e+04 3.8409452270361e+00 2.9167073118090e-03
292 4.7362380645332e+04 3.3565140345938e+04 -8.6326447551682e+01 3.2563811628381e-03
293 4.7298233326814e+04 3.4229657913347e+04 -1.7955633795087e+02 3.2556910373658e-03
294 4.7225840071553e+04 3.4067104929522e+04 1.4196907080357e+01 1.5039117168132e-03
295 4.6506301050314e+04 3.2566658347748e+04 -1.3637918303913e+02 4.0407889506599e-04
296 4.4144509855687e+04 3.3375575422649e+04 4.0378035260184e+00 6.8624702371138e-04
297 4.1817444176527e+04 3.2487837591450e+04 -1.7215021196896e+02 1.5763380515814e-03
298 4.4442270859979e+04 3.2448215582686e+04 -8.8007315066682e+01 1.5416864656819e-03
299 4.2044162404042e+04 3.2853179391732e+04 -1.7395692152438e+02 5.9556933274983e-03
300 4.1871124395739e+04 3.2281466650365e+04 -1.9859826174022e+01 7.2139877574040e-04
301 4.2663718434595e+04 3.1831967165996e+04 -3.5836279949505e+01 8.5239605514403e-04
302 5.8804605107831e+04 3.3549574963196e+04 -2.5271556210711e+00 1.5916521164125e-03
303 6.2851724666168e+04 3.3026097151593e+04 -7.4999488632500e+00 5.3807688099503e-04
304 6.1120229572360e+04 3.2469780383656e+04 -1.5158364031419e+02 3.5237649093261e-03
305 6.1892974493667e+04 3.3383971243255e+04 -1.4246997193891e+01 1.1179323744641e-03
306 5.3518481761970e+04 3.3761842846673e+04 7.9891674042109e-01 2.9927609672354e-03
307 5.0794063710016e+04 3.3866405208291e+04 -3.1801439319427e+01 4.7818129451401e-04
308 5.7003999597864e+04 3.3245692677961e+04 -3.0000641182199e+00 1.2800650985057e-03
309 5.5244021427224e+04 3.2902809845028e+04 1.7907673758817e+02 9.4865934614502e-04
310 5.2844422585333e+04 3.2802498109311e+04 1.7054603212865e+02 4.9286518917831e-04
311 4.9366687265128e+04 3.2806371121542e+04 -1.4072747525982e+02 4.5962362057900e-04
312 5.2957961978038e+04 3.3038023796098e+04 -4.3524842581090e-01 4.8152694461635e-04
313 5.1723194743079e+04 3.2180815783648e+04 -2.7908130128683e+01 3.4076983299712e-04
314 5.5410499577382e+04 3.3542052595155e+04 -2.3673571612103e-01 9.3563342334919e-04
315 5.4583730094598e+04 3.3828332315391e+04 -1.5686580724093e+02 1.5422768228707e-03
316 5.3312283019669e+04 3.4455947310258e+04 6.7078511920641e+00 2.7544604777198e-03
317 5.3315348239756e+04 3.4700696018441e+04 1.5438897576998e+02 3.5883111516526e-03
318 5.4485956565980e+04 3.4451966155279e+04 -2.0100365971298e+01 2.3810079200833e-03
319 5.3173182668955e+04 3.4236795586202e+04 -7.4010462315948e+01 2.1099275748660e-03
320 5.1720592369913e+04 3.4156593723898e+04 -1.7761296704853e+02 7.9208388929499e-04
321 5.1977022729999e+04 3.3610950857643e+04 1.5571660154452e+02 1.1537301212578e-03
322 5.4626368541742e+04 3.4430064011983e+04 1.1978040309851e+01 3.6453076870479e-03
323 5.2733124641775e+04 3.4953895143961e+04 1.6589819415880e+02 8.4821949693795e-04
324 5.4686149266887e+04 3.4027093531223e+04 -4.9734613521653e+00 4.5081258951005e-03
325 5.6126038591501e+04 3.3643742673799e+04 -1.2564255230583e+02 2.4110367260115e-03
326 5.5876269652476e+04 3.3601437564995e+04 4.7509671663493e+00 1.9660050055683e-03
327 4.8682384811982e+04 3.3774283401619e+04 -3.8393216057693e+01 1.8583125772712e-03
328 5.3401051750235e+04 3.4003503887454e+04 6.7181114590643e+01 3.1207532783661e-03
329 5.3920946902868e+04 3.4307998456186e+04 -1.7696101161922e+01 2.3828793810538e-03
330 5.1338606220152e+04 3.4816730032808e+04 1.7583041840549e+02 2.7738234263963e-03
331 5.8313426287348e+04 3.3962977598788e+04 -4.3720285052268e+00 7.2758598093761e-04
332 5.4908068108526e+04 3.4542859420312e+04 -2.5729440809535e+00 3.6357405585280e-03
333 5.4310708408369e+04 3.4928141410500e+04 -7.7595595209520e+00 6.5399678601698e-04
334 5.3753598762480e+04 3.3370908886986e+04 2.9754149497383e+00 2.0932648034107e-03
335 5.4738232749109e+04 3.3408482633915e+04 -2.6635817804630e+00 2.0205411171379e-03
336 5.0851225718237e+04 3.4409831517165e+04 8.4590234080672e+01 9.5809901876338e-04
337 5.2525242624470e+04 3.3341889826815e+04 -6.3395313803913e-01 3.7817246855887e-04
338 5.0023187193771e+04 3.3563125400869e+04 -5.5053747489967e+00 4.7843403112966e-03
339 5.4978019013442e+04 3.3487881199404e+04 1.6353517911629e+02 1.1257737393310e-03
340 5.2885228535689e+04 3.4026244223790e+04 -3.7065336605027e+00 3.2420746742068e-03
341 4.5564940329787e+04 3.3527599166399e+04 1.6187506661699e+02 8.1954326928013e-04
342 4.8343207476538e+04 3.3554528160763e+04 7.6884215050154e+00 3.1565737009136e-03
343 4.9628276825919e+04 3.3204962006530e+04 -1.5797358021968e+02 5.8333136000607e-04
344 5.8507366600153e+04 3.3146795951604e+04 -2.5662359199130e+00 8.3490266131704e-04
345 5.3600187450264e+04 3.3582265644178e+04 -1.6750898073883e+02 1.6149797749378e-03
346 5.1643401372038e+04 3.3537514766028e+04 2.6310723869917e+01 8.8685436739986e-04
347 5.4527133897692e+04 3.3393858674206e+04 -4.6735088624099e+00 1.7066928200937e-03
348 5.4252647772610e+04 3.4415130638644e+04 -3.4926584219388e-01 2.4723287076152e-03
349 4.8732749747755e+04 3.3859754320583e+04 -1.6092163554902e+02 6.2090680620121e-04
350 5.5659890910919e+04 3.3285185681415e+04 4.1933638194910e+00 1.5958983853212e-03
351 5.2375510960634e+04 3.3627250100052e+04 -8.2251321211630e+00 4.6702628804172e-04
352 5.5440531090682e+04 3.3719304812063e+04 7.6214969439081e+00 2.0112451497352e-03
353 4.9632189770986e+04 3.3347846168262e+04 -1.2859108076067e+01 2.3980562439388e-03
354 4.6340848056474e+04 3.2892774450820e+04 -1.4344774586014e+02 9.8337589304200e-04
355 4.5713178432866e+04 3.3308943893633e+04 -1.1547850384385e+01 1.3623744528894e-03
356 4.3800548748877e+04 3.4730307161523e+04 2.7117742822770e+01 3.3359477250070e-04
357 5.0357696665696e+04 3.4535090370322e+04 -3.1985702934257e+00 3.6097433699630e-03
358 4.6863696181830e+04 3.3304110702683e+04 -1.7409636795805e+02 7.4314873856720e-04
359 4.7948705427109e+04 3.4593957624111e+04 5.1836667595152e+00 1.5180595560759e-03
360 5.0218004594488e+04 3.3478093613026e+04 -3.7721668231300e+00 6.7603650630559e-04
361 5.1033893395562e+04 3.3933647209559e+04 -3.6381249732316e+00 2.2043781625546e-03
362 4.4156439537940e+04 3.3970985069113e+04 1.7259827547307e+02 7.7057031500114e-04
363 4.8893813208185e+04 3.3531380591214e+04 5.2680542151972e+00 3.0844752659215e-03
364 5.0782794875586e+04 3.2849803275076e+04 -3.3211403003849e+00 1.2434733148123e-03
365 4.5403963506844e+04 3.3458220146281e+04 1.7696484920255e+02 2.1536173298820e-03
366 4.5688198270910e+04 3.3135379825473e+04 -4.8152989978799e-01 2.4370955449166e-03
367 4.1635644253230e+04 3.3955289564554e+04 -6.2949107500053e+00 3.5033459305870e-03
368 4.3813373069137e+04 3.3481288274579e+04 1.0681081480949e+01 8.2877894095578e-04
369 4.4671640104593e+04 3.3364989239061e+04 -2.2284252138660e+00 2.1596892831159e-03
370 4.6568814005201e+04 3.3092638640236e+04 -1.0500561025249e+01 6.4755425025466e-04
371 4.4498939227515e+04 3.3209119231836e+04 -2.8330205905660e+01 1.4460295880300e-03
372 4.5913343347607e+04 3.3091238649736e+04 1.7726676446916e+02 1.4476758812304e-03
373 4.5816534656706e+04 3.2824858112220e+04 -1.7385546404366e+02 4.3574814291486e-03
374 4.8707805413314e+04 3.3219564914467e+04 -1.1736971503647e+02 1.7778207197724e-03
375 4.6588639377670e+04 3.2959099633476e+04 1.7691211042694e+02 2.1897750202314e-03
376 4.7505297156766e+04 3.3475105288483e+04 -8.3747536635576e+00 2.6469987980302e-03
377 4.9100152088303e+04 3.5438388902592e+04 5.9372595961893e+00 6.0653177254703e-04
378 5.1566757636475e+04 3.4213861628977e+04 5.3743347506878e+00 3.3834667170130e-03
379 5.1723168654418e+04 3.4468254835555e+04 -2.0454994672991e+00 3.6282681010791e-03
380 5.0309586895835e+04 3.4699517009550e+04 5.3186952769336e+01 2.8331373209234e-03
381 5.1873233525652e+04 3.4252386116611e+04 -9.3487350697458e-01 6.1224879521315e-04
382 5.0071469335652e+04 3.3221735282972e+04 1.0222554511216e+02 1.5659587093046e-03
383 5.1033288424224e+04 3.4463741452608e+04 -1.1865331212370e+01 2.1928155427246e-03
384 5.1051162371007e+04 3.4388944325955e+04 -2.5670600225199e+01 2.0170930439369e-03
385 4.6518213692440e+04 3.3299018788943e+04 -1.7400828964518e+02 4.5101463146182e-03
386 4.8382988949263e+04 3.3271190390612e+04 -1.6832336900995e+01 6.6673542054550e-04
387 5.6899976333644e+04 3.3147867817594e+04 6.3009949833808e+00 4.0846342983393e-04
388 5.2034487487576e+04 3.4248763426085e+04 1.3021795115428e+02 3.4876068309793e-03
389 5.1906684385242e+04 3.4017834983892e+04 -1.4539431727053e+02 3.4747788856790e-03
390 5.4895819173811e+04 3.4055121660997e+04 8.3772787072414e-01 3.0502408972540e-03
391 5.4227125586283e+04 3.3677895246267e+04 -1.0406306307243e+01 6.8486342910181e-04
392 5.1113248442089e+04 3.4501004588958e+04 3.1109709610798e+00 3.6586001064433e-03
393 5.1349576941081e+04 3.3775837342184e+04 1.7610165919888e+02 8.9568883353445e-04
394 4.6758767276033e+04 3.2992262008325e+04 -7.2126663085928e+00 1.5272673820660e-03
395 5.2262503382367e+04 3.3038815259587e+04 -5.7709576711955e+01 7.6342259714047e-04
396 5.6335781339548e+04 3.2793867911099e+04 -1.1319830720014e+01 9.3179860689232e-04
397 5.9612919854930e+04 3.4181310203554e+04 -3.4103983966664e+00 2.8556572350621e-03
398 5.8055102969466e+04 3.4583378415004e+04 9.4389689349622e+00 2.5509442251199e-03
399 5.5573738845241e+04 3.4704611970541e+04 1.7097650075337e+02 5.4314046712365e-04
400 5.8379453484442e+04 3.4334464820632e+04 1.7646000722620e+02 3.3391212752476e-03
401 5.5955888846188e+04 3.4710259051890e+04 1.4839028577639e+02 3.5628195710986e-03
402 5.6085151946669e+04 3.4104124479567e+04 -4.4534713622827e+01 1.5659403223150e-03
403 5.8612126753318e+04 3.3404780285299e+04 -3.6491836652229e+00 1.1814517705601e-03
404 5.7263987662790e+04 3.3005911891382e+04 1.5602628094594e+02 7.2543658578460e-04
405 5.5308457449887e+04 3.4862278008523e+04 -2.9022528476866e+00 1.9018322971117e-03
406 5.2065116293436e+04 3.4895259673979e+04 2.5788431049769e+00 1.4138161269322e-03
407 5.7730584690961e+04 3.5931082484697e+04 1.7753608089230e+01 1.7618795779703e-03
408 5.6387887270072e+04 3.4625136560881e+04 3.5619156238459e+00 3.6527978122086e-03
409 5.4362178022104e+04 3.4823243192240e+04 4.6515505508576e-01 2.6738663301292e-03
410 5.4724466431445e+04 3.5114034109978e+04 1.7152078090470e+02 1.4927556559972e-03
411 5.5537523347075e+04 3.3472513476432e+04 -1.6453733354670e+02 5.6379119444521e-04
412 5.1966295825909e+04 3.3571565721255e+04 -1.6361459909625e+02 3.4363680173747e-04
413 5.0364520590962e+04 3.4471974086912e+04 -1.0383297132535e+00 4.6165381817745e-04
414 5.2719303797084e+04 3.4228252292505e+04 1.7410708413151e+02 1.0936812163905e-03
415 5.4750631069813e+04 3.3976681485219e+04 1.7704736593308e+02 3.0212395992996e-03
416 5.6859076243858e+04 3.4040870970900e+04 -3.9954133952000e+00 3.0270741205615e-03
417 5.8068005431172e+04 3.3325729068822e+04 -4.1979008864110e+00 4.0896109093525e-04
418 5.6200590222488e+04 3.3035372875222e+04 -1.6969824226119e+02 4.3885474479358e-04
419 5.7399674757901e+04 3.4171525667443e+04 -1.5310205804484e+01 3.2324290254304e-03
420 5.8328838539275e+04 3.3820898619549e+04 -5.3426359577491e+00 3.0601199128013e-03
421 5.5245487327151e+04 3.4146903806358e+04 -6.9484634903649e+00 2.9433508569245e-03
422 5.7499537880132e+04 3.3778667451122e+04 4.4569531831240e+00 1.1900203276402e-03
423 5.7832129486845e+04 3.3604677937632e+04 -7.2103651538576e+01 1.5115044541334e-03
424 5.5720856478873e+04 3.5012653890648e+04 1.7799028975978e+01 9.9993488067086e-04
425 4.8612458599097e+04 3.3531748468334e+04 6.5172275989289e+00 1.9695697266081e-03
426 4.5313143310541e+04 3.2387333535237e+04 -1.1074804663532e+01 3.3280544747789e-04
427 5.3061453777978e+04 3.3857332018802e+04 -4.2294880598039e+00 2.5888113610460e-03
428 5.3123785547960e+04 3.3957482905831e+04 -6.6566921064388e+00 4.8398202395404e-03
429 5.3650897763870e+04 3.3684999788551e+04 -3.7563485353357e+00 2.0447196144031e-03
430 5.2134734794010e+04 3.4853825579081e+04 6.0057136612193e+00 3.2026312524327e-03
431 5.4489355638072e+04 3.3713534289728e+04 2.3628710505166e+00 2.3329641553472e-03
432 4.8260466634371e+04 3.3941412641850e+04 8.2885946929480e-01 3.5221968364068e-03
433 4.7913027810609e+04 3.4228290441942e+04 -1.0672278323726e+01 2.9612489173715e-03
434 5.1889648725283e+04 3.2106521255813e+04 -1.4322078184314e+01 5.1519160607107e-04
435 4.8356859185508e+04 3.2771003555776e+04 -4.8927066947902e+01 1.4076804370018e-03
436 5.1136743002501e+04 3.2974351811537e+04 -7.3753681528168e+00 1.5364243012031e-03
437 4.6188579061532e+04 3.3952995476614e+04 1.6640816903495e+02 1.9782051288816e-03
438 4.9903230416648e+04 3.3190965846782e+04 -1.1706494283931e+01 1.9034144287616e-03
439 5.1495030184229e+04 3.3828729132529e+04 -3.8128459450686e+00 3.2894133160889e-03
440 4.8109015591318e+04 3.4230095533410e+04 1.4940028717006e+02 1.2043223128939e-03
441 4.8173954623633e+04 3.3542750993019e+04 -1.0609887167524e+02 8.3141915145640e-04
442 4.4793845293585e+04 3.3994235001296e+04 -1.7745302975467e+02 3.6595075010564e-03
443 4.4476818087634e+04 3.4702009621223e+04 -1.6693040683860e+02 3.6895708562473e-04
444 4.6165582108650e+04 3.4645550510357e+04 -5.7471324241922e-01 1.9406537865644e-03
445 4.6961406567872e+04 3.2744818171316e+04 -5.2049334599874e+01 5.5532543690539e-04
446 4.7000807555617e+04 3.3362527248056e+04 1.4308700495080e+02 2.4569032387676e-03
447 4.7820771558541e+04 3.3845962858886e+04 5.8669349936057e+01 3.4157788458139e-03
448 4.8540898966970e+04 3.3931272215136e+04 -5.9831058341932e+00 7.2578227784702e-03
449 4.7119638573930e+04 3.3938533385122e+04 1.6861563136517e+01 1.9428858893020e-03
450 4.6557691775746e+04 3.3360650025653e+04 -1.4426177487924e+02 4.1853010589655e-04
451 4.8008610405977e+04 3.1465439694555e+04 -1.5811268767736e+01 4.3191829162487e-04
452 4.7843795699144e+04 3.2559925442735e+04 -6.9934832499463e+01 1.2988984772806e-03
453 5.2821949325746e+04 3.3508206653414e+04 -3.8999795132885e+00 2.4783570007090e-03
454 5.1957083583777e+04 3.3953080858171e+04 -1.2373169714473e+01 3.4229359139775e-03
455 5.1400835811993e+04 3.3953997750732e+04 -5.1459207846024e+00 3.4544385364646e-03
456 4.5408309066029e+04 3.3719930260935e+04 -2.7736183763954e+00 3.8581875033587e-04
457 4.8003658586741e+04 3.4348362594829e+04 -6.0741913549910e-01 3.3459772933805e-03
458 5.3146712560805e+04 3.2895083081713e+04 -5.6598246798422e+00 4.2388029790239e-03
459 5.0782695734736e+04 3.4011734625984e+04 1.5508897934690e+02 3.2937055535136e-03
460 4.8912762149322e+04 3.4121838240427e+04 5.1984758992412e+00 2.6486853531769e-03
461 5.0225916981623e+04 3.2310282128416e+04 -9.5313684307708e+01 5.8509856604553e-04
462 4.9714828991212e+04 3.2727301749719e+04 -1.3376226586227e+01 1.1788113277077e-03
463 4.9309147594183e+04 3.2979214147887e+04 -1.5710027613493e+00 6.4901168664675e-04
464 5.2888335382529e+04 3.3776265443409e+04 4.1257207967046e+00 2.9975266681273e-03
465 4.9748086309561e+04 3.3204306167219e+04 -1.4930868560222e+01 1.7012463439137e-03
466 4.9682555508047e+04 3.3380112766767e+04 5.8482332685606e-01 2.4778058194334e-03
467 5.1332183438357e+04 3.2816833322402e+04 1.7154286404038e+02 1.4180247564008e-03
468 5.6294141767784e+04 3.2903365243933e+04 -1.1930461646048e+00 8.9799407793884e-04
469 5.0878906563694e+04 3.4176560745720e+04 2.6460338311142e-01 2.8021359145861e-03
470 5.2593653769287e+04 3.3574567509034e+04 -1.4318345967784e+01 1.6202694052694e-03
471 4.8546762213450e+04 3.4404052205470e+04 -6.0901823598063e+00 1.5332519317110e-03
472 4.9839003137469e+04 3.3984064573538e+04 1.4504831965828e+02 2.0308757514852e-03
473 4.6266631834026e+04 3.3818384646375e+04 -1.3335138803291e+01 1.3112934582627e-03
474 4.9779000228082e+04 3.4193081627410e+04 -1.0098799609614e+01 2.6426735982811e-03
475 4.7239173557417e+04 3.4695448457084e+04 1.7822117090453e+02 2.2061646710348e-03
476 4.4455793139297e+04 3.4177729412243e+04 -1.5603146200073e+02 3.4050411393598e-04
477 4.9091233425578e+04 3.2857426031359e+04 8.6179537102702e+00 1.7670412214025e-03
478 4.5279082351842e+04 3.3262039480502e+04 -1.6868720732041e+02 3.0084173318286e-03
479 4.2451049078943e+04 3.4036940256791e+04 -7.2201695732874e+00 2.9350190921971e-03
480 4.5250733437504e+04 3.3586733505171e+04 -5.5705919399004e+00 4.8072159007870e-03
481 4.4294815726737e+04 3.3510529104352e+04 2.1237299495030e+01 2.6943681051696e-03
482 4.2812040640737e+04 3.3530552511770e+04 -1.1683146079006e+02 9.2733017650651e-04
483 4.6069516466292e+04 3.3334211434108e+04 -7.2475303738122e+00 3.0171870666402e-03
484 4.7425191760891e+04 3.2245902906794e+04 -9.8954555754064e+00 6.3833270783466e-04
485 4.9403957448235e+04 3.3462184106115e+04 6.6293817989330e+00 2.8077284147467e-03
486 4.6204983252133e+04 3.4197571542985e+04 -2.2332539160325e+01 3.6209306670171e-04
487 4.7240767469228e+04 3.4317043804325e+04 1.5307408666075e+02 1.3994525070760e-03
488 4.7289526294382e+04 3.3933976187528e+04 -8.6079731126498e+00 2.0027723562677e-03
489 4.5917601598285e+04 3.4219739985102e+04 -3.4268229968588e+00 9.7494640698632e-04
490 4.2779911703103e+04 3.4509002161332e+04 2.0547327645998e+01 3.8388255245477e-04
491 4.5295743289623e+04 3.3093618023865e+04 -1.2238307578181e+01 2.6864791428677e-03
492 4.2845857132734e+04 3.4955981184264e+04 3.5371774859737e+01 1.5865787525013e-03
493 4.2212224530114e+04 3.3260773966359e+04 1.0361145710920e+01 4.1582944336905e-04
494 5.3920733483791e+04 3.3994812223086e+04 2.5748854364455e+01 3.3157554457062e-03
495 5.1427908315314e+04 3.3941237136073e+04 1.7722898899460e+02 2.2562585941047e-03
496 5.5351265805693e+04 3.3429302156846e+04 1.1500530566631e+01 2.0809441115498e-03
497 4.7316988241903e+04 3.3522071112137e+04 2.6113616190438e+00 3.2247503129510e-03
498 4.6808287527818e+04 3.2644623978045e+04 -1.3742335678644e+02 1.4832794475531e-03
499 4.7677028175501e+04 3.3538517555432e+04 -1.7771388961869e+02 3.1831329070430e-03
