0 6.2688723644127e+04 6.2152867522299e+03 1.3386989158417e+02 2.0337313863297e-03
1 6.2022861668503e+04 7.0166592346429e+03 1.3176254361914e+02 8.4957563854290e-04
2 6.2333271822169e+04 6.5817616237297e+03 1.3522844905977e+02 1.3502434459811e-03
3 6.2641873192311e+04 2.7583888177231e+03 -1.5710908953791e+02 9.9148567247731e-04
4 6.4178682170126e+04 3.4764320840876e+03 -6.0081471410583e+01 3.0228506537876e-03
5 6.2800512196659e+04 4.7014770980538e+03 1.7845653800383e+02 1.6452997834689e-03
6 6.3088598620640e+04 3.4406663183193e+03 -1.1482125213191e+02 2.9354626782851e-03
7 6.3159346551506e+04 9.5770935642269e+02 -9.0631087022567e+01 1.2063028065590e-03
8 6.3402545802157e+04 2.4311627713254e+03 -7.4454897700175e+01 2.0522450866749e-03
9 6.2508064152474e+04 4.4842382424490e+03 1.2654557726546e+02 1.2633724445065e-03
10 6.2048882437589e+04 1.2369190447222e+03 -1.3687342745304e+02 1.9059742466222e-03
11 6.1715317847595e+04 1.4920547312539e+03 -1.4600333974966e+02 2.4513468879153e-03
12 6.2438218744020e+04 6.2810769874377e+02 -1.1273137652656e+02 9.3838882422151e-04
13 6.1686601050038e+04 1.9436408894800e+03 1.2923302194650e+02 3.3033873549597e-03
14 6.2329822902804e+04 9.2996435453323e+02 -5.9198911358906e+01 5.7376038445902e-04
15 6.3099752387161e+04 5.5315868512809e+03 -4.5956466931089e+01 2.7023988618900e-03
16 6.2496071594390e+04 6.1247284070992e+03 1.2774315214666e+02 1.6345263741374e-03
17 6.3059838748093e+04 5.1557310460359e+03 1.5738861419412e+02 2.1057536370794e-03
18 6.3446657211425e+04 4.5380720733361e+03 -1.0149561201317e+02 1.7899647681459e-03
19 6.3414423821415e+04 4.4128334538622e+03 1.6843530631314e+02 5.8665091609153e-04
20 6.5099825942264e+04 4.0753054330127e+03 -3.7071677959648e+01 2.0985105977392e-03
21 6.4714758837406e+04 4.3500975710100e+03 1.4441064660506e+01 1.7086788065462e-03
22 6.2014329911004e+04 2.7031074738887e+03 -1.1465779630015e+02 1.7668096321331e-03
23 6.1511162715076e+04 3.1107409488662e+03 1.3170232142687e+02 1.9867025219377e-03
24 6.2136949260411e+04 1.9009292378065e+03 -1.1745702296575e+02 5.0086648363130e-03
25 6.2933126752242e+04 8.7437241945842e+02 -1.1373126810732e+02 1.2263846777871e-03
26 6.2886336566428e+04 -6.7730280092620e+02 -6.5819511552753e+01 3.5692367481612e-04
27 6.3999762665531e+04 -6.7937869286028e+02 -1.5601481889438e+02 3.5479884178740e-04
28 6.3587121963243e+04 2.3222774947243e+03 1.3527010393890e+02 3.2120136681196e-03
29 6.3431964145188e+04 2.8915332939525e+03 1.2807956011618e+02 2.8475562514844e-03
30 6.3925450185786e+04 2.1235234422473e+03 -7.1407479831630e+01 2.2956304872442e-03
31 6.3135791636761e+04 1.1569591856146e+03 -9.8222866709392e+01 1.5261665914209e-03
32 6.2719187765070e+04 2.2310136315499e+03 1.4882149774954e+02 3.0195750638146e-03
33 6.2133821819523e+04 -7.9983308332497e+02 -1.2361047252454e+02 3.4988416099686e-04
34 6.4734475677500e+04 3.0339077713913e+03 -1.3637288624850e+02 3.5604182920974e-03
35 6.3861142766847e+04 3.3326078547507e+03 1.7196310505748e+02 3.4612231679936e-03
36 6.3250286250854e+04 3.5542781008427e+03 1.4138134479559e+02 2.1707526143702e-03
37 6.2019902810528e+04 2.9921602804468e+03 -9.6479346747315e+01 1.4153700120758e-03
38 6.4222295516259e+04 2.0788009043852e+03 -8.2708947630370e+01 1.5219795273977e-03
39 6.4016058881085e+04 3.3956533151725e+03 -6.0021641349585e+01 2.0698598028236e-03
40 6.1311865222349e+04 4.7983148951590e+03 1.4075436547781e+02 6.1758187085333e-04
41 6.4491756360370e+04 3.4383831611335e+03 -9.4663528149205e+01 2.0271241230401e-03
42 6.1396556575475e+04 6.3098403715792e+03 -1.7024817129833e+02 4.1431914078124e-04
43 6.2114282994680e+04 4.0342354155290e+03 -5.3564311601757e+01 1.2509767478002e-03
44 6.3801635714980e+04 6.0888030400915e+03 -6.2874489587143e+01 3.0606623912991e-03
45 6.3469326770624e+04 3.3259964780394e+03 -1.0032815736359e+02 3.1556712387055e-03
46 6.3626028833865e+04 3.7046706741648e+03 -9.2263066074303e+01 2.8368814545146e-03
47 6.2953758464869e+04 1.9596471924174e+03 -9.2879957556366e+01 2.7949523986869e-03
48 6.3409851444397e+04 1.8738512123498e+03 -5.8556636330014e+01 2.2484031282188e-03
49 6.1571301388020e+04 2.6795633376992e+03 1.3636831823160e+02 2.1658706747029e-03
50 6.1551461806049e+04 2.1655100895857e+03 1.7966455778450e+02 2.3947767720847e-03
51 6.4196202208139e+04 3.1436864464285e+03 1.5919729180199e+02 1.2628344282641e-03
52 6.4245458921227e+04 3.1331060691928e+03 -8.1201842350292e+01 3.5790241587638e-03
53 6.3106431967128e+04 1.4048550942044e+03 -7.2245939784414e+01 1.3863845546946e-03
54 6.1526392547464e+04 3.3145264576839e+02 -7.4787528833041e+01 6.9622334289442e-04
55 6.3167810376134e+04 -1.2541236407196e+03 -5.6107453440090e+01 3.3984329708751e-04
56 6.0870979088695e+04 2.3654729763652e+03 1.3117477374336e+02 2.9533734314190e-03
57 6.3321851816872e+04 -3.2838837792313e+01 -5.5269974561467e+01 3.9987180655519e-04
58 6.2485387842836e+04 2.9782246323513e+03 -1.2562798806157e+02 2.6383596010910e-03
59 6.2354278629471e+04 9.3929082862524e+02 -6.0758048517726e+01 1.8696577561628e-03
60 6.1781624086185e+04 1.0933642854001e+03 -8.8185720652101e+01 1.4189851946633e-03
61 6.1634099210066e+04 2.7142800889762e+03 9.9596675862022e+01 3.1428569481967e-03
62 6.1273122534308e+04 1.8183561856307e+03 1.3269346154509e+02 2.5963828564836e-03
63 6.2373791143282e+04 9.4631944681280e+02 -8.2856939697130e+01 1.2942421805767e-03
64 6.2857283351343e+04 2.6384845984352e+02 -7.2203501124145e+01 6.0154762980448e-04
65 6.1952854627870e+04 2.5201616147248e+03 -1.7464888149021e+02 3.5455140684768e-03
66 6.2038483654082e+04 2.2282132290048e+03 -1.4333757360581e+02 3.3287144897303e-03
67 6.2464901411196e+04 1.5168762341666e+03 -6.6355688495192e+01 1.7560515169627e-03
68 6.1899427318717e+04 -1.1236031184142e+03 -8.9574814428270e+01 3.3948733146130e-04
69 6.0968016238395e+04 3.5250226349254e+02 -5.2818254427588e+01 7.2303414937484e-04
70 5.8853683621102e+04 1.9970464897771e+03 1.6566002571892e+02 2.9358948935955e-03
71 6.1294894187716e+04 1.1662300266817e+02 -1.1823245300362e+02 5.4468285860115e-04
72 6.1579442743143e+04 6.8873405888516e+02 1.4189330305791e+02 1.0290719679968e-03
73 6.0976776924310e+04 3.9456192862184e+03 1.1668523793863e+02 1.4893010754288e-03
74 6.1996822457871e+04 2.2519133024732e+03 -5.4376512177582e+01 3.6370973357066e-03
75 6.1927624070577e+04 1.9260652655736e+03 -1.4834801147695e+01 3.1876326328849e-03
76 6.1722797201922e+04 4.7555058563772e+02 -8.5326250147588e+01 7.3936903151481e-04
77 6.2357770898966e+04 1.7426204293884e+03 -6.2430429660725e+01 5.8836053865173e-03
78 6.1866800206538e+04 1.8092984616792e+03 -8.6208225612171e+01 2.4082484954362e-03
79 6.2293345241779e+04 2.0861648957107e+03 -1.0590971840929e+02 3.4265040548746e-03
80 6.2478331160347e+04 1.5759118050974e+03 -8.9549019227033e+01 2.3095695004650e-03
81 6.2942407763260e+04 2.2371688048819e+03 -1.3121195413909e+01 1.3902581990265e-03
82 6.2435685255950e+04 6.4131678502816e+02 -6.2279970618557e+01 5.1824687725324e-04
83 6.2039171823576e+04 1.8358777073316e+03 -6.9890676444324e+01 2.0583651309229e-03
84 6.2412766635599e+04 2.7071928953207e+03 -8.5513769645725e+01 2.3382802881810e-03
85 6.2884018045187e+04 2.5494828984622e+03 -1.2559130179789e+01 3.7184577697959e-03
86 6.2889432433559e+04 2.3951695783971e+03 -6.8014276782132e+01 3.3572040953450e-03
87 6.2188056352821e+04 8.7720583908112e+02 -4.3928884421965e+01 1.2691760623819e-03
88 6.1040935610433e+04 1.3022851668215e+03 -1.5251942957631e+02 2.1277302456382e-03
89 6.2957527171849e+04 8.1099379241804e+02 -1.6931266772155e+02 1.1382154484024e-03
90 6.2422295807886e+04 2.3129825083703e+02 -7.6737056045393e+01 4.8999095411905e-04
91 6.1795947505393e+04 2.9386357671050e+02 1.4843119126184e+02 6.6054189334924e-04
92 6.3457818246998e+04 -1.6609797126270e+03 -6.8536942232566e+01 3.3920666744790e-04
93 6.3792095200686e+04 1.3874906024601e+02 -3.9009881005081e+01 4.3827245711182e-04
94 6.2634575638968e+04 1.2288896758974e+03 -1.1862423057827e+02 3.9046354419378e-03
95 6.2540538675038e+04 1.6713547688742e+03 1.4091785044273e+02 1.8136825909405e-03
96 6.1839243471055e+04 1.8765848684616e+03 1.4574464710292e+02 2.1730052801509e-03
97 6.4242613804221e+04 -6.0547156357699e+02 -7.4810194162623e+01 3.5218137304921e-04
98 6.3897440455115e+04 5.7559135752306e+02 -4.8301369509042e+01 8.1664876438658e-04
99 6.3533418008607e+04 1.7753362177905e+03 -4.3209500419297e+01 2.7981557628776e-03
100 6.2553008586819e+04 2.1835604877043e+03 -8.7896279779729e+01 3.5220524280270e-03
101 6.4741782077476e+04 2.1917542402483e+03 -6.2614436235265e+01 2.8930973688158e-03
102 6.4127905213410e+04 2.7483264635216e+03 -1.1031426259157e+02 1.9008948100603e-03
103 6.2371796364396e+04 -9.1144163587529e+02 -7.4989892554156e+01 3.4396496680186e-04
104 6.2902063679991e+04 1.5786665893280e+03 1.2546638146002e+02 1.1065020430240e-03
105 6.1795487275514e+04 2.8737981858700e+03 1.7145529811852e+02 1.9148869037261e-03
106 6.3390470435215e+04 5.9761673791400e+03 -5.5543179030900e+01 7.0071244956876e-04
107 6.3247159329045e+04 5.3507135968565e+03 1.5843157541734e+02 2.7443517549097e-03
108 6.3630615426601e+04 5.4099526896276e+03 8.7136940368611e+01 3.5469925514619e-03
109 6.4568116087737e+04 3.8070711395879e+03 -8.3581042636164e+01 3.2510640288129e-03
110 6.5849700779436e+04 4.0378585004227e+03 -4.0126074342168e+01 1.3897633656724e-03
111 6.3784477673185e+04 4.6970040425993e+03 -7.1013879366707e+01 1.2243266056144e-03
112 6.2797081000451e+04 5.3187338835571e+03 1.5600742653350e+02 8.9676110660426e-04
113 6.3323155303684e+04 2.6081522254526e+03 -3.7996158499161e+01 2.8279483397415e-03
114 6.5218172946262e+04 -3.5995998546931e+01 -6.9064428992856e+01 3.3872860973109e-04
115 6.4442124889496e+04 2.5311037451253e+03 -7.9712728287824e+01 3.3872860973109e-04
116 6.4549151894386e+04 1.9394790469991e+03 -7.9727839727504e+01 3.3872860973109e-04
117 6.3416411596045e+04 3.5123152826685e+03 -7.3999349641103e+01 2.8258185256300e-03
118 6.2373547138497e+04 3.4332295728015e+03 -8.7801699539095e+01 2.4402891521751e-03
119 6.4526150448165e+04 -2.1064788156061e+02 -6.5038750821601e+01 3.3909249587290e-04
120 6.4246256686962e+04 4.8321762901493e+02 -6.2537320539992e+01 4.8838231691365e-04
121 6.4121491181900e+04 2.8526343111696e+03 -5.7693011701864e+01 2.5353284264367e-03
122 6.3941889784147e+04 3.1114473475364e+03 -7.8051395074468e+01 2.6128061395208e-03
123 6.3404286348563e+04 2.6956069417617e+03 -1.5905064664364e+02 3.6403955172406e-03
124 6.3325368283111e+04 2.1962698313015e+03 -1.2742130240056e+02 2.9687556388176e-03
125 6.3243532099166e+04 3.4038862202855e+03 -1.4214016601587e+02 3.0248805394060e-03
126 6.3518533229202e+04 3.1266083775646e+03 -9.7850908419877e+01 3.4619610837251e-03
127 6.1940280954977e+04 1.1760388307152e+03 -6.0171683070921e+01 8.0227499237646e-04
128 6.1560194982659e+04 2.5200764958973e+03 -1.6136794226339e+02 1.9530291574894e-03
129 6.1878647669236e+04 7.6447748169424e+02 -1.4302247569272e+02 9.6500726435964e-04
130 5.9173514125219e+04 -2.1633833009098e+03 -6.9337759592318e+01 3.3885491006391e-04
131 5.9667995962602e+04 1.7689019127960e+03 -1.0526375001326e+02 3.1247727296074e-03
132 5.9607713271478e+04 2.1986469132742e+03 -1.4313752254319e+02 3.1297118028124e-03
133 5.9657266872182e+04 3.0034989632485e+03 1.5304428577512e+02 3.3432203627339e-03
134 6.0692358160489e+04 1.9438686824935e+03 3.0300480386816e+01 2.7339860175029e-03
135 6.0481610032361e+04 4.5112005005748e+02 -8.2426826264290e+01 6.6465457605192e-04
136 5.9541058473734e+04 1.9462531175540e+03 1.5516628690554e+02 3.2704748924373e-03
137 5.8891613118782e+04 2.3315226269483e+02 1.5515025769217e+02 6.3496662145976e-04
138 5.9911010576432e+04 7.0458482647929e+02 -9.4451500072589e+01 1.1650343950861e-03
139 5.9140201047266e+04 2.6265199849686e+03 1.3080926190853e+02 3.7038939979235e-03
140 6.0662228339013e+04 2.4556408216864e+02 -2.0058670619431e+01 6.5857870555268e-04
141 6.3966142799178e+04 5.9813408921531e+01 -7.5815074340189e+01 3.6097458286462e-04
142 6.2759489262324e+04 5.3775365292336e+03 1.3129881948554e+02 8.9195547691859e-04
143 6.4761112685249e+04 3.5489627597278e+03 -3.5527272063208e+01 1.6727146353845e-03
144 6.3433123204894e+04 5.6270693043603e+02 -1.0983588623021e+02 4.9572652070452e-04
145 6.1857400403494e+04 2.8934760485803e+03 -1.6526146854489e+02 3.0082710939874e-03
146 6.1397079903851e+04 3.5679937734742e+03 1.4132859892496e+02 2.2190353538441e-03
147 6.2482202561744e+04 1.8778003810895e+03 -9.3017523171578e+01 2.9284367564950e-03
148 6.2248113834549e+04 1.5745521966947e+03 -8.4377219378753e+01 1.8240084318726e-03
149 6.3229213507649e+04 1.0974371801862e+03 -5.3197767730236e+01 1.5370170939370e-03
150 6.1932061872379e+04 1.7798374256203e+03 -7.9342241211189e+01 1.6801075692496e-03
151 6.3026135137321e+04 -1.5058236138917e+03 -6.6200685902351e+01 3.3978369518237e-04
152 6.1394741937999e+04 1.5580760538389e+03 -1.0679112227582e+02 1.7219437287531e-03
153 6.1948965112019e+04 1.2290989687936e+03 -1.6433208507761e+02 1.4243225685840e-03
154 6.3020305990601e+04 8.5652064746285e+02 1.0813381480176e+02 6.9125510452941e-04
155 6.1122658442354e+04 5.2949792797819e+02 -6.0237997541491e+01 8.6294030738096e-04
156 6.0478455786370e+04 1.2950712492513e+03 -6.1477804242114e+01 2.1622241616321e-03
157 5.9142114270270e+04 1.5175593871523e+03 -7.6330785450729e+01 2.6926614325810e-03
158 5.8402212018072e+04 1.6015417832039e+03 -1.5482927194808e+02 2.6547548495647e-03
159 6.1374732759296e+04 6.2985740619150e+03 -1.3858898261291e+02 4.9214808633676e-04
160 6.3346010491831e+04 6.3881461384912e+03 -1.7974034514280e+02 3.1986388827421e-03
161 6.4248661582149e+04 6.1808566367073e+03 -2.5051134772516e+01 3.1391981872001e-03
162 6.2618493690304e+04 8.2382831954413e+03 1.3111335206975e+02 2.0527217014573e-03
163 6.3409948205548e+04 5.4039076735653e+03 -8.4903808382012e+01 3.2113206959634e-03
164 6.4309427819972e+04 5.6057924069453e+03 -5.0350432992865e+01 3.6782091924333e-03
165 6.3746677613747e+04 7.4375018652312e+03 -7.2020553005258e+01 2.6893086616848e-03
166 6.2319163279669e+04 9.5945540317844e+03 1.3007334259647e+02 1.7484828228010e-03
167 6.2972859038306e+04 5.4871150943310e+03 -1.4103272930489e+02 2.3748926891887e-03
168 6.3247757885913e+04 4.0923494192866e+03 -1.6752782236880e+02 1.9950598218474e-03
169 6.3532134983727e+04 3.1752949051556e+03 -1.0324614860244e+02 2.9306665026921e-03
170 6.2554109559992e+04 7.5216269946386e+03 -9.2503111862903e+01 1.4635479453914e-03
171 6.3218537268806e+04 5.5998454737459e+03 -7.1437566929409e+01 2.8464362276411e-03
172 6.2502409635336e+04 7.0089993349399e+03 -4.9379974030096e+01 1.3062364619225e-03
173 6.5291843073707e+04 6.3843897433200e+03 -5.6911685655809e+01 7.8808183569189e-04
174 6.4829943619440e+04 2.3998772393024e+03 -6.4316734593385e+01 3.3872860973109e-04
175 6.4337290315982e+04 3.1736462796312e+03 -1.2165412824095e+02 3.7260072550290e-03
176 6.3143433631251e+04 2.2442115934611e+03 -1.7732972082504e+02 3.5495267429009e-03
177 6.4602039232526e+04 -6.6218640879691e+01 -6.6853995794453e+01 3.3872860994922e-04
178 6.4791884874319e+04 1.5480854933063e+03 -7.4279869631257e+01 3.3872860973109e-04
179 6.4371507350283e+04 2.4423310067361e+03 -8.8210539730733e+01 3.5008111049653e-03
180 6.1306203331550e+04 1.0245018385827e+04 -1.6474372458352e+02 7.2362796801885e-04
181 6.3973923145066e+04 4.2238826644955e+02 -7.1745521171826e+01 6.8203179770912e-04
182 6.3634779381796e+04 8.8398890895135e+01 -1.0779620094502e+02 4.5291384853123e-04
183 6.2274942077066e+04 3.9088102008029e+03 -1.7897420081394e+02 1.5414726330076e-03
184 6.4094712450999e+04 6.3866941464366e+02 -7.8922986902690e+01 7.1323953481696e-04
185 6.4660012269904e+04 -3.0580434349375e+02 -7.0662661535136e+01 3.3872860973109e-04
186 6.3725590362346e+04 4.5893987296240e+03 3.0858196951264e+01 1.7998178832904e-03
187 6.2558566758478e+04 3.8905845400848e+03 1.5514128088013e+02 1.9182245089031e-03
188 6.4153089234554e+04 2.7033832603578e+03 -5.5824998226693e+01 3.5912517102057e-03
189 6.3810375777781e+04 2.5167466358520e+03 -7.4647024517142e+01 3.3744448820721e-03
190 6.3963910798818e+04 3.1941791432190e+03 -3.4926744831079e+01 3.2034092692617e-03
191 6.4372898206068e+04 1.0855384395115e+03 -6.6869064683095e+01 6.5618658406723e-04
192 6.4222547148488e+04 1.8606515043349e+03 -6.8355027329672e+01 2.0394747557135e-03
193 6.1974907238025e+04 1.4168057535430e+03 -1.4253208481946e+02 1.9969675272213e-03
194 6.2089557425880e+04 2.0755342577980e+03 1.6073652271630e+02 3.1681926210206e-03
195 6.4173423757002e+04 3.1754124806768e+03 -4.7501251141491e+01 2.8035361753070e-03
196 6.4143022290661e+04 1.2134935692996e+03 -5.1612782010252e+01 1.1896336596776e-03
197 6.3115845025106e+04 2.6750633272162e+03 1.2086723737264e+02 3.2474054637178e-03
198 6.3126030295298e+04 3.0700685793558e+03 -1.7093638599011e+02 2.3651992756528e-03
199 6.3842794949218e+04 2.1591514043140e+03 -7.1450921294469e+01 3.1312095077947e-03
200 6.3242099220608e+04 2.4457954819663e+03 -1.1176850807208e+02 3.6308676082999e-03
201 6.4670113175447e+04 1.5941769817408e+03 -2.2430926464572e+01 3.3872860973109e-04
202 6.4473067126599e+04 8.5753969838520e+02 -1.0808309424368e+02 5.6603617458843e-04
203 6.3234116423573e+04 2.6705018573248e+03 1.7891123118737e+02 2.6367509815486e-03
204 6.4931261654604e+04 1.8282380918100e+03 -4.4586828877677e+01 3.3872860973109e-04
205 6.4091273722728e+04 1.9524150174051e+03 -8.3931909652021e+01 2.7992540787174e-03
206 6.3602499964425e+04 1.6251249396315e+03 -1.0306510802911e+02 2.2184071461995e-03
207 6.3051082253457e+04 2.5546918550645e+03 1.4732230540030e+02 3.6761144628117e-03
208 6.3095894090980e+04 2.7061621822873e+03 1.6068891393474e+02 1.4310884504265e-03
209 6.4365675188442e+04 2.9201806246654e+03 -9.1959653189784e+01 1.9705000726953e-03
210 6.3589018703185e+04 1.9512667755301e+03 -5.9203873640989e+01 2.4381770405157e-03
211 6.2005210766238e+04 3.3106033432668e+03 1.5424067695836e+02 3.0115997130159e-03
212 6.2880505477474e+04 1.5852768351568e+03 -1.1354934533857e+02 1.8244884368617e-03
213 6.4723605732432e+04 5.2214004629265e+02 -3.1812776699916e+01 3.3872860973109e-04
214 6.2605858558966e+04 3.2714161881336e+03 -1.7746886888388e+02 2.9571914975012e-03
215 6.4110368069701e+04 2.4225713584071e+03 -6.0820234432665e+01 4.6033385716178e-03
216 6.2811098965201e+04 4.0129777359895e+03 1.3635517169418e+02 1.4594838296551e-03
217 6.2846926285839e+04 2.5567539520845e+03 -1.3359102704558e+02 3.7089276955573e-03
218 6.2844972326755e+04 -2.5390041177721e+02 -1.0180090982398e+02 4.0880999052428e-04
219 6.4321461873302e+04 1.4577753765919e+02 -5.7406763492413e+01 4.8461937326224e-04
220 6.3816915973017e+04 1.5421961098304e+03 1.4204017687266e+02 2.0684567238545e-03
221 6.4590580669282e+04 -7.1157650367557e+02 -7.9085010152108e+01 3.3872860973109e-04
222 6.3734379175368e+04 -4.8531783312940e+02 -5.5730055061073e+01 3.7344207331488e-04
223 6.2560560546886e+04 4.0604142245715e+03 1.4841386033202e+02 8.9815116718112e-04
224 6.3270097020333e+04 3.6816802186022e+03 -6.3220903511613e+01 2.1116342798989e-03
225 6.4502166637408e+04 1.7767267184255e+03 -7.9430307650113e+01 3.3872860973109e-04
226 6.4159380924373e+04 2.6995671945145e+03 1.1936667892640e+02 3.1209440807480e-03
227 6.4269316123827e+04 9.8474538344097e+02 -1.0495759275162e+02 1.1622336541124e-03
228 6.2065352751255e+04 5.6965199317743e+03 1.3025226242904e+02 8.9098520625205e-04
229 6.3739994992496e+04 1.5503966814107e+03 -9.7078402355273e+01 2.2359452785057e-03
230 6.3178391912524e+04 2.0206840836260e+03 -1.5562483599554e+02 3.1207867523601e-03
231 6.3374118026009e+04 4.1380232540799e+03 -9.5589344527843e+01 2.8724293880231e-03
232 6.2809275874562e+04 4.1608452193697e+03 -1.6695982446970e+02 1.7969566573881e-03
233 6.3876981378251e+04 3.7406907275826e+03 -7.1430772591104e+01 3.5699883374484e-03
234 6.3294713245175e+04 2.1552390112453e+03 -1.1633126870293e+02 2.1936299359518e-03
235 6.2968136963052e+04 2.7804130140926e+03 -1.0786043424900e+02 1.2644471084820e-03
236 6.2958759108428e+04 3.3739284496964e+03 -1.0686552223184e+02 2.6547665641598e-03
237 6.2980034327531e+04 4.6254831049109e+03 1.2131461870612e+02 2.0398428831851e-03
238 6.3437332883383e+04 5.6551716105778e+03 -7.2120025303858e+01 3.1684587789617e-03
239 6.3644556394796e+04 5.5248153470108e+03 -6.0542188292591e+01 3.6822464518739e-03
240 6.2606379712265e+04 4.5412099015706e+01 -6.1304363389466e+01 4.2812555184114e-04
241 6.4317609820752e+04 -3.7059900482735e+02 -3.8500615805318e+01 3.8164971268538e-04
242 6.2318917628771e+04 1.0133416712217e+03 -1.2740362709699e+02 1.4874132620270e-03
243 6.4557106293579e+04 1.5669843763307e+03 -6.3337689442490e+01 9.6118853783757e-04
244 6.3763790338138e+04 2.8826800287632e+03 -1.7880952164976e+02 3.4606918072556e-03
245 6.3740443861215e+04 1.2120631701220e+03 -8.7179139492209e+01 1.3426918172541e-03
246 6.3272459517050e+04 1.9328909516329e+03 -1.3102644208239e+02 1.5026692773200e-03
247 6.3334846815057e+04 1.1574297080336e+03 -9.0749324636042e+01 1.6319948572779e-03
248 6.2880857833899e+04 2.4587846455276e+03 1.3427513625405e+02 3.6762608236094e-03
249 6.2228535974546e+04 1.6662903066336e+03 -1.7876219459784e+02 2.7314030101947e-03
250 6.3057210033486e+04 3.3328695172462e+02 -7.5080903736420e+01 6.0864131925399e-04
251 6.1991313265051e+04 2.6247315335213e+03 1.3412878422329e+02 3.1992742265540e-03
252 6.3320255896948e+04 1.2002993637874e+03 -4.8362010494568e+01 1.4634219857410e-03
253 6.2652326034610e+04 1.8628886039490e+03 -6.5793780370530e+01 2.6957551606796e-03
254 6.0652775315734e+04 4.2489336838425e+03 1.5391327516984e+02 8.3677400899082e-04
255 6.4596060657377e+04 3.2547356152518e+03 3.1570895503196e+01 2.4754434778741e-03
256 6.4802766204695e+04 2.4998854438834e+03 -6.6919288076861e+01 3.3872860973109e-04
257 6.4711867222110e+04 3.1721248584882e+03 -5.8976587472632e+01 3.4156691816928e-03
258 6.4862101455793e+04 3.0811034315270e+03 -5.0792217969403e+01 2.7987585512469e-03
259 6.3539918913150e+04 1.2427590554566e+03 -5.8856373186463e+01 1.5032012379008e-03
260 6.2510538641451e+04 2.4603562674792e+03 -1.6518024424835e+02 3.0032576589799e-03
261 6.2599703163059e+04 2.8883009388476e+03 -9.9660060925413e+01 3.4135725552671e-03
262 6.0109326094096e+04 3.6445976857242e+03 1.4439063360983e+02 1.6434433156548e-03
263 6.0762576790570e+04 2.9445031631702e+03 1.6042434769361e+02 2.2093614045892e-03
264 6.0806822047028e+04 2.1721158092557e+03 1.4938975265717e+02 3.5997383118524e-03
265 6.3018762688393e+04 5.7489206740004e+03 1.5511079414319e+02 2.6060493495932e-03
266 6.4115514781144e+04 4.0805006852366e+03 -5.9728476764863e+01 1.9876099457626e-03
267 6.3346794941022e+04 3.2813774342334e+03 -8.4315794145232e+01 2.1233888623537e-03
268 6.3172795157634e+04 2.4606335707988e+03 -1.4255061632983e+02 3.1117973322784e-03
269 6.3781918596564e+04 1.8583426607946e+03 -7.1840563402495e+01 2.9904360817961e-03
270 6.3843989836178e+04 2.1910536127201e+03 -5.9153908285617e+01 3.4617290016918e-03
271 6.4470155212326e+04 2.4890188814082e+03 -7.3899749910869e+01 3.3872860973109e-04
272 6.3311061334911e+04 5.7322904312087e+03 -8.8236763228797e+01 1.2985346646636e-03
273 6.3781061350847e+04 6.0920230389841e+03 -1.4757653642810e+02 2.8888808871859e-03
274 6.3926634881817e+04 6.6953016755461e+03 1.0874016765673e+02 3.7004553191211e-03
275 6.2752537417057e+04 1.0549924453541e+03 -7.8946835214846e+01 5.0558832401605e-04
276 6.3626301090029e+04 5.2844508387164e+03 9.2734672256749e+01 3.0221413965819e-03
277 6.3777491576419e+04 3.6772375037076e+03 -8.4098270668895e+01 3.2479470130574e-03
278 6.3854687313859e+04 3.2552320839386e+03 -8.4708800791060e+01 2.3297145179177e-03
279 6.3696334677344e+04 3.3958521616747e+03 -5.3331190280724e+01 2.7823419366190e-03
280 6.4094800566131e+04 2.3324975109680e+03 -1.4557829663639e+02 2.3930281216680e-03
281 6.1062365552676e+04 2.2894563870163e+03 -8.0109527833667e+01 2.7195637384264e-03
282 6.0378040992982e+04 1.7702781831819e+03 1.3839786891222e+02 3.0758174325859e-03
283 6.0555749516474e+04 3.3352924641942e+03 1.7106930749165e+02 2.1758965585852e-03
284 6.1304585356936e+04 3.7710260751728e+03 1.1099591363945e+02 2.1007670121313e-03
285 6.0787740970474e+04 8.9917808450218e+02 -1.6300407646823e+02 1.3139846646609e-03
286 5.9886078507242e+04 1.7949689498925e+03 1.4590469437682e+02 3.1739010921102e-03
287 6.0938862452985e+04 1.3840615728756e+01 -5.9058803081274e+01 4.6932043686005e-04
288 6.0783284025898e+04 1.5184101811431e+03 -6.9679143581783e+01 2.1305655011837e-03
289 6.0904233217134e+04 1.5035313611318e+03 -5.8052514277607e+01 2.5509817164378e-03
290 6.1108919784048e+04 1.1213301566288e+03 1.4977210138588e+02 1.7328641183674e-03
291 6.0336741472297e+04 1.1427019970105e+03 -1.2745572854612e+02 1.3678047241119e-03
292 6.4187238849875e+04 3.4438101381808e+03 -6.5722399123155e+01 2.9339805955046e-03
293 6.3585845056475e+04 3.6787812211033e+03 -1.0038816382865e+02 2.8887653933440e-03
294 6.4497347683872e+04 3.3266181058629e+03 -6.1258683302370e+01 3.2878591260123e-03
295 6.3420733660900e+04 1.4684424337041e+03 -4.2024995249111e+01 2.1659269038571e-03
296 6.3926953332385e+04 -9.0918809664706e+02 -1.4300059493391e+02 3.4673677946909e-04
297 6.3595999147732e+04 3.5502128238110e+03 9.3647349284396e+01 2.8108404974456e-03
298 6.3256360275518e+04 3.4202238967998e+03 1.6735618402210e+02 2.9976456204538e-03
299 6.3149359223946e+04 3.4140313683469e+03 1.7138940148437e+02 3.0008373959159e-03
300 6.2848335497746e+04 3.8163985771364e+03 3.2794536788157e+01 1.5807186105047e-03
301 6.2652549519675e+04 3.5123223083991e+03 1.6524087781631e+02 2.5446307338025e-03
302 6.4184811335126e+04 2.5795911036913e+03 -5.4956795139114e+01 3.5522598643526e-03
303 6.3699156873038e+04 2.2254998137180e+03 -1.0237939178160e+02 3.0157761101795e-03
304 6.2922237661475e+04 3.2194837355188e+03 1.4767099240766e+02 3.3134988408492e-03
305 6.3622261295898e+04 2.0985427982392e+03 -1.2012801988120e+02 2.9729675875025e-03
306 6.1772830724723e+04 -1.6394018309052e+02 -5.3635942837339e+01 4.4471053681167e-04
307 6.1036225553689e+04 2.5285334944425e+02 -6.1339608273243e+01 3.0205167620443e-03
308 6.0482594390206e+04 1.5908579750643e+03 1.4216446201304e+02 2.4670437548747e-03
309 6.1727815828857e+04 1.0520295005055e+03 -4.1990435997816e+01 1.5957615326909e-03
310 6.3666873794214e+04 -8.0900568193651e+02 -5.3201641486903e+01 3.5095134390586e-04
311 6.1279143183607e+04 7.1517040901354e+02 -6.3059321635205e+01 2.1184068714946e-03
312 6.1225644392700e+04 6.5303648298285e+02 -6.5818280050798e+01 1.0143185588506e-03
313 6.1015210480051e+04 5.2570564936526e+02 -7.2410408839239e+01 7.8543234212787e-04
314 6.0216890830152e+04 1.4992395732662e+03 -1.5607536008048e+02 2.6011046209002e-03
315 6.2580900024096e+04 9.2865246741570e+02 -8.0234513057187e+01 1.2642954128335e-03
316 6.3026936195288e+04 1.1184536686969e+03 -5.9107835790543e+01 1.4957367335743e-03
317 6.3551603651236e+04 -4.1402520937727e+01 -8.2755341140160e+01 3.4409258664907e-04
318 6.2529468648679e+04 4.2417292841866e+03 1.4096795778999e+02 1.3549690673439e-03
319 6.3651529200789e+04 4.1905830252605e+02 -6.6667522289653e+01 3.8611953441640e-04
320 5.8840852237146e+04 2.8196635981526e+01 -8.2860262706875e+01 5.6852895110792e-04
321 5.9234118150688e+04 -2.6780426392450e+02 -7.1011857555300e+01 4.4541035978583e-04
322 5.9526513256306e+04 9.7897214068947e+02 -6.9618930156303e+01 1.5195046149022e-03
323 5.9607039119498e+04 2.0554856151537e+03 -4.1047841391860e+01 2.5671543408225e-03
324 6.1091770303533e+04 2.1149340203304e+03 1.3946598295611e+02 3.3037360040782e-03
325 6.3415549837250e+04 2.8857046520691e+03 -1.0436542782990e+02 2.3214953642478e-03
326 6.4644302509761e+04 8.4729598507926e+02 -5.2131720052730e+01 3.3872860973109e-04
327 6.3314833867359e+04 4.0036050665599e+03 -1.2742338210814e+02 2.7603984565797e-03
328 6.2036498683765e+04 5.1228203457518e+03 1.5336666167022e+02 8.4790451525821e-04
329 6.1832270720294e+04 1.1685007794635e+03 -6.7484567190919e+01 1.2433340370386e-03
330 6.0911581951536e+04 2.1157545484600e+03 1.5791182987806e+02 3.4384095307852e-03
331 6.2160032509303e+04 -1.1243161121797e+03 -8.7248066662556e+01 3.4384680246404e-04
332 6.2726374316443e+04 -1.8104308522839e+03 -7.1052079604906e+01 3.3900918896506e-04
333 6.2238588315710e+04 9.0550311069019e+02 -1.0853978632565e+02 1.1524574468758e-03
334 6.2727365620395e+04 3.1265161430718e+03 1.5557380533547e+02 3.3860066379863e-03
335 6.4371882974896e+04 1.4816855112889e+03 -6.5047964172577e+01 2.2132489839078e-03
336 6.5253249408971e+04 1.2067230178161e+03 -5.7083954348452e+01 3.3872860973109e-04
337 6.1833008938865e+04 1.4650583035690e+03 -1.0969242377114e+02 1.2680010980794e-03
338 6.3123248795123e+04 1.8804955289014e+03 -7.3694250612101e+01 3.0886803869574e-03
339 6.3441210137261e+04 1.3208945303116e+03 -6.6935619702702e+01 1.9548934386839e-03
340 6.2360515629683e+04 2.1579507729627e+03 -1.0707116533912e+02 3.4937719190445e-03
341 6.2297465711474e+04 2.7453201698085e+03 -1.4609181281814e+02 3.5421173133316e-03
342 6.2617218667350e+04 2.8062277721125e+03 1.5949047211672e+02 3.3018770059559e-03
343 6.3051674867849e+04 2.4307884296737e+03 -7.3765213000097e+01 3.5021896799574e-03
344 6.2276807790973e+04 2.4000918742046e+03 1.2552989298102e+02 3.7142317560365e-03
345 6.2029801109618e+04 2.0529959853542e+03 1.6378901377939e+02 3.4068307724605e-03
346 6.2270244972780e+04 3.4804453274285e+02 -1.6970205555271e+02 5.2540469707743e-04
347 6.2324623379273e+04 1.5417337842591e+03 -7.0988316984254e+01 1.1895777989975e-03
348 6.4341987637397e+04 1.3260683303391e+03 -1.3960394512920e+01 1.0962404295162e-03
349 6.3548525115834e+04 8.8399608209467e+02 -9.2078397732016e+01 1.1794441564465e-03
350 6.3003722756667e+04 2.1327105414224e+03 1.6090240665484e+02 3.1391241764404e-03
351 6.2993929094999e+04 1.8584213192322e+03 -1.1840670583950e+02 2.9640437964596e-03
352 6.2624077768499e+04 9.5880919847367e+02 -1.0399738651352e+02 5.4597226181773e-04
353 6.0722164573072e+04 2.3655136569814e+03 -6.4822446802270e+01 2.2358364327825e-03
354 6.0573068462451e+04 1.5779369489745e+03 1.7670509058148e+02 2.6619456173179e-03
355 6.1343007914708e+04 1.0501523293451e+03 -1.1039514082546e+02 1.5690222735144e-03
356 6.2294299497669e+04 1.5541143345725e+03 -4.8849838683107e+01 2.1883396437463e-03
357 6.1464592748447e+04 6.8681449293127e+02 -8.3636597205356e+01 8.5382237161512e-04
358 6.0628443837190e+04 2.2787479509370e+03 -9.8365348959286e+01 2.2243439530455e-03
359 6.0474752256934e+04 1.4040850193338e+03 -1.0203327446386e+02 6.0988366065152e-04
360 6.1444083572047e+04 3.0323088004451e+03 -1.8921370193087e+01 2.1185546681587e-03
361 6.0585950332319e+04 1.8007997982304e+03 -7.7749420302291e+01 1.4444352853029e-03
362 6.2784258325276e+04 6.3507912436496e+02 -4.6703781812751e+01 8.8095675061613e-04
363 6.2368245204037e+04 9.4042521139819e+02 -5.3689445261088e+01 1.3448105308485e-03
364 6.1052528252778e+04 1.8147316777733e+03 -1.1272555856715e+02 2.6692407416639e-03
365 6.0230694992214e+04 2.7846948885218e+03 1.4325538507975e+02 3.6607862609350e-03
366 6.0404307280791e+04 1.1809952890060e+03 -1.7841765824214e+02 1.8881058361747e-03
367 5.6869095192081e+04 1.4670465569183e+03 -1.6281931661077e+02 2.1603640666517e-03
368 5.7984678475564e+04 2.6622478612291e+02 -1.7321928575038e+02 6.4003790536796e-04
369 6.3369858567497e+04 3.1770583408103e+03 -1.3545280468573e+02 2.1674516088430e-03
370 6.2825562030986e+04 4.5515342212555e+03 -1.6968605289638e+02 1.4707435145044e-03
371 6.3223202167215e+04 1.4740874064800e+03 -5.3985064189237e+01 2.2857464653333e-03
372 6.3177813788239e+04 4.3935508274997e+02 -7.8823535887424e+01 6.6429634509682e-04
373 6.3092957630162e+04 1.7062103007983e+03 9.9208575765004e+01 2.1158404307131e-03
374 6.3329964974080e+04 1.1401586421099e+03 -7.6681565868809e+01 1.6342958326573e-03
375 6.5639491632404e+04 3.8102919984673e+03 -1.3718308281021e+01 1.8489136031431e-03
376 6.4278529227970e+04 4.6345033442859e+03 1.4191139522487e+02 3.7204892070031e-03
377 6.5272260496974e+04 3.7232118599897e+03 1.7305935239954e+02 2.1591049501273e-03
378 6.2539970624705e+04 1.4895017014443e+03 -1.1245217235052e+02 2.2385861644727e-03
379 6.3609759900920e+04 1.1319448981196e+03 -5.8080557840588e+01 1.5976256494021e-03
380 6.3201405687190e+04 -4.3685298462389e+01 -5.2280443075557e+01 4.0525803891242e-04
381 6.1659751332655e+04 2.2305875013456e+03 1.6697841607824e+02 1.1055847217116e-03
382 6.2668532673415e+04 2.2148014190462e+03 -1.7394455915085e+02 2.9683065141049e-03
383 6.1983202947145e+04 3.4759719829142e+03 1.3136112008775e+02 2.6201722644099e-03
384 6.0779934115893e+04 3.7058081845327e+03 1.5748127168976e+02 1.4580150302228e-03
385 6.1770822946553e+04 2.3960027949678e+03 -7.7783153234160e+01 2.2220108296413e-03
386 6.0591713041528e+04 -6.6083391617459e+02 -8.7779449886907e+01 3.5704628079009e-04
387 6.2176995025507e+04 1.2800334392890e+03 -7.0217498202414e+01 1.4224772761561e-03
388 6.2516035485444e+04 1.7405783537980e+02 -1.0397798240995e+02 4.2809172653532e-04
389 6.1840027389891e+04 2.8731242342307e+03 1.1579401414815e+02 3.6501467101005e-03
390 6.2444948134270e+04 1.3900056217798e+03 -6.9027176702292e+01 2.1893835670901e-03
391 6.3195336723037e+04 2.6877475594658e+03 -7.6668945997603e+01 3.7138690429800e-03
392 6.3007006521144e+04 2.3431089743865e+03 1.5887843534583e+02 2.9638281781149e-03
393 6.2290052495154e+04 2.3566228737321e+03 1.4189456794843e+02 3.5915198069267e-03
394 6.2597034142927e+04 1.4488356083233e+03 -1.1999130350724e+02 2.1980700141759e-03
395 6.2608796305146e+04 -1.5000816260983e+02 9.0944985705742e+01 4.3509092012948e-04
396 6.0328972081448e+04 1.8867978118932e+03 -1.5533848145689e+02 1.1847222656954e-03
397 6.2568855065938e+04 -1.3963649266278e+01 -1.3472488953778e+02 4.7682287099010e-04
398 6.2693793434336e+04 9.4737359121649e+02 -7.2209221485217e+01 1.1854515263801e-03
399 6.2712087342334e+04 -2.4452308530063e+02 -7.0230442390359e+01 4.0938061098697e-04
400 6.1591099156001e+04 -1.1844589590794e+03 -8.6037706244529e+01 3.4245147871668e-04
401 6.1433167939973e+04 -5.2086761983825e+02 -1.1559294961701e+02 3.8026865462501e-04
402 6.2905741046399e+04 1.2903316393041e+03 1.1131102914607e+02 1.5749730270279e-03
403 6.2651941233522e+04 2.1114929698437e+03 -1.3132208732492e+02 3.4710760862168e-03
404 6.2462243598092e+04 2.3898512234801e+03 1.7980700789891e+02 3.1469575280854e-03
405 6.2402605127902e+04 3.5104673717883e+03 1.4375543720137e+02 2.6150687029694e-03
406 6.3792659791236e+04 2.1276477583134e+03 -5.1218155214793e+01 3.2363283345137e-03
407 6.2186664325224e+04 3.3614699358328e+03 1.4564278545539e+02 2.9344865471069e-03
408 6.3041693302945e+04 2.3151903191624e+03 -6.2494176461008e+01 3.5600264797245e-03
409 6.2040427298154e+04 1.8419496033298e+03 1.3114438893606e+02 2.5347705094327e-03
410 6.3376423041578e+04 2.0593312417248e+02 -8.0558249547991e+01 5.4210407227783e-04
411 6.1105532688956e+04 2.2081834289053e+03 -1.7784255874836e+02 3.6379693809140e-03
412 6.1808130531922e+04 1.6463508477855e+03 -1.1623131173966e+02 2.9134685861989e-03
413 6.1860132205528e+04 2.6659685132526e+03 -1.1730133993139e+02 3.6181801971068e-03
414 6.1568169283333e+04 2.6261325164418e+03 -1.3499288237653e+02 3.7260072550290e-03
415 6.4320299546328e+04 2.2603367910798e+03 8.1486261638515e+01 1.0260121493759e-03
416 6.4496688362950e+04 4.0825110632035e+02 -6.2639959575531e+01 3.3872860973109e-04
417 6.2836956295655e+04 1.7554708739017e+03 1.7519609637235e+02 2.6079055519056e-03
418 6.2543732533921e+04 4.6400130338595e+03 1.7112031415008e+02 1.1817704097711e-03
419 6.4100946934167e+04 2.5789470571739e+03 1.1082207532584e+02 3.5436050869350e-03
420 6.4941519583816e+04 1.2543833516771e+03 -5.3260615173827e+01 3.3872860973109e-04
421 6.4854601894640e+04 1.9415223586600e+03 -7.2274203915721e+01 3.3872860973109e-04
422 6.3947301369322e+04 1.9469888642921e+03 -7.7244401870292e+01 3.0539998049373e-03
423 6.4419477171012e+04 8.9359226995094e+02 -6.9475854877438e+01 1.1618490363639e-03
424 6.3632828675020e+04 2.4152427647397e+03 -9.5653626408264e+01 1.3534748282177e-03
425 6.1849301647575e+04 4.7274533915178e+03 -1.7574306499000e+02 6.0139398544364e-04
426 6.3033438799679e+04 2.3699927478194e+03 -1.6648175068089e+02 3.2866091340461e-03
427 6.3526076278335e+04 1.4495233614975e+03 -7.4346316728004e+01 1.8850685128154e-03
428 6.3696427397484e+04 3.9641466547226e+02 -6.5189237878152e+01 4.7419274500405e-04
429 6.4764762434503e+04 1.6150770479808e+03 -5.1685349029861e+01 3.3872860973109e-04
430 6.3332722445365e+04 2.9144181702808e+03 1.4847835781358e+02 3.4445191633363e-03
431 6.4221912932016e+04 3.6063380227578e+03 1.2133215042699e+02 3.6190906937591e-03
432 6.3818246565713e+04 3.5387220805982e+03 1.4163273484270e+02 3.3945537001598e-03
433 6.2729232502240e+04 2.9855227061914e+03 1.3855676177705e+02 8.2903186679869e-04
434 6.3198035328399e+04 2.1361815046823e+03 -8.2660071575914e+01 3.1745687440797e-03
435 6.4193629658614e+04 5.4715159489795e+03 1.3634952223263e+02 3.7236940348624e-03
436 6.5284784171295e+04 1.6715435576413e+03 -7.6109736017632e+01 3.3872860973109e-04
437 6.3823897018250e+04 2.3060567825548e+01 -1.7786979455767e+02 4.4936415508641e-04
438 6.2834075825178e+04 9.1733290947403e+02 -1.5638351278421e+02 1.1075979568563e-03
439 6.4198651281536e+04 1.1988553407105e+03 -6.7470557102799e+01 1.6694325040910e-03
440 6.2593869350268e+04 1.6394742877241e+03 -5.7292409955078e+01 2.3863972196884e-03
441 6.2525433970852e+04 1.3524003449507e+03 -8.7611779958313e+01 1.8450494929479e-03
442 6.2707745376061e+04 1.8375741946852e+03 -1.2615198537461e+02 2.6154722240188e-03
443 6.4179705575931e+04 2.6630822144614e+02 -6.4100020287009e+01 5.8187486476322e-04
444 6.4475537635451e+04 1.4370728301501e+03 -4.8064797928951e+01 3.3872860973109e-04
445 6.3026502761394e+04 2.4863132259099e+03 -1.5579265807248e+02 2.2249177235959e-03
446 6.4092851957760e+04 2.3753635984921e+03 -7.0782606359038e+01 3.5476508039134e-03
447 6.2922468543947e+04 3.6345562269957e+03 -1.7820504442049e+02 2.5293066416484e-03
448 6.3892544617126e+04 3.9648703871154e+03 1.6501624346889e+02 2.9589406145518e-03
449 6.3114946509457e+04 3.9066682311643e+03 -1.7880980247258e+02 1.4019518402015e-03
450 6.3667259611705e+04 3.0736534693654e+03 -9.5497685642158e+01 1.9457732262088e-03
451 6.1923541505995e+04 2.0475144943355e+03 -7.9606030486323e+01 2.8992309578102e-03
452 6.1561952862837e+04 2.4482833013188e+03 1.6031128396186e+02 3.5412115431850e-03
453 6.2042937092405e+04 1.3807631268851e+03 -8.3365695312330e+01 1.5386881077158e-03
454 6.0753736929484e+04 1.6706995799333e+02 -6.3030412808625e+01 5.8941485368918e-04
455 6.1341805102209e+04 3.0289451308425e+03 1.2994933776781e+02 3.4500764765138e-03
456 6.2963154076333e+04 8.7086191500409e+02 -5.8100932925683e+01 1.0145270885364e-03
457 6.4265288614024e+04 1.4265874923830e+03 -8.7224077330123e+01 1.8683444732014e-03
458 6.3743712410067e+04 2.0465422572368e+03 1.6917620886390e+02 1.6613719077596e-03
459 6.2588078333361e+04 2.3210555904934e+03 -9.0270778068163e+01 2.8001515653226e-03
460 6.3722163944132e+04 3.3836440218822e+03 1.9882110650865e+01 3.3482499914231e-03
461 6.2701182657156e+04 4.3199100585376e+03 1.3383638482686e+02 1.6101880784263e-03
462 6.4170481050928e+04 4.7359764409540e+03 9.8586938796056e+01 3.1708432024091e-03
463 6.4321704947740e+04 3.9188986462806e+03 -7.6658256791731e+01 3.6834303778293e-03
464 6.3060389008918e+04 1.0275411756877e+03 -6.3684274496265e+01 1.3989759193372e-03
465 6.1787012467851e+04 2.5315878174958e+03 1.7121087868074e+02 3.2588449104020e-03
466 6.2726249794368e+04 1.2354873998542e+02 -8.3682127249265e+01 4.7001849612512e-04
467 6.4021482310761e+04 1.6824770700203e+03 -7.0114289116914e+01 2.4406932629280e-03
468 6.3603022210890e+04 1.2836101282236e+03 -8.7763088490201e+01 1.8811586278293e-03
469 6.2810540146264e+04 2.2013412174915e+03 1.4043312094126e+02 3.5019412759467e-03
470 6.4986041302343e+04 2.3292335663110e+03 -9.1251869427193e+01 3.3872860973109e-04
471 6.5748136977471e+04 2.7405354000754e+03 -2.2508780371353e+01 3.3872860973109e-04
472 6.3488277705516e+04 3.8116065804537e+03 -1.6350224997873e+02 1.6338742302304e-03
473 6.3030078749510e+04 4.8118394408521e+03 1.5644881364061e+02 1.8675707636337e-03
474 6.3599035174055e+04 3.0406737919518e+03 -5.5816221298796e+01 3.4483944983886e-03
475 6.1776699679769e+04 3.7868193590445e+03 1.3086712079326e+02 1.2361592015910e-03
476 6.2905161368795e+04 2.4272890633948e+03 -6.6578105771106e+01 3.5876278293292e-03
477 6.3389630678118e+04 1.9693207036755e+03 -5.3728351413968e+01 3.2253353119480e-03
478 6.1939881201641e+04 3.6436756444536e+03 1.4861104413084e+02 2.4124382085095e-03
479 6.4011864456194e+04 1.6588341868039e+03 -6.3888162653012e+01 2.6578963244382e-03
480 6.4852337379516e+04 2.8018875527712e+03 5.4111435134205e+01 2.3998768792731e-03
481 6.2987364436990e+04 2.6413236149159e+03 1.6997553798883e+02 2.6612509175004e-03
482 6.5235869344099e+04 1.1445660095716e+03 -6.8452405942467e+01 3.3872860973109e-04
483 6.3864998986855e+04 2.4521646629007e+03 -1.2844562445181e+02 3.6643919075230e-03
484 6.2811211946531e+04 4.7433024401641e+03 1.5338026335690e+02 1.9020927199636e-03
485 6.3697550110030e+04 2.5726578962279e+03 -9.2802546499009e+01 3.7205575368182e-03
486 6.4036689505969e+04 2.6763495422535e+03 -7.8230265916752e+01 2.0999220118037e-03
487 6.4234130739014e+04 2.0589278153610e+03 7.4720838752604e+01 3.3134340040636e-03
488 6.3723964131441e+04 1.4460681665761e+03 -1.7262010983422e+02 2.1801069882204e-03
489 6.3201909596499e+04 7.7146332159308e+02 -9.1151008061303e+01 7.9315461926214e-04
490 6.4202157521934e+04 8.1864283213164e+02 -7.6560857841782e+01 7.6683541887125e-04
491 6.2580785610584e+04 1.5631599584731e+03 1.4423312962774e+02 2.5282423703988e-03
492 6.2010253496135e+04 2.2481331556083e+03 1.6221824983241e+02 3.6082669835646e-03
493 6.3399142905203e+04 4.6517766558665e+02 -6.9193121567013e+01 7.1431848063247e-04
494 6.4466931798662e+04 8.5433628668773e+02 -5.2461646363447e+01 1.0383282326633e-03
495 6.3441274415935e+04 2.2599054081507e+03 -4.5440707879572e+01 3.6026095946605e-03
496 6.3133723436966e+04 1.6657209559990e+03 -8.4320966068591e+01 2.3583547146677e-03
497 6.2986317762390e+04 2.1871214448748e+03 -9.9094521252690e+01 2.6584653435258e-03
498 6.2891579133966e+04 6.9724900412427e+02 -8.8387032214692e+01 9.6400130925521e-04
499 6.2998754421777e+04 1.1519228524461e+03 -7.9760953305482e+01 1.6809997585779e-03
