0 1.8077038002360e+04 3.2868120764447e+04 1.5328518211679e+02 1.6661385706481e-03
1 2.2385496696088e+04 3.2074012491785e+04 -1.3255592203740e+01 2.3381906371832e-03
2 2.1530034413187e+04 3.2542092336611e+04 5.2503417546697e+01 2.3328538809392e-03
3 2.1876342401048e+04 3.1721714345827e+04 1.6538414536149e+01 2.2010568044836e-03
4 2.3689903668177e+04 3.1501504318019e+04 -5.2984518160720e+00 9.4793593467173e-04
5 2.1864711207715e+04 3.2429802751854e+04 1.7909859220494e+02 2.0162821755791e-03
6 1.7011133735114e+04 3.1629255777864e+04 -9.5912219080632e+00 2.2295368136706e-03
7 1.6698649112139e+04 3.1399945223368e+04 -7.6660319533104e+01 2.4781200395900e-03
8 1.8658767611890e+04 3.2121717098578e+04 1.6564623131104e+02 2.3988819562787e-03
9 2.0258233563399e+04 3.1836963045070e+04 -9.2470259034712e+00 2.6702231440016e-03
10 1.9192221947976e+04 3.2809672528310e+04 -8.8795273299287e+00 1.3793592324488e-03
11 2.1278749273884e+04 3.1601404997148e+04 -2.2097029367111e+01 2.1535869470498e-03
12 2.0905388603914e+04 3.1295239657750e+04 -3.6916378501655e+01 6.3021317959910e-04
13 1.9072287257618e+04 3.2365767853393e+04 -1.3011948886811e+02 1.9343124604565e-03
14 2.5926524779020e+04 3.1625505215387e+04 -4.6891793195972e-01 6.4342984265249e-04
15 2.1853242717293e+04 3.2362424429100e+04 -1.5926943834923e+01 1.6191306984263e-03
16 2.3550291963815e+04 3.1928541798805e+04 -2.1739343661460e+00 2.6345971632951e-03
17 2.1629022034197e+04 3.2137210273083e+04 -1.2273727908436e+02 5.3355080662784e-04
18 2.6483948660967e+04 3.2352983200964e+04 -8.9920563978848e+00 2.6717728347729e-03
19 2.4774504788171e+04 3.1977520347818e+04 -2.0595173782898e+00 2.3139288950691e-03
20 2.6295002799124e+04 3.2647699808866e+04 9.6706522919135e+00 3.2162566863046e-03
21 2.6973831904769e+04 3.2346596940359e+04 -4.0678773451392e+00 2.4777810880947e-03
22 2.7107845897316e+04 3.2512763880682e+04 2.7011802170215e+00 2.9972322122371e-03
23 2.5761237138230e+04 3.2457553244422e+04 -1.7881441931298e+02 2.8827303433353e-03
24 2.4371924340372e+04 3.1188540519609e+04 1.2542974310780e+01 1.3223167729141e-03
25 2.4877398682585e+04 3.0750573866691e+04 -1.5802287878549e+01 6.8809278427138e-04
26 1.9529496911893e+04 3.1026770960547e+04 -1.5988287891454e+02 3.4265233384326e-04
27 2.1559960025108e+04 3.2464221407656e+04 -4.2495917819125e+01 2.1777181869968e-03
28 2.3517202432301e+04 3.2499372237454e+04 -1.6770519623887e+02 3.1084712373328e-03
29 2.3859704336382e+04 3.2586671601358e+04 2.0036794019482e+01 2.7082281918375e-03
30 2.6048222734585e+04 3.1691381302993e+04 4.2414581569036e+00 3.5674863763714e-03
31 2.6526849151337e+04 3.2187555093328e+04 1.7809115007865e+02 2.7125762969349e-03
32 2.6354238800215e+04 3.2399233956270e+04 -7.1481583381665e+00 1.6977879376506e-03
33 2.3631745251614e+04 3.1978916953536e+04 -6.1074570707563e+00 2.6253998017927e-03
34 2.2619645532489e+04 3.1958113180029e+04 -1.5841161361488e+02 8.1749025124044e-04
35 2.8397209836265e+04 3.2654375841083e+04 2.2026930536187e+01 3.1567545551983e-03
36 2.9738179838778e+04 3.2295809277217e+04 5.7031221190504e+00 4.5691935024223e-03
37 2.9611703213146e+04 3.2184041215563e+04 -3.8219826341673e-01 2.4680785537301e-03
38 2.3231592204992e+04 3.2283713952818e+04 1.7205631775990e+02 1.3524726892203e-03
39 2.4702244988717e+04 3.1587703747314e+04 -1.4790759121030e+01 1.7727274467710e-03
40 2.4166951329829e+04 3.1607396986957e+04 -2.0796025912681e+00 1.9929827502812e-03
41 2.2494065597534e+04 3.1734878932192e+04 -2.7472315496570e+00 8.6534276870556e-04
42 2.5642584817131e+04 3.1011820018252e+04 -1.0276309457362e+01 9.8611386135000e-04
43 2.4563460789867e+04 3.1593082517462e+04 -1.1412739184100e+01 1.9742800248054e-03
44 1.8285377404107e+04 3.2458395312438e+04 4.6878148413022e+01 2.1023163464423e-03
45 2.0891260308284e+04 3.1567361757796e+04 -5.1057055165642e+00 1.1270035463139e-03
46 1.7898958061432e+04 3.1340859581728e+04 -1.0521939345611e+02 1.3854480144377e-03
47 1.9533366311344e+04 3.2217068821661e+04 -1.0065308184738e+01 3.1823843776429e-03
48 1.8377927510787e+04 3.2271670199748e+04 -1.7232073776290e+02 2.3589853390896e-03
49 2.3185041331462e+04 3.2426887794963e+04 1.2740664570665e+01 3.1935922317371e-03
50 2.2265026642647e+04 3.2248890135156e+04 -1.7459490587061e+02 2.5458824771096e-03
51 2.4447521227663e+04 3.1788461389614e+04 -1.7244834022861e+02 2.2992986438696e-03
52 2.6490500053532e+04 3.1827084709081e+04 -7.1637565927934e+00 1.7618543045588e-03
53 2.0441234795341e+04 3.2217588044298e+04 -7.4000646187945e+00 7.1110932422823e-04
54 2.4166882968409e+04 3.1673899125163e+04 3.6553072035653e+00 2.5597972506558e-03
55 2.5263235662654e+04 3.2492837737422e+04 -3.3146303607036e+00 7.0160735743554e-04
56 2.4393171134651e+04 3.2236605262700e+04 9.4017108149588e+00 1.8732976886046e-03
57 2.5395040336542e+04 3.1910770763545e+04 -7.5024891656569e+00 8.2709030287782e-04
58 1.9712263762786e+04 3.2533443956534e+04 -1.7118756315836e+02 2.2904446170163e-03
59 2.3252531847206e+04 3.1907741963233e+04 -2.6568462265390e-01 2.6571503367921e-03
60 2.3008969902654e+04 3.1950330987618e+04 3.6477274523653e+00 2.8280503125347e-03
61 2.3079244055901e+04 3.1972948204138e+04 -1.0818930451741e+01 1.6263124840339e-03
62 2.0895789487234e+04 3.2350438728561e+04 -1.8413497865464e+00 7.6032776765901e-04
63 2.4253180104624e+04 3.2137793249867e+04 -7.3942942706825e+00 2.7401323976249e-03
64 2.0524985396110e+04 3.2650059647866e+04 -1.7611087618205e+02 1.1401018888552e-03
65 2.2205768570810e+04 3.3199632274612e+04 1.0009021905600e+02 1.8043128332704e-03
66 2.4479557003293e+04 3.2375554349800e+04 -1.6405367591180e+01 2.8260967132785e-03
67 2.4852962836893e+04 3.2298394409208e+04 -1.4901583870152e+01 2.1279675098512e-03
68 2.1025927521799e+04 3.2126009855023e+04 -1.0371243523534e+01 2.2512601230061e-03
69 2.5068856141613e+04 3.1781717905946e+04 -1.3576064690719e+01 2.2021962588621e-03
70 2.4041295416607e+04 3.2794651321184e+04 8.7719817289593e+00 3.0372238257453e-03
71 2.4935549143889e+04 3.2584488544468e+04 -2.3422987906358e+00 1.9372917340007e-03
72 2.1451057369683e+04 3.2884211475812e+04 -1.3971586092325e+02 2.3708467310171e-03
73 2.2096844065890e+04 3.2989361115007e+04 1.6814681827619e+00 2.5849445371750e-03
74 2.6897560773374e+04 3.2361825055472e+04 -3.3786129232912e+00 2.9234197166466e-03
75 2.6497517650875e+04 3.2558780648307e+04 1.4751259755077e+01 3.0711245919823e-03
76 2.5101628403281e+04 3.2323219232322e+04 -9.1551491039107e+00 2.5699211349709e-03
77 2.5070432312382e+04 3.2370194817630e+04 -5.1141419730119e+00 2.2227098032661e-03
78 2.5336502826284e+04 3.2691402623541e+04 -1.5559520135701e+02 1.5571183692066e-03
79 2.5290384879698e+04 3.2833653213687e+04 1.7931574541100e+02 2.2763190633088e-03
80 2.5648625556278e+04 3.2794059841450e+04 -2.2369900643297e+01 2.6955121998428e-03
81 2.4879089632962e+04 3.2457142898829e+04 3.2082933213643e+00 9.4942989532021e-04
82 2.7876972524741e+04 3.2315730014920e+04 -1.1452483911337e+01 2.6949156892508e-03
83 2.7334801670333e+04 3.2515998787494e+04 8.1825637385753e+00 3.0305558158598e-03
84 2.6832976665794e+04 3.2125279613938e+04 -5.8806097861752e+00 2.5832461194787e-03
85 2.5893737180838e+04 3.2135768652645e+04 -1.5523802927515e+02 2.7567608180050e-03
86 2.6036472557089e+04 3.3034711454895e+04 1.7036205080039e+02 1.5898480501979e-03
87 2.6825006182791e+04 3.3010834822902e+04 2.7996351293407e+00 2.7212665172195e-03
88 2.2518465673477e+04 3.2848423067179e+04 -9.7185999661069e+00 3.0049434825160e-04
89 2.5843772521947e+04 3.1949269325013e+04 -8.4360211710246e+00 1.8152921375967e-03
90 2.5958308608075e+04 3.2333961709535e+04 8.3629779238221e+00 2.1586826659014e-03
91 2.6344672088999e+04 3.2467641590635e+04 1.9102519667226e+01 4.8682924829255e-04
92 2.5926100389964e+04 3.2211036390162e+04 4.5380659049188e+00 3.2145216165162e-03
93 2.5865058610201e+04 3.3533922493805e+04 -8.2165774368299e+00 2.6773497810609e-03
94 2.4297528770083e+04 3.2024473691916e+04 -1.4122992407006e+01 2.4057386625819e-03
95 2.3199968973796e+04 3.2143886717181e+04 -1.7450501188160e+02 2.7721240851071e-03
96 2.2433197752992e+04 3.2080884947441e+04 2.5397320015181e+00 2.2503465937122e-03
97 2.4824860949830e+04 3.1589881157995e+04 -1.7286295170065e+02 1.4025356222542e-03
98 2.8245974256300e+04 3.2025079619522e+04 9.5396660068906e+00 6.9046074510737e-04
99 2.4903890264484e+04 3.2232774380158e+04 -1.7826849364219e+02 7.6096671532976e-04
100 2.7079437721879e+04 3.1744579681662e+04 -7.5378061767823e+00 7.4166927701193e-04
101 2.3968563258375e+04 3.3109079810543e+04 3.0667056042402e+01 2.6033917334440e-03
102 2.3772478907517e+04 3.2225592844677e+04 -1.7582027185489e+02 5.7069385086824e-04
103 2.3898017599356e+04 3.2416873090989e+04 1.6055352221875e+02 1.2618118011180e-03
104 2.5015358345997e+04 3.2246077760909e+04 4.0366162989568e+01 1.1824815156646e-03
105 2.6388129064916e+04 3.1941559545982e+04 5.8637252476639e+00 2.2593835229625e-03
106 2.5561754083210e+04 3.1992741138411e+04 -1.7251867078769e+02 9.5073161236885e-04
107 2.5654796488949e+04 3.2127905453738e+04 -1.6907799801252e+02 1.1157570459685e-03
108 2.7236118701592e+04 3.2519694512362e+04 -1.6349166412742e+02 2.8356134386861e-03
109 2.7403186908268e+04 3.3005591310381e+04 1.3775781775055e+01 3.2374986945649e-03
110 2.6206900209186e+04 3.2710242824710e+04 -1.6609411131226e+02 3.1164661675380e-03
111 2.8721888848335e+04 3.2703904269903e+04 1.7056217992868e+02 3.0352301202758e-03
112 2.9495403679580e+04 3.2676129299667e+04 2.9741173948206e+01 3.1272336274450e-03
113 2.0862384096672e+04 3.0769248344408e+04 -2.1903991218661e+01 8.5285297452305e-04
114 2.5030778282824e+04 3.1880881147554e+04 1.6161571434972e+02 2.2662946479793e-03
115 2.6157639287897e+04 3.1565901088808e+04 -1.2511979870548e+01 1.7589170707384e-03
116 2.5141666965945e+04 3.1951011659949e+04 9.9769417167995e+00 2.4950007443949e-03
117 2.4684802409087e+04 3.1895087981837e+04 -1.7622614301521e+02 2.4208462977277e-03
118 2.3432018523325e+04 3.1074456896093e+04 -1.6497592720622e+02 4.0008369314367e-04
119 3.0692663170350e+04 3.2033273400931e+04 -3.3562363844925e+01 2.0771340978889e-03
120 3.4194693964740e+04 3.2054814726962e+04 5.4548432042177e+00 4.2782076768037e-03
121 3.6883893572733e+04 3.2050943342305e+04 -1.0366303005795e+01 6.7712114953741e-04
122 3.1004999648964e+04 3.2101161946534e+04 1.5669999845133e+02 6.8955329669692e-04
123 3.3271968785033e+04 3.2075801635833e+04 -3.6097267184543e+00 1.4477833370333e-03
124 2.8492257052994e+04 3.2630709922125e+04 1.0397545446878e+02 3.0890503976956e-03
125 3.0332817498942e+04 3.2446649493616e+04 -1.2778366459834e+02 1.0571932406357e-03
126 2.1412064239526e+04 3.1073094840815e+04 -4.0649666006987e+00 1.3567599918044e-03
127 2.1513048460075e+04 3.1816960688420e+04 1.5315478841783e+00 7.3082064066241e-04
128 2.4887943901684e+04 3.1729248468283e+04 -2.6367377396883e+00 1.1845252248613e-03
129 3.2116188534117e+04 3.2119285805213e+04 1.2290271825952e+01 1.2457394789528e-03
130 2.8882288712045e+04 3.1823787402777e+04 1.7564230563476e+02 1.8755000996677e-03
131 2.7848317454362e+04 3.2217087148449e+04 1.3333653907149e+02 2.6772772125079e-03
132 2.9175480794969e+04 3.1774486300282e+04 -7.7801386418555e+00 9.3927978884302e-04
133 2.8046071938928e+04 3.1985326540274e+04 -4.9739191569053e+00 1.9262976637074e-03
134 2.7349279349785e+04 3.1263549315989e+04 -8.4356907789272e-01 6.7495668565392e-04
135 3.4213382599274e+04 3.2039210995090e+04 2.8018174006871e+00 1.2155118363704e-03
136 2.8343365663571e+04 3.2024786972790e+04 1.1205195488754e+01 2.3162984293186e-03
137 2.3091727919721e+04 3.0679542433482e+04 -1.2665625363135e+01 4.8701076264581e-04
138 2.2919740509996e+04 3.0893044125633e+04 -4.3182921954353e+00 1.0169052580316e-03
139 2.4475650082737e+04 3.1342636563916e+04 -1.0882952949652e+01 1.2906274650354e-03
140 2.4038083020945e+04 3.1846332271317e+04 -1.1416667240637e+01 1.7345768517187e-03
141 2.1715763530045e+04 3.2110001849276e+04 -2.0112741299921e+01 2.9403019437096e-03
142 2.1468545519432e+04 3.2237708301810e+04 -1.6257036207684e+01 3.1569542364552e-03
143 2.3301267384579e+04 3.1657956295324e+04 -1.4976544493192e+01 1.7899051557968e-03
144 2.4443508217183e+04 3.2090455642462e+04 1.9058169037176e+00 2.5054008409571e-03
145 2.4025528067046e+04 3.2130948785523e+04 1.6343863196829e+02 1.6314409636503e-03
146 2.4007288887838e+04 3.2480491557101e+04 -2.3386255634670e+01 1.2983335197151e-03
147 2.2980584605585e+04 3.2371287060160e+04 -1.6046811444074e+01 3.0844104062481e-03
148 2.2263964233803e+04 3.2428356578002e+04 -1.6727064670045e+02 3.1140937687027e-03
149 2.2930927028333e+04 3.3241588614923e+04 -7.7374799011604e-01 2.1580217705436e-03
150 2.3868851269005e+04 3.2334110738435e+04 -1.1182523571624e+01 3.1303203771689e-03
151 2.1260322091746e+04 3.1634527968844e+04 -9.3628567224347e+00 1.6194681039856e-03
152 1.8728859113453e+04 3.2608987422904e+04 -2.5342121068470e+01 3.2065183920843e-03
153 1.8609199247329e+04 3.2795970519168e+04 2.7371476273634e+01 2.1748928968042e-03
154 2.2068826383381e+04 3.1980023887446e+04 3.6850955344633e+00 3.2158061872719e-03
155 2.0108997216779e+04 3.1786910288731e+04 1.1146262794550e+01 2.3818804558149e-03
156 2.0689631603090e+04 3.1784499333291e+04 3.6461641294439e+00 2.3713130224607e-03
157 2.0212360527571e+04 3.1636485860019e+04 -1.3025063485829e+01 2.1723339489497e-03
158 2.5205443891147e+04 3.0876248204569e+04 -7.8527869505192e+00 8.3938279753195e-04
159 1.9326668039020e+04 3.1998175047476e+04 -5.1868647650493e+01 1.6537781660544e-03
160 2.1345871180985e+04 3.1603976679296e+04 5.9501755154504e-01 1.9679168649619e-03
161 2.2505825292414e+04 3.1391854173168e+04 -1.8349045635592e+01 1.7997746231301e-03
162 2.4015275432379e+04 3.1228038632423e+04 -1.0128938813350e+01 4.5060755259530e-04
163 2.0997207584631e+04 3.2725918989894e+04 -3.6917614978452e-01 1.7560677453358e-03
164 2.6219237663710e+04 3.1312036502973e+04 -8.8261525112847e+00 1.3132650137650e-03
165 2.3883947090855e+04 3.1869119030219e+04 -8.9055000858327e+00 2.5306484994926e-03
166 2.5387998986625e+04 3.2086775488002e+04 -3.6835632183270e+00 2.2953450394877e-03
167 2.5477782722424e+04 3.1909425960955e+04 -1.3565339191397e+01 2.0641084633468e-03
168 2.3588131893146e+04 3.1836821218590e+04 1.7854368767358e+02 1.9043866605916e-03
169 2.4440135854900e+04 3.2016614237868e+04 1.1268509254592e+01 2.6931903852489e-03
170 2.4122644238781e+04 3.2013630471586e+04 1.8500751853678e+01 2.6217204571541e-03
171 2.1171820848424e+04 3.1841609644027e+04 2.7260756501005e+00 1.8635707040645e-03
172 2.1077832305016e+04 3.1936702115081e+04 1.6455338973515e+02 2.8265293522503e-03
173 2.3700016279963e+04 3.1660428109069e+04 2.6136643654567e+01 2.1963941489023e-03
174 2.2719808766671e+04 3.1653148485767e+04 1.2774233664827e+00 1.3140603765275e-03
175 2.1312224626934e+04 3.1833265310842e+04 -1.7626011059533e+02 1.1217358628142e-03
176 2.3535047658268e+04 3.2100641152001e+04 -2.0106491007405e+01 7.8863273957122e-04
177 2.5406290614654e+04 3.2017839844403e+04 3.5017996115741e+00 2.3509724810519e-03
178 2.2223205968561e+04 3.2849390472323e+04 7.8212190061247e+00 3.8580474119130e-04
179 2.5263062582812e+04 3.2613641876299e+04 -2.0080920025334e+00 2.9012712070980e-03
180 2.5307104596714e+04 3.2623881292675e+04 -5.0860182026262e-01 1.6469294633202e-03
181 2.5570343232403e+04 3.2173191837811e+04 5.8791499884435e+00 1.8029057033836e-03
182 2.5650500005404e+04 3.1300509306542e+04 -4.0428997790020e+00 1.3386436111757e-03
183 1.9748431118808e+04 3.2321791623755e+04 2.0630113581506e+01 2.7784801502529e-03
184 1.9695312192753e+04 3.2243619066772e+04 1.1051700701309e+01 2.2125845020389e-03
185 1.8517430576651e+04 3.2963741568381e+04 -4.1170375866189e+00 7.7493238348541e-04
186 1.7826155547123e+04 3.2209728320797e+04 -9.3750011292202e+00 2.2267701933030e-03
187 1.7438020413678e+04 3.2284467788558e+04 -7.1147882433485e+00 2.1263311292749e-03
188 1.9501397963547e+04 3.1917550352518e+04 -3.2423775457737e+00 2.9831686365522e-03
189 1.8736542770098e+04 3.1886766462369e+04 -2.8480896049222e+01 2.9727985020932e-03
190 2.0098607300425e+04 3.1407536487073e+04 6.6942940761212e-02 7.9864694909091e-04
191 1.7011180318608e+04 3.2471270645660e+04 -4.8434315060635e+01 1.1211973550864e-03
192 2.3962984094386e+04 3.1921147845553e+04 -4.1866622848374e+00 1.6736208380603e-03
193 2.1920244236853e+04 3.2023406726560e+04 -1.7570283154025e+02 2.8509497765646e-03
194 2.4338674450032e+04 3.1812104758024e+04 -5.1322446713579e+00 1.4554421048409e-03
195 1.9976386620592e+04 3.1630675124570e+04 -1.9290049331418e+01 1.1070321277250e-03
196 1.9080058048011e+04 3.1121760663005e+04 9.5717177443399e+01 1.6968421239347e-03
197 2.3877756214851e+04 3.2053679155095e+04 -9.8519434804592e+00 2.6539726712889e-03
198 2.3561642383925e+04 3.2002279566681e+04 -1.9327362793878e+01 2.7639573560664e-03
199 2.4994540053772e+04 3.1947443104660e+04 -9.7184620149643e+00 2.5300300209926e-03
200 2.2703706450456e+04 3.2187305551122e+04 -1.4900949168305e+02 5.6761522042104e-04
201 2.5337050201423e+04 3.2300730693279e+04 -9.9814351158761e+00 2.9693664399852e-03
202 2.4211420084952e+04 3.2330227583258e+04 -1.7305209051852e+02 2.3956136598851e-03
203 2.5826358199423e+04 3.1209568290465e+04 -1.2239656970328e+02 1.2252596843279e-03
204 2.5967503731440e+04 3.1544502262990e+04 -1.6624613879024e+00 1.2916751882082e-03
205 2.6062729212324e+04 3.2183360782257e+04 -5.3129778031548e+00 2.3880729331564e-03
206 2.2495787768218e+04 3.0782489289433e+04 1.7953496365219e+02 7.2232093341338e-04
207 2.0884540440329e+04 3.1504289390898e+04 -4.9233388026932e-02 2.2251759749127e-03
208 2.2510208810731e+04 3.1752908161906e+04 -1.8806904496007e+01 2.4401387535138e-03
209 2.3271440515724e+04 3.1944594961047e+04 1.4836340832523e+00 2.6487534538131e-03
210 2.3123244393830e+04 3.2103778727760e+04 4.9255121936972e+01 2.7495878033567e-03
211 1.5443904843286e+04 3.1650157588931e+04 -7.2088669960509e+01 2.1657623980658e-03
212 1.4558008181754e+04 3.1786094405923e+04 1.7677766131868e+02 1.6845862828559e-03
213 1.9833992638296e+04 3.1553506163155e+04 -4.2600037362531e+00 2.1798518487823e-03
214 1.6562341761290e+04 3.1570457294050e+04 7.1474168199679e+00 2.7689537523976e-03
215 1.5806783625567e+04 3.1580648001855e+04 2.4620848797921e+01 2.7634258488803e-03
216 2.5215199257611e+04 3.1864733395787e+04 -1.5590473100990e+01 2.0230562790808e-03
217 2.5474333798156e+04 3.2781631728554e+04 -3.1144858826674e+00 3.2089002572802e-03
218 2.4999699169463e+04 3.3172473242785e+04 6.3951138217796e+01 2.9786390182905e-03
219 2.3071095477294e+04 3.1444352929902e+04 -2.5005332680138e+01 1.3919280966265e-03
220 2.1987044538637e+04 3.1605013837528e+04 -1.7888324796508e+02 2.2018234857408e-03
221 2.1407157781148e+04 3.1693963359417e+04 -2.4879613089060e+01 1.6023266491761e-03
222 2.1109283426120e+04 3.1806460953462e+04 -3.2920700338140e+01 1.3445784893037e-03
223 2.1632214191315e+04 3.1550381817263e+04 -2.2430141610687e+01 1.9731929267153e-03
224 2.3071766957823e+04 3.1668371504140e+04 4.6390586069736e+01 1.7645679379611e-03
225 2.5783454545982e+04 3.1536589238783e+04 -1.4297945459947e+01 1.2911352511440e-03
226 2.4386825291235e+04 3.2096285174285e+04 1.6187037645957e+02 7.8619183641113e-04
227 2.4449797981656e+04 3.2513068482941e+04 1.2819358728228e+02 3.1968206090547e-03
228 2.4933917644140e+04 3.2062565632572e+04 1.6932411226925e+02 2.7372440894198e-03
229 2.6016822280180e+04 3.1810604066050e+04 -1.5025260431081e+01 1.8558898776648e-03
230 2.5188345062220e+04 3.2662766430145e+04 -1.7882924075166e+02 2.3716789642743e-03
231 2.6729832979737e+04 3.2872363834391e+04 1.7734668288945e+01 3.2374986945649e-03
232 2.6614681018240e+04 3.1971187842696e+04 -1.2880817068097e+02 8.7148514357894e-04
233 1.9032649952729e+04 3.2107551537176e+04 -6.6662060398455e+00 1.6457061880292e-03
234 1.8258363649938e+04 3.2062585307689e+04 -1.6092477274747e+02 2.4716678105045e-03
235 2.8275733256197e+04 3.1826188415071e+04 -6.1331625574104e+00 1.4847374418015e-03
236 2.5854339734736e+04 3.1572997351521e+04 1.7658452982303e+02 1.5394560259238e-03
237 2.5126168077002e+04 3.2997435269337e+04 2.0548038605433e+00 2.4385994615681e-03
238 2.5142668385985e+04 3.3008045715509e+04 3.0024201038411e+00 1.6084682126969e-03
239 2.5067074030467e+04 3.1544975914023e+04 -1.7689957177472e+02 1.4550340717652e-03
240 2.6151460149897e+04 3.1803925474178e+04 2.5211779997278e+01 2.1683444979915e-03
241 2.3184847230924e+04 3.1728373837047e+04 1.2645361356601e+01 2.2919031660927e-03
242 2.6176022896189e+04 3.2134208484920e+04 1.3073817161007e+01 2.2230971513566e-03
243 2.5571811411739e+04 3.2035517615862e+04 2.2694000180659e+01 2.3258942514284e-03
244 2.0495008555851e+04 3.1845829922290e+04 1.6699322766586e+02 5.5175603887127e-04
245 2.5292961661495e+04 3.1228305397839e+04 1.7951545090456e+02 6.7218954877893e-04
246 2.5200811514075e+04 3.2338009174941e+04 1.6720841971560e+02 1.5593180517685e-03
247 2.6524218283645e+04 3.2009595358185e+04 -1.4833145658448e+01 2.4969783711274e-03
248 2.7888633939819e+04 3.1972465529926e+04 -6.2882943380213e+00 2.0754913021607e-03
249 2.3860275880877e+04 3.2212746090683e+04 -1.0337624295464e+01 3.6447561428960e-04
250 2.3292888731273e+04 3.2220862639581e+04 1.7673965769220e+02 2.3563961151113e-03
251 2.1119775312205e+04 3.2665565960024e+04 -3.3091774395834e+01 6.7744782091634e-04
252 2.5734598541971e+04 3.1112176954734e+04 -3.2017854750577e+00 3.1651972887577e-04
253 2.4170675663136e+04 3.2413226269854e+04 1.7585161726773e+02 4.3473549437271e-03
254 2.6007741397829e+04 3.1950235864838e+04 -7.4347941991698e+00 2.3412124951991e-03
255 2.4307581891633e+04 3.2070304050089e+04 -1.7580077168164e+02 2.5579180923770e-03
256 2.4637263936796e+04 3.2955200720943e+04 -1.3610990482947e+01 2.3246294897115e-03
257 2.5735029685111e+04 3.1834533355544e+04 -1.7423329278403e+02 2.0939297264550e-03
258 2.6575833154281e+04 3.2617899559341e+04 1.7751487138684e+02 1.8190880159015e-03
259 2.6545601359131e+04 3.2614695960091e+04 1.7873778391013e+02 3.1320850622302e-03
260 2.6585408272166e+04 3.2927180428893e+04 -2.2385706840049e+01 2.7759968509637e-03
261 2.3194878229361e+04 3.2280970569189e+04 1.7991158350151e+02 2.9670734080342e-03
262 2.5454525025168e+04 3.2239497669496e+04 -1.2595699810375e+00 2.6302817827119e-03
263 2.4889188021934e+04 3.1766095107223e+04 2.1388466553839e+01 2.2481082568850e-03
264 2.1622698833569e+04 3.0470547580703e+04 2.7569745274766e+00 6.1447627028754e-04
265 2.5656881736050e+04 3.1736378831398e+04 4.3995006643567e+00 1.7297231904207e-03
266 2.3828670195578e+04 3.1465206488978e+04 -4.5199747733051e+00 5.2682489531453e-04
267 2.4611391034767e+04 3.1930630875806e+04 3.9092227827891e+00 2.1082966668580e-03
268 2.4352627828042e+04 3.1463011429206e+04 3.4731244497973e+00 7.9687162537624e-04
269 2.1347598116888e+04 3.2308607310024e+04 3.2076091113134e+01 1.4607976520204e-03
270 2.1834988127413e+04 3.2348005565403e+04 4.8013556813940e+00 4.9766041176337e-03
271 2.4199833070371e+04 3.1781092352240e+04 -2.4171426347686e+00 1.4292695136569e-03
272 2.2034359020336e+04 3.1741598637300e+04 -6.5815007076084e+00 2.0300674087826e-03
273 1.9641667643987e+04 3.2536008467817e+04 6.0765541849206e+00 8.2107093323032e-04
274 2.4201498092227e+04 3.1406006271937e+04 1.0505792572121e+00 5.7716767466654e-04
275 2.0873578358859e+04 3.1698445377432e+04 3.5936700865199e+00 2.0171877200969e-03
276 2.3237167856121e+04 3.1897279195692e+04 -1.6483115055931e+02 2.3249004997258e-03
277 2.1757008923955e+04 3.1355123957638e+04 1.5653573015026e+02 1.4858038620476e-03
278 2.0871684513207e+04 3.1495513615975e+04 8.0184887925041e+00 2.1121433889174e-03
279 2.8442129154983e+04 3.1647515598647e+04 -1.4374099194706e+00 1.3119518111791e-03
280 2.6271255332748e+04 3.1619370372339e+04 -1.1540606203142e+01 1.8400697801331e-03
281 2.2603151663955e+04 3.1226752472967e+04 -1.3669235709834e+01 1.1745762692846e-03
282 2.2840857519562e+04 3.1522071767810e+04 -1.3232334012982e+00 2.0430956339567e-03
283 2.2410093728546e+04 3.1154399604975e+04 -1.1831045823880e+02 1.2657999472898e-03
284 2.2396915062580e+04 3.1633294980335e+04 1.5270975526344e+02 1.8098439535886e-03
285 2.0974570530154e+04 3.1570619547517e+04 1.4300904699440e+02 1.7970467150450e-03
286 2.4692500717072e+04 3.1521547873161e+04 -2.4310477986134e+00 1.8278750504773e-03
287 2.3086889965096e+04 3.2595884101112e+04 -1.9983229701820e+00 2.7107387365750e-03
288 2.2029512090376e+04 3.2526209525854e+04 -1.7666988620141e+01 3.2165099860873e-03
289 2.4352967839201e+04 3.2103203944577e+04 -1.4671753965010e+00 2.8474134568807e-03
290 2.3243316459396e+04 3.2191861708278e+04 4.3694553395136e+01 3.0075962784087e-03
291 2.2257052440886e+04 3.2710675468802e+04 1.6411437914874e+02 1.9016540528568e-03
292 2.2959016319212e+04 3.2472353153622e+04 -1.7356780724102e+02 3.2267579057023e-03
293 2.5170996169703e+04 3.0866799304893e+04 -8.5861026125146e+00 8.5442700724746e-04
294 2.1638429850947e+04 3.1346895411297e+04 -1.5029126972373e+00 1.8188692078713e-03
295 2.8469215137818e+04 3.1263168266209e+04 -6.5042916370992e+01 1.0711591626562e-03
296 2.8742163666370e+04 3.1920315632078e+04 1.5155717080751e+02 1.9061545098173e-03
297 2.3938763691751e+04 3.1582027784046e+04 1.9258824906810e+01 7.7139292661466e-04
298 1.7710025447631e+04 3.1174781124642e+04 4.6406630000264e+01 4.9693405378575e-04
299 2.0460176855778e+04 3.1567540169090e+04 1.7493885238073e+01 2.1855684612153e-03
300 1.8876709112598e+04 3.1180444167206e+04 -1.6916876525704e+02 1.5913014458921e-03
301 2.2252796296618e+04 3.0960689435429e+04 -5.7900762935203e+00 1.0803440968100e-03
302 2.3239614406658e+04 3.1979097589724e+04 -2.1175717194133e-01 2.4024107700284e-03
303 2.3095199278605e+04 3.2116649637544e+04 2.2664716035216e+01 2.0355912675756e-03
304 2.3561234547988e+04 3.1200504016022e+04 -7.8363158780451e+00 1.2861277482374e-03
305 2.1112695501957e+04 3.1074410097366e+04 2.0411460973208e+00 1.2081004814181e-03
306 1.8134127163005e+04 3.1216931135088e+04 3.6535403256771e+00 1.3471828878933e-03
307 2.5442735260218e+04 3.1560475746213e+04 -4.4564351705476e+00 1.5313775411412e-03
308 2.5301895742042e+04 3.1580471059259e+04 -7.4024793974349e+00 1.8549754228849e-03
309 2.5899808944660e+04 3.1692995189483e+04 -1.8486427452329e+00 1.4642436617375e-03
310 2.2967308129137e+04 3.1845902935995e+04 -3.2333242119150e+01 1.6977225520223e-03
311 2.0686296405161e+04 3.2447230082094e+04 -1.7170124682013e+01 2.4696587857738e-03
312 1.9314973876912e+04 3.2552017706199e+04 -1.7953177217211e+02 1.1682638048796e-03
313 2.0788759874697e+04 3.2514852023066e+04 8.5025235921428e-02 3.0347975431831e-03
314 2.5240409263576e+04 3.0863184549989e+04 5.6802869248489e+00 2.8489375865361e-03
315 2.2299324966564e+04 3.1966963074896e+04 -1.3018221218463e+02 2.5327567860375e-03
316 2.3325416834345e+04 3.2051086479713e+04 -7.9603491478753e+00 2.8618789742019e-03
317 2.3292471661039e+04 3.1618201862287e+04 -1.7956182478626e+01 2.1504341417879e-03
318 2.1438044718307e+04 3.3357634575478e+04 1.0506318717993e+02 9.1470179635420e-04
319 2.2034871595658e+04 3.3571645580797e+04 1.7072811741066e+02 2.2616779724644e-03
320 2.4166308890718e+04 3.3420894526631e+04 3.3869326178176e+00 1.6496695862514e-03
321 2.3384949149902e+04 3.0816934376411e+04 -4.1081728410242e+00 8.7674772915987e-04
322 2.3531357575039e+04 3.1995723154346e+04 1.2873152284109e+02 7.1776751263438e-04
323 2.0132593300808e+04 3.2316673645348e+04 3.8398271205699e+01 2.5623775709418e-03
324 1.9795211039891e+04 3.1173577818554e+04 6.2442415873536e+00 2.4425099784785e-03
325 2.1021349846454e+04 3.2148442711094e+04 -1.1146972163871e+01 2.1118524402288e-03
326 2.0583084147199e+04 3.2290696342142e+04 -7.0730491985721e+00 3.1275866142137e-03
327 2.2329695133115e+04 3.1562949654486e+04 -1.8270288151217e+00 2.1725540607134e-03
328 2.2675721224888e+04 3.2335287485872e+04 1.6901841072923e+02 2.7688723718273e-03
329 2.3559959634820e+04 3.2438526260457e+04 9.7897624987754e+01 3.2038007455607e-03
330 2.4359043192062e+04 3.3043271869555e+04 2.2095057552345e+01 3.0996660460626e-03
331 1.9591796470187e+04 3.2351817432142e+04 2.4913067967802e+01 1.6111132119955e-03
332 2.0254958022272e+04 3.1973875492509e+04 -1.6738075577705e+02 2.9970568008435e-03
333 2.1086086922128e+04 3.2051920133669e+04 -1.1226226519124e+00 2.9508067230061e-03
334 1.9513278356142e+04 3.2812235188517e+04 1.1850565509028e+01 1.9927513116179e-03
335 1.7670636428680e+04 3.2646785251549e+04 1.3750895703140e+02 1.4306818908023e-03
336 2.2724603240014e+04 3.2335666797329e+04 1.5897272096854e+02 7.8341878951294e-04
337 2.1263308362548e+04 3.2542223687898e+04 1.5600698831242e+02 3.2178029530731e-03
338 2.1570656459404e+04 3.2567807312679e+04 1.1717002971545e+01 3.2092994949994e-03
339 1.9855176651975e+04 3.2642549431688e+04 -2.9114267035795e+00 2.3255141709536e-03
340 2.2367336410290e+04 3.1358362705114e+04 -2.0169321409153e+00 1.8059591467169e-03
341 2.2302589468359e+04 3.2097058769345e+04 2.1269466446629e+01 2.9705386535270e-03
342 2.2978373842108e+04 3.2087909105112e+04 4.4344403708277e+00 4.6777964317322e-03
343 2.1053858897553e+04 3.2372988760327e+04 1.6754226059752e+02 2.1010851084898e-03
344 2.1541333924139e+04 3.2287639913179e+04 -7.4126628673622e+00 2.3893573792322e-03
345 2.2860108528284e+04 3.1287538412202e+04 -1.3392256276142e+01 1.4630191919559e-03
346 2.1833617541149e+04 3.1592429944487e+04 -1.4795101976556e+02 1.7567164318189e-03
347 2.2769992934910e+04 3.1768172262430e+04 1.3033667320802e+00 2.1662385655502e-03
348 2.1530644860549e+04 3.2271298136756e+04 -1.4676629770357e+01 3.0383351178391e-03
349 2.1618557500373e+04 3.2535438897810e+04 1.6494530249595e+01 2.8578370903926e-03
350 1.9911392358970e+04 3.2131697862225e+04 1.6867746665048e+02 2.4983916930190e-03
351 2.2800641482700e+04 3.2099109118899e+04 -1.4468535662070e+00 2.3892829157059e-03
352 2.0596096038763e+04 3.0933587741689e+04 -1.7607808360011e+01 8.0374971721885e-04
353 2.2770005755819e+04 3.2132341566827e+04 -1.0365027392443e+02 2.7204312039738e-03
354 2.3121131734897e+04 3.2424572156058e+04 6.1147058722157e-01 3.1620444186474e-03
355 2.4371672170159e+04 3.2333773182681e+04 1.2335350908318e+01 2.7988821173980e-03
356 3.2081698619998e+04 3.2050670798141e+04 -3.8447341294595e+00 1.4109361140697e-03
357 2.8707454300143e+04 3.2409034615256e+04 -8.8599866008191e+00 2.1188255373034e-03
358 2.8489683770294e+04 3.2547103521854e+04 1.8388636659811e+01 2.5775194013086e-03
359 2.3599545616228e+04 3.2147333249261e+04 -2.3761092875176e+01 2.9195530938629e-03
360 2.5024981431007e+04 3.1610631163638e+04 1.7554730457700e+02 1.3383419695893e-03
361 2.1478491232463e+04 3.2014772463133e+04 -1.7663023992192e+02 5.5853217466924e-04
362 2.3660716773249e+04 3.0865987066546e+04 -2.4851330109362e+01 3.7424063218228e-04
363 2.7017998159131e+04 3.2117542111199e+04 8.7208105826637e+00 1.6940795168197e-03
364 2.6311670121644e+04 3.2717658777851e+04 1.8996640147172e+00 1.3813343792777e-03
365 2.8074733241709e+04 3.1203732486128e+04 -1.5576063467715e+02 4.0140247051912e-04
366 3.4968649566201e+04 3.1381150400144e+04 -1.1810905347753e+01 4.6103645925364e-04
367 2.6525588158585e+04 3.3086795615676e+04 9.4898640931602e+01 2.4721711737504e-03
368 2.7679744485924e+04 3.2787990824114e+04 -1.3015710575295e+01 2.9040617046456e-03
369 2.7180693268190e+04 3.2780111085665e+04 -2.3372440265084e+01 2.4411903195141e-03
370 3.3820269271593e+04 3.1845175093352e+04 -2.1328418643873e+01 1.4233098657287e-03
371 2.4687036869789e+04 3.2872012358867e+04 -2.5202352339222e+01 2.8857026050131e-03
372 2.3936498238294e+04 3.2572992612039e+04 4.1353737371434e+00 4.6232987027519e-03
373 2.3383128013187e+04 3.2397351489473e+04 -1.1082645232473e+01 2.4207566490211e-03
374 2.2887682490350e+04 3.2752266040426e+04 -8.5485924374054e+00 3.2060313903485e-03
375 2.2630515134826e+04 3.2867574255097e+04 -2.9692924207600e+00 3.1203963848209e-03
376 2.1171972994451e+04 3.2162283870364e+04 -8.8594054350898e+00 2.3109145817742e-03
377 2.3324623125006e+04 3.2050023331163e+04 2.8077607697709e-01 2.8535187518600e-03
378 2.3227439161929e+04 3.2131698892206e+04 8.7817656422222e+00 2.8281957238018e-03
379 2.2204419958951e+04 3.2485812615113e+04 -5.2399303715618e+00 2.7621499387858e-03
380 2.5406917070632e+04 3.0966933868052e+04 -9.0697319895398e+01 8.6705702345619e-04
381 2.2270799858945e+04 3.2273601356608e+04 1.6826112226258e+02 3.8511154917412e-04
382 2.9829856511360e+04 3.1911048924594e+04 1.5631495264350e+00 1.9507565648701e-03
383 2.3628800991005e+04 3.1644888461618e+04 7.0329924136766e+00 2.1327510950487e-03
384 1.8561022067073e+04 3.0636281342330e+04 1.0329028586736e+00 7.5969772323087e-04
385 2.6055739202697e+04 3.2270185428141e+04 5.1151231105618e+00 2.2374260777901e-03
386 2.7324111403867e+04 3.2230601913389e+04 4.5514304788722e+00 5.3961502938739e-03
387 2.7196671507328e+04 3.2101522256592e+04 -4.1995024851001e+00 2.5176090826675e-03
388 2.7047072974657e+04 3.2082971213543e+04 -6.8703566714838e+00 2.5557602161757e-03
389 2.4483174037725e+04 3.1773285630456e+04 -3.7428367706361e+00 9.9087155695781e-04
390 2.2136685253990e+04 3.2275718626620e+04 1.9531784295853e+01 1.6798441907777e-03
391 2.2238188765748e+04 3.1754858599768e+04 -1.6638245510911e+02 2.4403369278214e-03
392 2.2552290180467e+04 3.1471390831082e+04 -2.9522196115179e+00 1.4282615649185e-03
393 2.0926716113897e+04 3.1223117036686e+04 8.1645829299064e-01 1.7013901940442e-03
394 2.5346093191655e+04 3.1611960528796e+04 -1.0111009137444e+01 1.9046253286128e-03
395 2.0717853646642e+04 3.2030544848076e+04 -1.8726164593319e+01 1.9138799375850e-03
396 2.0519315260782e+04 3.2238978098267e+04 1.0181090928626e+02 2.8831751060759e-03
397 2.2729012843287e+04 3.2681279539453e+04 5.9321773615213e+01 8.4058500056073e-04
398 2.3698780127327e+04 3.2809629729615e+04 -2.5924754746860e+00 2.9982945364721e-03
399 2.3534311036485e+04 3.2870545157819e+04 4.1859681475096e+00 3.0884532527452e-03
400 2.3328859579861e+04 3.1886280329204e+04 4.7188443978415e+01 2.6126988666349e-03
401 2.5757664412638e+04 3.1089995010336e+04 4.6982417406806e+01 1.0443572655485e-03
402 2.4864539262543e+04 3.1605603943491e+04 -4.7983221579346e+00 1.2538428036176e-03
403 2.2020179481126e+04 3.1163500613006e+04 -1.4136399407132e+02 5.9229968854575e-04
404 2.0543772483729e+04 3.1631895697054e+04 2.2078768577173e+01 2.3987113062184e-03
405 2.1125697128007e+04 3.1710158119763e+04 1.7350102244698e+02 1.5923142006196e-03
406 2.6939660506517e+04 3.2208961156896e+04 -1.1339121871325e+02 2.0506251442936e-03
407 2.9608202230747e+04 3.2161210553516e+04 -1.0049370531918e-01 1.7380147469528e-03
408 2.8951746232789e+04 3.2392134609409e+04 -7.1511759188072e+00 1.1989417604951e-03
409 2.6245390974037e+04 3.1138645175687e+04 -1.1923680951632e+01 1.0971097387012e-03
410 2.2068238368082e+04 3.2201484965466e+04 -1.5938033200476e+02 1.1069512044788e-03
411 2.4877749147556e+04 3.1773635057186e+04 -2.0798077528853e+00 2.0047366460452e-03
412 2.8922653138834e+04 3.1149945514562e+04 -2.3278214922208e+00 8.6777592929378e-04
413 2.6771303432822e+04 3.2323893969754e+04 -1.6672320664967e+01 2.5879205023502e-03
414 2.6174692406703e+04 3.2412573858517e+04 -3.4882788729491e+01 2.5769055338404e-03
415 2.9454982688081e+04 3.1256182481452e+04 -1.8627324360423e+01 9.1422802942724e-04
416 2.6711357543745e+04 3.1652752176862e+04 -2.1283772828758e+01 1.8482868314851e-03
417 2.4938699246039e+04 3.2355884132723e+04 -8.7084070400293e+00 2.5905878664470e-03
418 2.8724308380616e+04 3.1976587247897e+04 7.6320927806056e+01 1.8854222479186e-03
419 2.8421706891032e+04 3.1800562376741e+04 -1.6131293757770e+02 1.9291897892597e-03
420 2.7803824032405e+04 3.2337209717252e+04 1.0706807918022e+01 2.5436603708004e-03
421 2.8169518275348e+04 3.2335759927415e+04 6.9480632982153e+00 2.0309452316956e-03
422 3.0621217334587e+04 3.0910342279427e+04 -1.0192256451242e+02 4.7214433466953e-04
423 3.1130566268417e+04 3.1725628534798e+04 8.6883517205395e+00 1.4154105443279e-03
424 2.9142920449959e+04 3.2724763467835e+04 -7.3011385925332e+00 7.6251024856483e-04
425 2.8163710120905e+04 3.1695637184615e+04 1.5807297856980e+02 1.7569057876488e-03
426 2.5366046791903e+04 3.1884724519456e+04 4.5290467194441e+00 3.5357189917946e-03
427 2.4871611946660e+04 3.1176998307739e+04 -1.2918137457423e+01 7.9104099183817e-04
428 2.3436668390272e+04 3.1662828860023e+04 1.7782470496573e+02 6.1466535467042e-04
429 2.3884557497142e+04 3.1534970995035e+04 -1.7996688958069e+02 1.6731949910524e-03
430 2.4373551542240e+04 3.2086943872643e+04 -4.9974912624852e+00 2.1374293032133e-03
431 2.3628354985276e+04 3.2044075481605e+04 7.9674489409535e+01 2.4190553173128e-03
432 2.3159979472779e+04 3.1907066314918e+04 1.7171762033724e+02 1.9035015540099e-03
433 2.3543927972596e+04 3.1361535434211e+04 -2.2026048289685e+01 1.1074586718257e-03
434 2.2499146499015e+04 3.2122125660798e+04 1.6121360713712e+02 2.2004813785451e-03
435 2.4031577244913e+04 3.2001208171909e+04 -1.5354871492231e+02 2.6761360706818e-03
436 2.5155458328271e+04 3.2010578556293e+04 -7.8969309714438e+00 2.4466644246708e-03
437 2.2176190190615e+04 3.2260052679836e+04 -4.9565864220665e+00 3.1510479569220e-03
438 2.1324943343067e+04 3.2154561042861e+04 -1.4501438314319e+02 2.8364555185820e-03
439 2.4598408078051e+04 3.2796157437370e+04 3.9330730303616e+01 3.1946023112014e-03
440 2.4819073323156e+04 3.2478980678863e+04 -6.4337097660310e+00 3.0872460238238e-03
441 2.4523647939619e+04 3.2441445006142e+04 -1.9064663467992e+01 2.8410767698791e-03
442 2.3134947542936e+04 3.2715985716760e+04 -3.5060074737293e+01 2.6916702185407e-03
443 2.3138871864341e+04 3.2656047252905e+04 -4.5195802166307e+01 1.6727638055218e-03
444 2.3838993358826e+04 3.2244445346231e+04 -1.4297880127470e+02 2.3607570654292e-03
445 2.1976334181968e+04 3.0835034819812e+04 -1.7072861438305e+02 1.0437185879533e-03
446 2.3309009898384e+04 3.1682184592963e+04 -8.4456360110503e+00 1.7158330840122e-03
447 2.2777361038421e+04 3.1940918139977e+04 1.8622120616175e+01 2.5666334076694e-03
448 1.8900517025945e+04 3.1314432371046e+04 -1.7195044632520e+02 8.2300043642265e-04
449 1.9211856920462e+04 3.2835506354875e+04 7.3687840581208e+00 3.0904564609427e-03
450 1.9310539252613e+04 3.2015866505229e+04 -2.6225081132799e+01 2.0055743314802e-03
451 1.8547963632083e+04 3.2430741668468e+04 1.4893116741441e+02 1.4571053154089e-03
452 2.2129139699908e+04 3.1314021862478e+04 7.8487293452497e-01 1.1019803939864e-03
453 2.2146260016571e+04 3.1442021105747e+04 1.8744059586613e+01 1.6825529544531e-03
454 2.3378564980655e+04 3.0817689409363e+04 1.1912751290293e+01 8.2775946449573e-04
455 1.6590977976575e+04 3.1343568108054e+04 -2.5353210753433e+01 1.3894442956951e-03
456 2.9852901743017e+04 3.1663076925051e+04 1.6666777279801e+02 7.9865657319428e-04
457 2.4904426338037e+04 3.2100680743830e+04 4.5885889346603e+00 3.0931390893091e-04
458 1.9286259125235e+04 3.2006309220267e+04 5.2202544666145e+00 6.1075528764154e-03
459 1.7229465177793e+04 3.1833931278673e+04 1.7895950892275e+02 7.9309823464155e-04
460 1.3686039025020e+04 3.2355849616400e+04 1.7831009513211e+02 2.9447079504974e-04
461 2.2145304899479e+04 3.2396863690763e+04 1.8405325118942e-01 3.1872020538770e-03
462 2.0708346452991e+04 3.2512343521485e+04 1.2594641442157e+02 2.2800980401414e-03
463 2.2442023064235e+04 3.2018140631273e+04 -3.1204594632548e+00 2.5175910055090e-03
464 2.5127636796839e+04 3.1912779579169e+04 4.7712433837832e+00 4.9636218836275e-03
465 1.9125067922999e+04 3.2152057125157e+04 -1.7711332940193e+02 4.2907392553867e-04
466 2.4431622688125e+04 3.2206755881273e+04 -2.7817187131989e+00 1.6203421452306e-03
467 2.4340545520637e+04 3.2169977307099e+04 -8.0026777197690e+00 2.7832501671565e-03
468 2.2624678135366e+04 3.2419007556368e+04 9.3752087736445e+00 3.2193377375101e-03
469 2.8110952237677e+04 3.1714252096674e+04 -5.6789001922954e+00 1.7785775695099e-03
470 2.6628039783593e+04 3.1903905179915e+04 1.6928609974703e+02 2.2798553469917e-03
471 3.0303153334661e+04 3.2379129676325e+04 -5.2946676000839e+00 9.9854476087038e-04
472 2.0786461325342e+04 3.2998759122976e+04 5.8164265892417e+00 2.9270831348934e-03
473 2.8745189334489e+04 3.1056000746941e+04 1.7940308865296e+02 8.2797352679725e-04
474 2.5050452589889e+04 3.1630469560781e+04 4.2648748892017e+01 1.4827617269837e-03
475 2.5941874028983e+04 3.0991908229925e+04 1.6907986996036e+00 8.3534548453059e-04
476 2.4527234492314e+04 3.0957232429878e+04 -1.1856547370305e+01 6.8677316304294e-04
477 2.4005758277091e+04 3.2069409586244e+04 -1.1344987644690e+01 2.4302719322629e-03
478 2.4627844572204e+04 3.0351090925162e+04 -1.5624919225915e+01 4.6024572143254e-04
479 2.3574556901846e+04 3.2344241658828e+04 1.7844025490641e+00 2.8064828532482e-03
480 2.6360038449859e+04 3.1386694229604e+04 -6.0169534248380e+00 1.2437922117100e-03
481 2.5136293313281e+04 3.2496019990344e+04 5.6001723554816e+01 2.9515875460689e-04
482 2.2747609424682e+04 3.1210579719701e+04 -2.9850380747773e+01 9.2684384825907e-04
483 2.2990024960056e+04 3.3183529557413e+04 1.0514890160366e+01 1.1992257287797e-03
484 2.3610793865060e+04 3.2040245696621e+04 -1.7095253890717e+01 2.2587166247359e-03
485 2.6103250643269e+04 3.1669445286793e+04 -2.7308029008407e+01 1.9473360478205e-03
486 2.6788902794293e+04 3.1960640214740e+04 1.0476563122286e+01 2.0442881068849e-03
487 2.5032853956437e+04 3.1569103894892e+04 -9.1999401861188e+00 1.6909548056745e-03
488 2.6211414284253e+04 3.2450029853439e+04 1.1129616553542e+01 2.9827075497619e-03
489 2.6734676620163e+04 3.2508167497833e+04 9.2377299601064e+00 2.2834933137695e-03
490 2.5489483850316e+04 3.2421668189782e+04 4.7473557281315e+00 6.1529761749469e-03
491 2.4448444683746e+04 3.2408661022171e+04 1.5430837857303e+02 3.0528203752396e-03
492 2.0923335668617e+04 3.1166162616591e+04 3.8359769816588e+01 1.6252883247340e-03
493 1.7904264653135e+04 3.1853675033757e+04 1.5584344657323e+02 1.3246961389038e-03
494 2.0030043372902e+04 3.2631229249030e+04 1.5560090198407e+01 2.4879056079414e-03
495 1.6819768066071e+04 3.1978028624430e+04 1.5000641520871e+02 3.1718610203275e-03
496 1.7458614510136e+04 3.1811559829663e+04 -3.5114133829511e+00 2.9428550093367e-03
497 2.0373282261047e+04 3.1312026166901e+04 7.4056802729243e+00 1.8824850183522e-03
498 1.8736693842958e+04 3.1693084764897e+04 1.5630399684764e+01 1.5224955414779e-03
499 1.9517851361403e+04 3.0996027434680e+04 1.3016361557624e+01 1.4036289911345e-03
