0 4.1249418051683e+04 1.7265287701159e+03 -1.7776895468394e+02 1.3715684623221e-03
1 4.0616352179089e+04 1.5407996644236e+03 -1.7764437031770e+02 1.3558905597097e-03
2 4.1888058461589e+04 2.2331334457775e+03 -1.1310671136036e+01 1.9124687187469e-03
3 4.0870710545103e+04 2.6053290053091e+03 1.7742125257013e+02 2.3449083773120e-03
4 3.6530743996104e+04 3.0006173992181e+03 1.2027560901307e+02 7.8239692026637e-04
5 4.0525314840203e+04 7.1424175838333e+02 -1.7246420282498e+02 2.1151763018948e-03
6 4.0910002979951e+04 2.3904445598685e+03 -1.2541426693115e+02 1.3074947487713e-03
7 4.3086606854374e+04 4.8823610662931e+02 -6.7972755486882e+01 1.4412862555064e-03
8 4.4641275300890e+04 2.7319227935012e+03 -1.6080807476936e+02 1.5478604465402e-03
9 4.5938039757822e+04 1.9158255150852e+03 1.6229217526217e+02 3.2575065960658e-03
10 4.4724700079479e+04 2.2974994020747e+03 1.6626048650975e+02 1.6331830465988e-03
11 4.7525942402061e+04 1.5954066031386e+03 -3.4737007035454e+01 2.6319021433145e-03
12 4.5609113908726e+04 1.5120317555275e+03 1.7378640940727e+02 4.2647724533212e-03
13 4.5619309257708e+04 1.9984796454110e+03 9.9590760502234e+00 5.2417650656089e-04
14 4.4016716600941e+04 1.8293458927753e+03 -1.4002012923039e+02 3.1216002278166e-03
15 4.4651367586042e+04 9.1077504401434e+02 1.5643129917147e+02 2.3496732458444e-03
16 4.0891418169946e+04 8.2059517896126e+02 -1.7283064371283e+02 2.4004558120781e-03
17 4.0459884933129e+04 1.7640827163047e+03 1.2761165475986e+02 3.2506517752440e-03
18 4.2548545089117e+04 1.2626841724893e+03 -1.7332366838018e+02 3.0253237894350e-03
19 4.2886326853972e+04 1.5417071500428e+03 -1.7896320848082e+02 3.2237628797994e-03
20 4.2929333390534e+04 1.1410613343519e+03 9.4296981643044e+01 2.7799827682019e-03
21 4.3286409918214e+04 5.3487615243762e+02 1.7038434051053e+02 1.3012548809965e-03
22 4.0197977332353e+04 1.2398146980418e+03 -1.2422154492291e+02 1.6479710632685e-03
23 4.2394434752783e+04 1.2316600706372e+03 -1.7995529156219e+02 2.0063445685895e-03
24 4.1466280861489e+04 1.5105111864954e+03 1.5892121506517e+02 2.4016275215134e-03
25 4.0295405588823e+04 2.2598474819948e+03 1.5031816186580e+02 2.0744476720241e-03
26 4.1467914755875e+04 7.7806365670167e+02 1.7878290236708e+02 2.2430953926101e-03
27 3.2497256797612e+04 2.2789325243757e+03 -1.7605431732959e+02 3.1929061135192e-04
28 3.0569701290212e+04 1.6409962917277e+03 -1.7486442187920e+02 7.6085485948412e-04
29 3.1292730129882e+04 3.7958717779442e+02 -1.7961603915696e+02 2.9640477198302e-04
30 3.4099953852480e+04 1.3390343080903e+03 1.3804868804093e+02 2.4908178701702e-03
31 3.2749549016159e+04 1.5466733212447e+03 -1.4223324260157e+02 3.6297004371215e-04
32 3.2329563117009e+04 3.3489368463784e+02 1.5534466232148e+02 1.0739077680698e-03
33 3.0073966080909e+04 8.0168700522957e+02 -4.7413615571450e+01 3.0845669735068e-03
34 3.1216195262104e+04 1.6438426802092e+03 5.9814790041205e+01 2.5840364147742e-03
35 2.8814101392716e+04 1.6816627224813e+03 1.7115596390562e+02 3.0361272131895e-03
36 3.6524605185650e+04 -4.0025675423226e+02 -1.7728876278332e+02 4.8681076333679e-04
37 3.5544067610938e+04 7.3392371389225e+02 -1.6559278370066e+02 4.5334346815546e-04
38 3.6953192316277e+04 1.6961466357830e+03 1.5215522878242e+02 3.0800739111591e-03
39 3.7176234807972e+04 2.2436374870068e+03 1.3311276347857e+02 2.6404371656356e-03
40 3.5969724292210e+04 4.0672763622204e+02 -1.5148626199565e+02 1.7286786365495e-03
41 3.8005851276849e+04 1.3707649518652e+02 1.0840182147029e+02 1.5052052286092e-03
42 3.6743788623612e+04 1.4032148372221e+03 1.7028764062069e+02 3.0313243897334e-03
43 3.4122029807504e+04 2.4376801398684e+03 1.6627904773000e+02 2.1902692556587e-03
44 3.2320469882673e+04 1.6546277181066e+03 -1.4851872097669e+02 2.1341624135175e-03
45 3.6840980017071e+04 2.6826202984112e+02 -7.6300190948792e+00 1.6563906981111e-03
46 3.3868333171893e+04 2.2479261898798e+03 1.7031293051572e+02 1.6712812354044e-03
47 3.4527767693680e+04 8.5811453410500e+02 -3.2033350264943e+01 2.8858858889706e-03
48 3.3649200914228e+04 2.1722337679802e+03 -8.8503812758631e+01 2.6083169956513e-03
49 3.3365872377714e+04 2.7370184746630e+03 5.0055943595880e+01 1.5904385168723e-03
50 3.6912683805197e+04 1.8487021962306e+03 1.7289180651697e+02 5.9108793083684e-03
51 3.8509830556050e+04 2.3142327788437e+03 4.3702500330579e+01 2.7452540237312e-03
52 3.9985998157792e+04 1.6474646757616e+03 -1.6592248011558e+02 2.9894385054048e-03
53 4.0621880976838e+04 8.7221492394089e+02 -8.4248088511279e+01 1.8374269321846e-03
54 3.5719738148557e+04 1.8006923855369e+03 1.4214973070864e+02 1.9112204528871e-03
55 3.2568550605624e+04 2.9881727381532e+03 1.6954273732152e+02 5.6707161804588e-04
56 3.8739580005048e+04 1.1544596165793e+03 1.7835110689958e+02 3.0762807831347e-03
57 3.7407505218601e+04 1.4383745136257e+03 1.4061097998002e+02 3.2513894276143e-03
58 3.7186680468751e+04 1.4548027374209e+03 7.9966413983247e+01 3.0606851427092e-03
59 3.6284553955458e+04 1.8178595944459e+03 1.5502580751994e+02 3.1842214530335e-03
60 3.8775807459120e+04 4.4318586441769e+02 -1.6171957390776e+01 1.3806762996663e-03
61 3.2266770359105e+04 2.7016720942948e+03 -1.7929198854956e+02 9.6174970282426e-04
62 3.3444041688428e+04 1.6078847483229e+03 1.7802670659691e+02 2.2457910515689e-03
63 3.4672213100651e+04 1.6506360125627e+03 3.7731821376582e+00 2.4587379361995e-03
64 3.3038244180368e+04 3.5500382522847e+03 -1.6084648044741e+02 5.7841025065087e-04
65 3.4804480261953e+04 -3.4557009779027e+02 -1.5561764826219e+02 6.7830761804562e-04
66 4.2237820326232e+04 2.7855141275033e+02 -1.0482261682761e+01 4.6410604212092e-04
67 3.6708889252266e+04 3.0584889376831e+02 -1.2890014360500e+02 1.0126990850144e-03
68 3.7874512408990e+04 9.5620734527532e+02 -9.0000972392243e+00 2.6793261724582e-03
69 3.6209548811526e+04 1.6474383621865e+03 1.6885145579753e+02 2.3047304052402e-03
70 3.5498892252169e+04 1.4598961190517e+03 1.7120396588507e+02 2.5899269358089e-03
71 3.7034227924644e+04 1.1905366189635e+03 2.3768303736507e+01 3.0943624724675e-03
72 3.4629843594865e+04 3.0592942334607e+02 -1.5008965093256e+02 9.7905977873767e-04
73 2.8602461267853e+04 2.3188195924722e+03 1.4038004185608e+02 2.0345942817528e-03
74 2.8131444049397e+04 1.2326443047746e+03 -1.7773851705784e+02 1.4289438485587e-03
75 3.0498839302058e+04 1.4557448165213e+03 8.4736306803195e+01 2.8381300240615e-03
76 2.8184335903028e+04 1.1110548873439e+03 -6.3520975049761e+01 3.1464964679508e-03
77 3.7710538510023e+04 1.6628068833166e+02 -1.2247623453338e+02 1.4328538335929e-03
78 3.6582647156446e+04 1.7999582440253e+03 -1.5073067877305e+00 1.8035024058369e-03
79 3.7280368401379e+04 1.4120867711529e+03 -1.6927052905291e+02 1.1897138847803e-03
80 3.6449669435763e+04 1.9944196192693e+03 1.3871538535469e+02 2.6523046895066e-03
81 3.5699774522932e+04 2.4066631762188e+03 1.6052524966603e+02 2.0358702945807e-03
82 3.5534922161339e+04 2.6927080715946e+03 1.6134761559153e+02 1.4236925652784e-03
83 3.6589523308717e+04 2.8650560002191e+03 1.4028689463209e+01 1.3766987056569e-03
84 3.6042112652082e+04 2.3747000825908e+03 1.3776447112303e+02 2.4033397582754e-03
85 3.1720580257562e+04 5.3003709604623e+02 1.7082336282464e+02 1.1016201475145e-03
86 2.9065573995355e+04 2.1902579312083e+03 1.6168940369914e+02 2.2993233487563e-03
87 2.7115059982951e+04 2.3738689575548e+03 1.5344375256411e+02 1.7193163771310e-03
88 2.8538950386767e+04 1.7596731125472e+03 -2.8392232630841e+01 2.3749171921846e-03
89 3.3459106386562e+04 8.9236333518543e+02 8.1377304094556e+00 3.3288409542028e-03
90 3.3046176340042e+04 9.7562494127458e+02 1.7932357921655e+02 3.0867022726148e-03
91 3.4220851466396e+04 1.3042374208262e+03 1.5534363264558e+02 3.2494461040747e-03
92 3.1673646670778e+04 1.0579123092221e+03 1.6133736064202e+02 3.1039241963919e-03
93 3.1176216264446e+04 8.6967274724154e+02 1.5903938747043e+02 1.9370882535375e-03
94 3.5490514783721e+04 1.2532341476638e+03 -8.2995158277734e+00 2.7337530157852e-03
95 3.3636971262062e+04 1.6644609463653e+03 1.4108338490944e+02 2.6039989759362e-03
96 3.3752713407432e+04 5.2731692237900e+02 -1.4469700410461e+02 1.1375872143468e-03
97 3.3134888925331e+04 1.9467483250962e+03 1.3440261211756e+02 2.3621873580250e-03
98 3.2873727217508e+04 1.8577344676609e+03 1.7912585959883e+02 3.0051335822585e-03
99 3.2754927939595e+04 2.5032224435046e+03 8.2428955885959e+00 2.1004739131916e-03
100 3.2333407691810e+04 1.4618915076859e+03 -1.0442415897593e+01 1.9834685473533e-03
101 3.3746392420271e+04 2.5485267533288e+03 2.4201726356523e+01 4.8261384111527e-04
102 3.2780018962830e+04 1.3374832967551e+02 1.6301126951144e+02 3.5375278268561e-04
103 3.3285785985433e+04 1.6807325940296e+03 1.1761603903879e+02 2.9750793896315e-03
104 3.3285275862296e+04 1.2256977081012e+03 -1.3535813609744e+01 2.6518928443251e-03
105 3.2060379930470e+04 2.0878603928062e+03 1.4210569353348e+02 2.4481677332763e-03
106 2.8810567039068e+04 1.6282550710780e+03 -1.6911583388070e+02 1.0392798776245e-03
107 2.8421478048264e+04 1.4730789801094e+03 -1.6553318514417e+02 1.5091554173249e-03
108 2.8211431660761e+04 2.2390668118042e+03 1.5333908779368e+02 1.7940488014443e-03
109 3.5180260617645e+04 1.6841292720836e+03 9.2504158565264e+00 1.6811141317148e-03
110 3.2139656908870e+04 1.0328484453574e+03 -1.6489574739935e+02 3.0766755519167e-03
111 3.0208796717572e+04 2.0229773173739e+03 1.5764771043019e+02 2.4973250517792e-03
112 3.0421483019618e+04 1.6745662634097e+03 1.7076357583985e+02 3.0333802793204e-03
113 3.1813820076167e+04 2.8456467169007e+02 -1.4934034123442e+02 2.9614989196653e-04
114 3.9602153070844e+04 6.7879376837732e+02 1.6837100744018e+02 1.4237756280756e-03
115 3.9017169639731e+04 1.1287394816358e+03 1.5816063484244e+02 2.9470569975949e-03
116 4.2031451773677e+04 1.8629798486011e+03 1.3985012570771e+02 7.2644399074040e-04
117 4.2495269572302e+04 2.1588319560472e+03 8.1433547994612e+01 3.0029401156932e-03
118 4.1683120279449e+04 6.5332842982019e+02 1.5582443230235e+02 1.9740167381348e-03
119 3.1958711683309e+04 1.4783063833121e+03 1.4874874595754e+02 5.3863928380686e-04
120 3.4143931488438e+04 8.1666159920185e+02 9.0665434573847e+01 1.5377919099959e-03
121 3.7393013666141e+04 9.8253896451505e+02 1.7531868196674e+02 2.5582026372585e-03
122 3.7156060716763e+04 1.3934775279858e+03 1.6652286293522e+02 1.5823497176547e-03
123 3.7661169694900e+04 3.2958309385518e+03 1.2339923769450e+02 7.9291493068061e-04
124 3.7395644036337e+04 1.8387145710521e+03 -1.6913699865139e+02 3.1727932537110e-03
125 3.5878921833305e+04 1.2387633208485e+03 -1.5223515805146e+02 2.9692904934533e-03
126 3.3788862073479e+04 2.5719415580192e+03 1.5998543122106e+02 1.8528596419428e-03
127 3.6712293883956e+04 2.7388561608542e+03 3.6645868478842e+01 1.5162603884798e-03
128 3.5383875515946e+04 3.0432661356564e+03 1.6792454976826e+02 9.7351728255605e-04
129 3.6670907851208e+04 1.6487746855154e+03 -7.6123417189178e+01 3.2563336622680e-03
130 3.8156001322229e+04 2.5323650139317e+03 8.8023103974538e+01 2.3292982638368e-03
131 3.8248697328282e+04 1.2631632837911e+03 1.5097240863329e+02 2.4315179099335e-03
132 3.5751268832887e+04 1.6447049869092e+03 1.4890423524491e+02 3.2454484054038e-03
133 3.4140110866493e+04 1.5140885893299e+03 -1.7428964160728e+02 6.8419746638663e-04
134 3.5573951949842e+04 1.1347320604529e+03 -5.2331209205588e+01 2.8823043813986e-03
135 3.6225685370879e+04 -6.6342440193494e+02 1.6915666061799e+02 5.4886447164543e-04
136 3.3410591695673e+04 1.5814073073024e+03 1.7661197398519e+02 4.9674131272283e-04
137 3.6287464593691e+04 1.8546667191405e+03 -1.0709474819690e+02 3.1100433019516e-03
138 3.4995192502435e+04 2.4709893293625e+03 1.6346835104582e+02 2.2095755796092e-03
139 3.5720862720595e+04 4.1238128382648e+02 -5.3992793743346e+01 1.8919733612636e-03
140 3.5522256537401e+04 -1.0275151629588e+03 -1.7083503929651e+02 3.8596877239334e-04
141 3.3946541089151e+04 1.4200327300653e+03 -2.4111278278259e+01 3.2126615551420e-03
142 3.3832389457062e+04 1.3890093866935e+03 -1.7898261703786e+02 3.2462382118937e-03
143 3.2798792592339e+04 7.3809892937995e+02 -4.1148722764531e+01 2.7461294502313e-03
144 3.2429353825761e+04 1.5026655371208e+03 1.7007348292629e+02 3.0807215245078e-03
145 3.5983388265517e+04 1.3217366718442e+03 1.5862570985913e+02 2.4265340521174e-03
146 3.6264299714854e+04 1.7650431895261e+03 -1.4884324478500e+01 1.9024195920236e-03
147 3.2501683887351e+04 2.3517300145348e+03 9.6317116122545e+01 2.2377236321578e-03
148 3.2948782098307e+04 1.9782518886643e+03 -1.7022505414857e+02 2.8494042310709e-03
149 3.0883863911641e+04 2.7864954786899e+03 1.5412673081951e+02 6.8826183064826e-04
150 3.4659328837756e+04 1.2185060320111e+03 1.7188506032802e+02 4.1239614879240e-03
151 3.7821603566050e+04 1.2397968993837e+03 -1.1317599931786e+02 1.1800791529797e-03
152 3.4752686649137e+04 1.2326028712922e+03 -8.5324507075343e+01 9.5201214442312e-04
153 3.7108392806785e+04 1.1027456682930e+02 -1.3823970816428e+02 8.3693972130022e-04
154 3.0959093791083e+04 1.4227041639632e+03 1.8642498019872e+01 2.6693962824630e-03
155 2.9902521406186e+04 1.0990070817982e+03 1.5692454670789e+02 2.9612564708444e-03
156 2.9021961827421e+04 1.5392745534883e+03 1.7056623036800e+02 3.1152103421560e-03
157 3.1358935607777e+04 6.4921676277454e+02 -1.7369600833070e+02 1.6139152465126e-03
158 3.2696020712611e+04 1.5069134443243e+03 8.4240857419970e+00 3.2405993476199e-03
159 2.9504269274137e+04 -4.0131591432101e+02 1.0235202286278e+02 1.1622950372000e-03
160 3.1565973484444e+04 8.7545736599027e+02 1.6451456870244e+02 2.4383916511806e-03
161 2.6553735766833e+04 1.5319991190607e+03 -1.5990868372412e+02 1.1151399796593e-03
162 2.7874071110747e+04 1.8683080012867e+03 4.2901746835650e+00 2.5047395297452e-03
163 2.7485472905772e+04 1.5567463646634e+03 1.5672324290825e+02 2.5235753428826e-03
164 2.5941907173129e+04 2.1417894999332e+03 1.7168358072834e+02 2.7300414799694e-03
165 2.2704546443070e+04 4.5824391917466e+03 1.6192617408066e+02 2.9726230130058e-04
166 3.0698420755925e+04 1.7691577606535e+03 1.7690935198852e+02 2.1859350050778e-03
167 3.0454488828538e+04 1.6840083511183e+03 1.7191446275783e+02 2.9689636140752e-03
168 3.5449501154209e+04 -9.6600696337126e+02 -3.4011965896443e+01 3.8358963227390e-04
169 3.0592951938323e+04 1.2098904607261e+03 -1.6311187977384e+02 2.4655970297310e-03
170 3.0456686106610e+04 2.5492567917302e+03 1.0665335102569e+02 1.7635176422098e-03
171 2.9950394975950e+04 2.4682963808635e+03 9.6524426207642e+01 1.2431424625699e-03
172 2.8160046280705e+04 2.3445688594805e+03 1.5413985981940e+02 8.7691391955140e-04
173 2.7182062909982e+04 2.5637385824463e+03 1.4779105798177e+02 1.5107271618587e-03
174 3.0517162120862e+04 1.7429803876988e+03 3.1227418373765e+00 3.0020445460204e-03
175 2.8667233932619e+04 2.7557304684364e+02 -1.6100686102465e+02 4.9073023031325e-04
176 2.9245091185044e+04 7.6902650249180e+02 1.5217919303331e+02 1.6167482839601e-03
177 2.9262427919729e+04 8.4268242613547e+02 1.3517654623538e+02 3.0136955701654e-03
178 2.8292018465301e+04 1.2293483421012e+03 1.6624667348221e+02 2.9409753124498e-03
179 2.8023570060758e+04 1.9401194573911e+03 1.5359173302668e+02 2.4679283285192e-03
180 3.8754178420489e+04 4.9828897164619e+01 1.6716920477543e+02 1.1821935677247e-03
181 3.9687334146614e+04 -2.5227187543087e+01 -1.6107850895850e+02 1.1582987782351e-03
182 4.3946257943460e+04 2.0309918658617e+03 7.2242931296746e+01 3.1228160898044e-03
183 4.4619874126753e+04 2.1559917493637e+03 1.0419609436224e+02 2.9093957428346e-03
184 4.2607290534418e+04 1.8759536769828e+03 1.7167321039166e+02 1.8241150428276e-03
185 4.2113236871792e+04 2.1706972106730e+03 -1.7133383138297e+02 2.9488335144209e-03
186 3.9213328896505e+04 3.1743974490232e+03 1.6419407304433e+02 7.2575481490524e-04
187 4.1224200569389e+04 2.5157178672906e+03 1.7888839692237e+02 1.4253257572715e-03
188 4.3495479742993e+04 2.3370805250232e+03 -1.4546117798051e-01 2.9917648876051e-03
189 4.1214051344658e+04 2.6190741401793e+03 1.6935322557765e+02 1.5563024406629e-03
190 4.2602140512894e+04 2.4412478675442e+03 1.6329679301791e+02 1.5079817923425e-03
191 4.3276675101356e+04 3.2093787031302e+03 1.2220839369431e+02 1.5342449084930e-03
192 3.5939780083041e+04 1.3379547787479e+03 3.9027601825454e+01 3.2406515351344e-03
193 3.7040298498998e+04 1.1965282877206e+03 4.2829659147430e+01 1.6816824829431e-03
194 3.5928659878844e+04 4.6615004864577e+02 -1.1992758043813e+02 1.6511229428255e-03
195 3.7395521860840e+04 4.6650190518380e+02 -5.1286140307786e+01 1.7729135467127e-03
196 3.6562284779133e+04 1.1595898823920e+03 8.3307370800524e+01 3.2097442123398e-04
197 3.4900730246904e+04 1.9184719549928e+03 -2.5522172614767e+01 2.8570277132000e-03
198 3.3005030136642e+04 1.7501680669505e+03 -1.7458182601089e+02 1.1882799698866e-03
199 3.7757419734295e+04 1.5439444011394e+03 -1.7879488215578e+02 1.5395863389003e-03
200 3.9901698399848e+04 1.8628661341520e+03 1.2308456211201e+02 3.2402651079936e-03
201 3.8326451997739e+04 1.6410182707284e+03 1.5411017981951e+02 2.3350406436970e-03
202 3.7973715342963e+04 2.0357163157138e+03 6.4569470516458e+00 2.8906510446702e-03
203 3.9046601738389e+04 1.8006273604200e+03 -1.0363502927210e+01 3.1468928642316e-03
204 3.8634379045799e+04 1.5414387289079e+03 1.3253698540774e+02 3.2005273633490e-03
205 3.9803185765251e+04 5.4961359841710e+02 -1.4042888071698e+02 1.8484401286942e-03
206 4.0666079083691e+04 3.8552002023083e+01 -4.1976380761198e+01 8.9267510195117e-04
207 3.7895579244888e+04 2.1678250746819e+03 1.4559432621884e+02 2.9109866123153e-03
208 3.7271159992077e+04 2.4139837705277e+03 1.4718841992503e+02 1.9644661860812e-03
209 3.6583557682061e+04 2.1517543486793e+03 1.6312612111268e+02 2.1473036384262e-03
210 4.1507862620734e+04 1.5115537651658e+03 -2.7069569508884e+01 8.5713184895490e-04
211 4.0479872771050e+04 1.2681567067100e+03 2.0785928620846e+01 2.6756472910115e-03
212 3.9738678055113e+04 1.5257927338105e+03 1.6535064555531e+02 3.2397318759728e-03
213 4.2770814080436e+04 1.9137517626025e+03 3.3160023155554e+01 2.4749698446186e-03
214 3.9714687030629e+04 1.7486749631837e+03 1.6690597683402e+02 3.2494807305936e-03
215 4.1505546542378e+04 4.9881576641971e+02 -1.3008830347625e+02 1.4968127289006e-03
216 4.1816711188699e+04 1.1938469227112e+03 1.5079960453041e+01 2.2086488441765e-03
217 3.9803310316725e+04 1.4758500522122e+03 1.4496668958507e+02 3.2469555968159e-03
218 4.2312434482428e+04 9.1648891625881e+02 1.7957264560840e+02 2.5511956690183e-03
219 4.2115169613328e+04 2.5351991835958e+03 1.6654606532031e+02 5.2298889797292e-04
220 4.1235895063262e+04 1.9839002216570e+03 -1.7138063987021e+02 3.4692183286734e-04
221 3.9376249046961e+04 1.9087253926079e+03 1.4643064643659e+02 1.9307886238364e-03
222 3.9472398927317e+04 9.2723174830661e+02 1.6876898161245e+02 1.9990453354178e-03
223 4.1010093630501e+04 1.1102166323090e+03 1.1808449928635e+02 2.5531821008726e-03
224 3.8800974879027e+04 1.3069325254742e+03 1.6152872763230e+02 1.4204332834919e-03
225 4.0289919066222e+04 2.8488188633588e+03 -9.7984297510851e+00 1.5218255107220e-03
226 3.9902768780374e+04 2.6459901669407e+03 -4.0890261207368e+00 1.4708886085675e-03
227 4.0075509902812e+04 2.1543738400225e+03 1.6601455097423e+02 6.2140561146319e-04
228 4.0529412483759e+04 2.0085976124706e+03 6.2470348718624e+01 2.6950805853881e-03
229 4.0602974329488e+04 1.7597872866858e+03 8.5470608344451e+01 2.1307456822881e-03
230 4.0553776258528e+04 2.5334733851646e+03 1.0170856364443e+02 2.1626350854987e-03
231 4.0831595772619e+04 1.2552965684136e+03 -1.5870908555391e+02 2.5706557092524e-03
232 4.1415163393971e+04 1.6929854103439e+03 8.8903331061392e+00 2.5287415909034e-03
233 4.1249703009206e+04 1.5684781053462e+03 -1.6748787275369e+02 2.8884338876891e-03
234 4.1011680552066e+04 1.2970519916051e+03 -4.3068087491764e+01 2.9127226228998e-03
235 4.1124410800131e+04 1.8541884877321e+03 3.4117447829873e+01 3.0590173393127e-03
236 3.8961814054437e+04 2.8335737423286e+03 1.5185650415076e+02 1.8731164700713e-03
237 3.8475754442500e+04 2.7757882968944e+03 1.6022186634808e+02 1.9311745349209e-03
238 3.9768497133045e+04 2.4784417600554e+03 -4.0656569093398e+01 8.3306055004999e-04
239 4.2776948385652e+04 5.0791467506066e+02 -1.8959708401739e+01 1.7252099923165e-03
240 3.9673735286233e+04 1.5486785096955e+03 -1.4351091090991e+02 5.5759836673538e-04
241 3.6809809865027e+04 2.8605943409699e+03 -1.7023545576792e+02 7.0427124434417e-04
242 3.6338694117253e+04 1.4583495017162e+03 1.7003163419543e+02 3.9409906100985e-04
243 4.0399422081374e+04 1.9401252598828e+03 -1.3328152413070e+02 2.7997282057348e-03
244 3.8611053779837e+04 1.9563322251686e+03 -1.3183031784503e+02 1.4911103119626e-03
245 4.1072618169371e+04 1.3755641980336e+03 -1.3243160583787e+01 3.0225627820258e-03
246 4.0693556939786e+04 1.2011332325693e+03 -7.1998907545913e+00 1.8879269364909e-03
247 3.9446312526698e+04 1.1343971926095e+03 -1.8249956027296e+01 2.7015864173418e-03
248 3.7190081592958e+04 1.6697546895831e+03 1.7704919768269e+02 7.6179056732966e-04
249 3.6438396820337e+04 1.4263590534892e+03 1.0495434038403e+02 3.0795246444066e-03
250 3.6865873017327e+04 2.6468718218234e+03 1.4197113896018e+02 1.2589959010883e-03
251 3.6577102517082e+04 1.9911768467786e+03 -1.7966669493816e+02 2.0574784106518e-03
252 3.8421331353167e+04 1.8089620937873e+03 1.7198017839241e+02 4.2033747836483e-03
253 3.7303878587405e+04 1.8995266485205e+03 1.7404203154926e+02 2.7548773045895e-03
254 3.8987684976023e+04 1.8714222058371e+03 1.0357605727067e+02 2.0205507071394e-03
255 3.7763096464396e+04 2.2068691256034e+03 1.4717453262244e+02 2.8483831908488e-03
256 3.5797931857374e+04 2.2183129388582e+03 -1.7323039074007e+02 3.9259422263178e-04
257 3.6310017000487e+04 8.7748169402193e+02 1.4200924065349e+02 1.1582513741714e-03
258 3.7440203039537e+04 2.8159614524490e+03 -1.7909251161177e+02 1.1371304348996e-03
259 3.9276927149539e+04 -3.4104617417226e+02 -1.0801571371857e+02 7.7580147365303e-04
260 3.8695536747738e+04 -1.3099444864791e+03 -4.7225215791318e+01 3.4798070317121e-04
261 3.3054198539944e+04 3.4172947373411e+03 1.6667983255954e+02 6.8104807468883e-04
262 3.3105688911207e+04 1.6472259682968e+03 1.6403590331628e+02 3.1571659627990e-03
263 3.2910694924555e+04 1.8255089463970e+03 -1.6990440679809e+02 5.0781167997533e-04
264 3.5136143948785e+04 2.6040445813897e+03 7.3167048093235e+00 1.3981651065598e-03
265 3.7189030029783e+04 9.0774512841893e+02 -1.5444949079159e+02 1.8477452194241e-03
266 3.7628424240963e+04 5.1532214042272e+02 1.3149425548134e+02 9.1002091569490e-04
267 3.2693098944707e+04 6.5907639563660e+02 -1.7728244467899e+02 2.6848052533400e-03
268 3.4906333944008e+04 7.4983395248259e+02 1.5703441555572e+02 1.7533264302604e-03
269 3.5066177921670e+04 7.0819493093369e+02 1.6442353489938e+02 2.5442632555827e-03
270 3.4283619083695e+04 1.9491536802928e+03 5.9413394974260e+00 1.2756322306082e-03
271 3.5719777119445e+04 1.1989303387249e+03 -4.9060115919224e+01 2.8318036095159e-03
272 3.6285056254352e+04 -3.7576400604428e+02 -3.2165959117600e+01 7.0131388288735e-04
273 3.2984226521213e+04 2.6440567578174e+03 1.1655988984297e+02 1.6438067379513e-03
274 3.0140299256419e+04 2.7984783849067e+03 1.4782609725950e+02 1.2106203142640e-03
275 3.1776601766953e+04 1.8245123559942e+03 3.8411719935539e+01 2.8903572920681e-03
276 3.1487389858790e+04 1.5967444965196e+03 -1.7832373724236e+02 2.2683942777829e-03
277 2.8338893463953e+04 1.7494760108968e+03 -1.6158616670295e+02 6.5269335716357e-04
278 3.0923234953992e+04 1.4074108010431e+03 -1.2877183604197e+02 3.1634448222587e-03
279 2.7546433210253e+04 2.2057202971661e+03 -1.7349219462497e+02 5.2743808571775e-04
280 2.8811299434358e+04 1.6695741366433e+03 1.3268827730722e+02 1.7659516915515e-03
281 2.8093195119046e+04 1.8443476549010e+03 1.5994949603949e+02 2.0878652593148e-03
282 3.2570943988660e+04 1.1343873523827e+03 5.5740167684253e+00 1.3164696127160e-03
283 3.0471323536304e+04 1.4416107952529e+03 -1.6477086362661e+02 7.4849508086337e-04
284 3.5579476663282e+04 2.1269696155169e+03 3.6339733693110e+01 4.1233686042107e-04
285 4.3477439740863e+04 -2.2329869638118e+02 -1.1738796658541e+02 6.2328190447485e-04
286 3.9839309438712e+04 5.3918396945892e+02 -7.8747823209631e+01 1.7163824736049e-03
287 3.9846243341831e+04 6.8896661570180e+02 -1.1812467503249e+01 2.1003964299871e-03
288 3.6750291050253e+04 1.5354452424047e+03 -1.1260482706402e+02 4.3553343724649e-04
289 3.8638588925127e+04 3.2669035606897e+03 -1.7780133904358e+02 7.2814186594831e-04
290 3.5908201625999e+04 7.9260328059748e+02 -1.7515746918857e+02 5.1853878726828e-04
291 3.2065072343222e+04 2.3978681337998e+03 4.3281811525741e+01 8.6584150907075e-04
292 3.5017835811638e+04 2.3605168245928e+03 1.6729478164867e+02 2.2528148583194e-03
293 3.6046212116119e+04 1.3269156802303e+03 -1.5479961722973e+02 3.1058920126623e-03
294 3.5754010889878e+04 1.5951163420293e+03 1.7589970940951e+02 3.1546074397424e-03
295 3.2891600878238e+04 2.0578565627440e+03 1.5633318214749e+02 1.0195329708836e-03
296 3.4635330532171e+04 4.3708598214438e+03 1.2416059409900e+02 2.9794317075963e-04
297 3.8852741744571e+04 -1.2198326875065e+03 -6.6764810322951e+01 3.4054179632210e-04
298 3.3149520491995e+04 1.0668412422673e+03 -1.7505187679924e+02 9.7379298132714e-04
299 3.9703613973453e+04 7.3560850383920e+00 1.7146688744171e+02 4.2174817747060e-04
300 4.1915034229278e+04 7.8828730071853e+02 -5.2192666878913e+01 2.0702701933806e-03
301 4.1049639926276e+04 1.2435205378903e+03 1.5933253720858e+02 2.9617716744805e-03
302 4.3197073767235e+04 1.1448541569290e+03 -3.7640095123865e+01 2.6681050175981e-03
303 3.7701132726124e+04 2.6467475819164e+02 -3.3541166318805e-01 6.6987127333909e-04
304 3.9198608273560e+04 1.7099787344379e+03 -2.1326147971434e+01 1.7738032469042e-03
305 3.7212429434790e+04 2.4013279202726e+03 2.7560618886186e+01 2.4707611353449e-03
306 3.6738085225934e+04 1.9053080940733e+03 1.5108068956423e+02 2.9907512535412e-03
307 3.5101531611256e+04 2.8747452617499e+03 -1.0601420770703e+02 9.3808121557321e-04
308 3.9531559134165e+04 1.4243174471507e+03 -7.6862007351430e+00 2.7969417954169e-03
309 3.7597395724968e+04 1.2915258740422e+03 -5.2949172508494e+01 2.2130157355446e-03
310 3.5365685143393e+04 1.8383238078804e+03 -7.6455065105508e+01 3.0570144338568e-03
311 3.6671963287404e+04 1.9782776345016e+03 -1.5262228126560e+02 2.3469981081024e-03
312 3.5465759070166e+04 1.9447871200482e+03 -1.3727732677607e+02 2.6113149679124e-03
313 3.8147706752472e+04 1.1249911603382e+03 1.3409610326168e+02 3.0490178034532e-03
314 3.4107234481182e+04 2.1206358198400e+03 1.6832570667147e+02 2.4862756900936e-03
315 3.7092585727591e+04 1.5859955448836e+03 4.5474764484967e+00 3.2550982826588e-03
316 3.5742973855274e+04 2.1686008985354e+03 1.2559737518032e+02 2.7678456182899e-03
317 3.2877707801703e+04 2.3247151416911e+03 -1.7493477768458e+02 4.4191985291421e-04
318 4.2676042586928e+04 1.2479937974361e+03 -1.6536075049895e+01 6.7087221657956e-04
319 4.1162744116820e+04 1.9483979300287e+03 1.4508961022276e+02 1.1126051921953e-03
320 3.8417824337186e+04 1.9705093919215e+03 -1.5621193250213e+02 1.7108120148824e-03
321 3.9885067766054e+04 1.7438751172194e+03 -6.5679357371382e+01 3.2461043775273e-03
322 4.0162278794182e+04 1.1193590267731e+03 -1.5581631536378e+02 2.1357354825132e-03
323 4.1049223588903e+04 8.7697707743620e+02 -1.9783659791787e+01 1.7145250845222e-03
324 3.7459977891001e+04 1.4124287063813e+03 -1.6491035623536e+02 2.5980138759865e-03
325 3.6975704729012e+04 1.9709370251077e+03 1.5508141634798e+02 1.7222216531811e-03
326 3.9380021376882e+04 2.0177725242085e+03 -7.1189031295180e+01 9.0787595387349e-04
327 3.7823167695972e+04 2.4447994765791e+03 1.2760858038755e+01 1.6919840994130e-03
328 3.5169856764420e+04 2.5455662485507e+03 -6.8372654367187e+01 1.7067475526585e-03
329 3.3257838842757e+04 3.6456935745853e+03 1.5716118431446e+02 5.2699881361643e-04
330 3.4649041634024e+04 2.7209720006384e+03 1.6094589351417e+02 1.7527668309814e-03
331 4.1898196911476e+04 1.1276121519599e+03 -1.7603424585014e+02 2.1807906046623e-03
332 3.5870919630644e+04 2.5445984724793e+03 1.5694146166643e+02 6.2900529501170e-04
333 4.1060079660991e+04 1.8558800571292e+03 1.5666476531834e+02 2.1714938086632e-03
334 4.4449031362814e+04 1.5671471211434e+03 1.6917895751438e+02 3.0910870281242e-03
335 4.5224534134292e+04 1.4790408967709e+03 1.6541438962652e+02 3.1142183872531e-03
336 4.0599408297307e+04 2.8008667332011e+03 1.1605253463257e+02 5.5145440228933e-04
337 4.2014289731421e+04 2.5711478908631e+03 2.1230087936397e+01 2.5056665050767e-03
338 3.8625058220170e+04 3.0673359138682e+03 -5.3355678054675e+01 1.4509057168990e-03
339 4.2633050131176e+04 1.6727764286986e+03 1.1435254853882e+02 2.9156207936181e-03
340 4.2683473265733e+04 1.1046130678476e+03 -3.0646570748129e+01 2.8090240264615e-03
341 4.1294285906238e+04 2.0145817758548e+03 1.6167466753423e+02 2.3363207706213e-03
342 4.0085166771066e+04 2.0323390753912e+03 1.4022927574797e+02 3.1520741377278e-03
343 4.0317554839275e+04 2.0039988924295e+03 7.1859110626038e+01 3.1290942609951e-03
344 3.9237621576096e+04 2.4593268098200e+03 1.0255318147465e+02 2.4875735007151e-03
345 3.6589042036497e+04 1.4587263803568e+03 1.7403285976541e+02 3.1259540621950e-03
346 3.8033950331307e+04 1.7744221817565e+03 1.5995882993641e+02 2.9989433398042e-03
347 3.9273395794871e+04 1.2415873293997e+03 1.0098927910122e+02 2.5900843239452e-03
348 4.0756783942640e+04 -6.1603271105396e+02 -1.3921605071350e+02 5.1348254152197e-04
349 4.2740768440609e+04 6.2272402084004e+02 -3.1349981643651e+01 1.8629399228546e-03
350 3.7565497491671e+04 2.6372979985339e+03 1.5656909434347e+02 1.5027684558322e-03
351 3.8875017794583e+04 2.6516869721240e+03 -1.6127539028594e+02 2.0779081001468e-03
352 4.3153691376693e+04 1.6582752323926e+03 1.7178965581862e+02 3.9054043273844e-03
353 4.3401118809303e+04 2.3114391010709e+03 1.2618168715730e+02 2.8605060057287e-03
354 4.2628979010030e+04 1.2178664263076e+03 -3.1076833880530e+01 1.2946057760567e-03
355 3.9207424595907e+04 8.9779241666822e+02 1.6954939646863e+02 3.9751210957867e-04
356 4.2268766586244e+04 2.0575748261725e+03 1.7163258955192e+02 3.6496643314752e-03
357 4.1095244464814e+04 2.0261252104093e+03 -1.7208963469981e+02 1.8993200261120e-03
358 4.2148949503058e+04 2.2990457938853e+03 1.7307490890364e+02 5.2987276428205e-03
359 4.2072450684075e+04 2.7560570552975e+03 1.7612477011264e+02 1.1472870006729e-03
360 3.5575443109610e+04 6.2834204254666e+02 1.6630085702233e+02 1.0187119919049e-03
361 3.7079724895023e+04 1.0284831182962e+03 1.5571148406986e+02 1.1452531429110e-03
362 3.7160417436450e+04 2.2771187965529e+03 1.3831048387999e+02 8.6716512265583e-04
363 3.6625155538147e+04 1.1835748871815e+03 1.0664950995573e+02 1.7517074118697e-03
364 3.4763537128392e+04 -3.9596263035123e+02 -1.7838613358242e+02 3.0755526963930e-04
365 3.6299766246915e+04 2.2201698253767e+03 1.5232951245213e+02 2.4710655570543e-03
366 3.6307426375370e+04 1.6488728073932e+03 -1.7096695354154e+02 2.1455732420893e-03
367 3.6860305691455e+04 1.9996119686887e+03 -1.6472505278507e+02 2.4609871521771e-03
368 3.4953279265640e+04 2.1223562466623e+03 1.7236597573600e+02 4.9763324134591e-03
369 3.8335760238330e+04 2.0635420893123e+03 -8.9970072917491e+00 2.1346097185143e-03
370 3.3812937030297e+04 1.4619492910903e+03 1.5588486767707e+02 3.2186706542376e-03
371 3.5109907172374e+04 5.1805381993827e+02 1.6429534677673e+02 2.3774044751332e-03
372 3.3574311194528e+04 1.8357369112905e+03 -1.7815056836174e+02 1.9463882842497e-03
373 3.4247433828988e+04 1.8957059735185e+03 -1.7940374392992e+02 1.4510286955732e-03
374 3.7444829342290e+04 4.6220169899730e+02 1.5805753427497e+02 2.0572980700505e-03
375 3.5595027694591e+04 8.7896462277302e+02 7.4741109683587e+00 4.1295217701034e-03
376 3.5365441137882e+04 1.3598995805010e+03 -3.7846072648224e+01 1.7893516309493e-03
377 4.1343357841163e+04 2.1750945780057e+03 1.5436041336823e+02 2.9742396817009e-03
378 4.1313671155528e+04 1.5416657103461e+03 -7.2985822029893e+01 3.2385311296754e-03
379 4.2510747931071e+04 2.3347198544095e+03 -3.3421007590447e+00 1.2464557838335e-03
380 3.6422981960884e+04 3.5737454383771e+03 1.6679823917359e+02 6.8204152981367e-04
381 3.7440227671380e+04 2.5456232497473e+03 1.3341619737922e+02 2.2691688138745e-03
382 4.0033555678472e+04 2.1993958916212e+03 6.0800826771359e+00 2.4967290665353e-03
383 3.7374458901565e+04 2.4304600912961e+03 1.6322920414475e+02 1.8947931253585e-03
384 3.4877829622460e+04 1.9248026713251e+03 1.7379824463306e+02 2.2119775967929e-03
385 3.6039344354250e+04 2.9305362110822e+03 1.7820844102553e+02 1.4657723165046e-03
386 3.7041913946722e+04 1.5404480679146e+03 -1.2637983162606e+01 1.0511649818956e-03
387 3.6087664084507e+04 2.1194070105096e+03 -2.0602695387079e+01 2.7383743934121e-03
388 3.3195007061933e+04 2.8401350873750e+03 1.7901005572892e+02 1.2920991369378e-03
389 3.8341645453725e+04 2.8545599569615e+02 1.7135278719571e+02 1.7145427532145e-03
390 3.5315476067266e+04 1.6043129857660e+03 -3.8559728789965e+00 1.6322347793881e-03
391 3.6101736107334e+04 1.9265418597193e+03 1.2709719864611e+02 2.3116502452236e-03
392 3.7529820822839e+04 1.3146352118386e+03 -4.2281238362094e+01 1.8021116320152e-03
393 4.0009318453336e+04 6.7245006674310e+02 1.5661750001892e+02 2.1863640973101e-03
394 3.7520373948343e+04 2.8969984320955e+03 1.6383992468612e+02 1.1863687704503e-03
395 3.7780759379167e+04 2.3708676699286e+03 6.2861422412161e+01 1.9542086786749e-03
396 3.6966420499990e+04 1.2897443744415e+03 -8.2141444854637e+01 3.2269458434117e-03
397 3.4940934680598e+04 1.8656294314503e+03 1.6775559018596e+02 3.0444013402178e-03
398 3.5529348547711e+04 1.8715713388783e+03 -5.1640448377639e+01 3.0348107221223e-03
399 3.4861368374921e+04 2.0812110845008e+03 1.7231757163887e+02 2.4374510947392e-03
400 2.8867105453503e+04 1.8306539371510e+03 -1.7335274184968e+02 7.3744656564278e-04
401 2.8705209202118e+04 2.1110980682808e+03 1.7310477029463e+02 9.2581590463114e-04
402 3.7318785001811e+04 1.9729101171264e+03 1.4761869735228e+02 3.0634622615000e-03
403 3.6862824586888e+04 1.8900814633628e+03 1.7038328500890e+02 2.9193151821781e-03
404 3.6700921078898e+04 1.9230852219470e+03 -1.7917142945484e+02 2.6725318438259e-03
405 3.7335512828945e+04 1.0678688171490e+03 -1.7801818189215e+02 1.5345150368937e-03
406 3.8689054894483e+04 2.1188244994416e+03 -1.1894199655178e+01 2.0782830939181e-03
407 3.8238457500091e+04 2.2079134196816e+03 4.0904896478682e+01 2.7519141101369e-03
408 3.8388060631745e+04 2.2629953585993e+03 1.6146881680043e+02 2.8134530513477e-03
409 3.6762613428948e+04 2.8528124571678e+03 1.5095395248228e+02 1.3329961803955e-03
410 4.1564790240066e+04 6.8355565812079e+02 -5.2029556510284e+00 8.8795034971250e-04
411 3.7330754964205e+04 1.5840527840896e+03 1.7157637822978e+02 1.9707455813566e-03
412 3.6406009479690e+04 1.5447674112485e+03 1.6100663088294e+02 3.1028916375350e-03
413 3.9706898389203e+04 5.6767347363229e+02 -2.9069091315358e+01 1.7345055757336e-03
414 3.9776786203423e+04 8.7346760889963e+02 -2.9348026948889e+01 2.1307570022927e-03
415 3.8735650384410e+04 -8.9059510243984e+01 -1.7208047299972e+02 9.4116350872294e-04
416 3.4030131912525e+04 2.4896539896079e+03 1.6783618757842e+02 2.1206551545490e-03
417 3.5671748274475e+04 2.4590728590350e+03 1.5108431535480e+02 2.1151969882796e-03
418 3.5868587851836e+04 2.4223377066863e+03 -1.7853014911609e+02 1.9772244318287e-03
419 3.6247489689086e+04 2.9474948142513e+03 1.1194796442854e+02 1.3355820334330e-03
420 3.7248419027546e+04 4.5336950221815e+02 1.7234575767210e+02 4.2113106966247e-03
421 3.7379347884744e+04 1.2753909376552e+03 1.2718760111799e+02 2.9580205544112e-03
422 3.4275388959606e+04 3.2225931630505e+03 4.1086294804647e+01 9.9311188524685e-04
423 3.1943489212548e+04 1.5427299079297e+03 1.7604597767963e+02 1.0101466502620e-03
424 3.4709530000407e+04 4.6606337418177e+02 -1.6637629525078e+02 2.2629006888517e-03
425 3.4779158080485e+04 1.0571161550900e+03 7.0508380481197e+01 1.5960568722288e-03
426 3.7958723965726e+04 1.3882872961305e+03 1.0223626722633e+01 1.4162918919264e-03
427 3.0097177735884e+04 1.6213357003421e+03 -1.2594906347312e+02 2.7902410169206e-03
428 2.9722453609139e+04 2.0609025624243e+03 1.4326433787559e+02 1.4574240890145e-03
429 3.0011276151296e+04 1.5995281703809e+03 -1.6325685961894e+02 3.0273695839087e-03
430 3.5197434152686e+04 3.1052765538488e+02 -4.8511203646153e+01 1.9974765574246e-03
431 3.2618235028442e+04 1.4035067493095e+02 -8.6816916011581e+01 4.0886546009027e-04
432 3.3405197829889e+04 1.6244589490472e+03 7.6540490657422e+00 3.1425003290608e-03
433 3.2392005031148e+04 1.6622462869056e+03 1.7226201076136e+02 1.3361608369893e-03
434 3.4826622393832e+04 1.1315610310047e+03 2.2545448113716e-01 2.8549213076519e-03
435 3.3464616953073e+04 1.5339081151297e+03 1.5229518110144e+02 2.9131384359276e-03
436 3.1849596941535e+04 1.9521249682365e+03 1.4923168618822e+02 2.7028582824940e-03
437 3.6973984547156e+04 4.9263031479532e+02 1.7993303144844e+02 1.9482256653852e-03
438 3.6118546500378e+04 1.2754566314582e+03 -1.6840245915837e+02 1.8005615352772e-03
439 3.8411594755731e+04 2.0080458341377e+03 1.6713571974470e+02 2.3118853341980e-03
440 3.8166577432592e+04 2.6253730587903e+03 -1.6254281919452e+01 1.3416448295158e-03
441 3.7470508257000e+04 1.2268661282147e+03 -1.6324318456622e+02 5.1662765261736e-04
442 3.7427463429661e+04 7.3143125182592e+02 -1.7826206237768e+02 2.5723142651791e-03
443 3.9842920496795e+04 3.2580485416313e+03 1.3984920597651e+02 1.2484611711897e-03
444 3.8058045748317e+04 2.9272439223053e+03 1.5076895434760e+02 1.2156578496582e-03
445 3.6682618923062e+04 3.8668316424818e+03 1.3735552263684e+00 5.2061483205692e-04
446 3.8047056251845e+04 2.9666964448496e+03 6.3948272378083e+01 1.5849746327205e-03
447 3.8845684790047e+04 2.2671073840887e+03 -1.7727410581371e+02 7.3709785037398e-04
448 4.0406855896694e+04 1.0917311539902e+03 -3.9015118534685e+00 2.1433221337099e-03
449 4.1502771197679e+04 9.7991611029245e+02 -9.7384286750995e+01 2.4977272972268e-03
450 3.8931182522247e+04 1.4553958841917e+03 1.6449039286568e+02 2.3948692646528e-03
451 3.9259264651653e+04 2.6900272449860e+03 1.7342791421702e+02 1.8180536226604e-03
452 3.9054145787914e+04 2.8234612692337e+03 1.6379779005342e+02 1.5450534044043e-03
453 3.5222680996925e+04 2.1214361278955e+03 -1.7296446098588e+02 8.0598550461851e-04
454 3.5117897867517e+04 9.6913181422212e+02 -1.2082916195625e+02 1.8289313022552e-03
455 3.6110576717956e+04 1.6781012851545e+03 -7.0415778039688e+00 3.2479778349037e-03
456 3.4686261855369e+04 1.1751510182965e+03 1.6045653209261e+00 3.2141995756089e-03
457 3.2415035768923e+04 6.1300446689880e+02 -1.3643708599903e+02 2.7226263220208e-03
458 3.1165724510690e+04 1.1849435157436e+03 9.9276470528411e+01 3.0250040172152e-03
459 3.5792044308467e+04 -4.4967837191405e+02 1.7865941373675e+02 5.3489714162419e-04
460 3.7607391267998e+04 1.1324154529524e+03 -1.7028511356657e+02 7.1801888713616e-04
461 3.5303465536395e+04 2.1144989523050e+03 5.6510741748295e+01 1.2789713085148e-03
462 3.8023738091624e+04 1.4061589521395e+03 1.2995837499098e+02 3.1769140289004e-03
463 3.6604236544946e+04 2.4105798266860e+03 -1.6107473207553e+02 2.3659484274828e-03
464 3.6231107735619e+04 2.7081039849494e+03 -7.2977133286008e+00 1.0335374095111e-03
465 3.6092810427361e+04 2.3025047247918e+03 1.6216863336218e+02 1.3270943661801e-03
466 3.5209703205987e+04 2.3737207448949e+03 1.0456055250831e+02 2.1349887590856e-03
467 3.6944584982952e+04 1.4462400547161e+03 -6.3241516524628e+01 3.2575065960658e-03
468 3.5387240058137e+04 1.2396479238207e+03 -1.5875945637284e+02 2.6930335930432e-03
469 3.3584163149570e+04 1.6923137138048e+03 1.7488306768058e+02 7.9786330260916e-04
470 3.6283258077553e+04 2.4916617848019e+03 -3.4664832998313e+01 1.5369585704520e-03
471 3.6263899962749e+04 1.5673426620635e+03 -1.7970055986999e+02 1.0990125194464e-03
472 4.0246804149559e+04 1.1541045874516e+03 -1.3793026403052e+01 3.0130268261015e-03
473 3.6890523146971e+04 2.3286264629872e+03 1.5487654031767e+02 2.6138798295035e-03
474 3.5405986875240e+04 1.6758860798907e+03 1.6553082343083e+02 1.2621234260071e-03
475 3.5580406696460e+04 1.3266180387267e+03 1.7443656762367e+02 1.4674991179832e-03
476 3.7158441954053e+04 1.6346018936583e+03 -3.3499584423583e+00 3.1288560038723e-03
477 2.9313088788066e+04 3.2855976187305e+03 1.7284622015394e+02 6.8375920298662e-04
478 3.3977574569689e+04 1.5313540717478e+03 -1.5753732584817e+02 2.9504854990503e-03
479 2.9811086472877e+04 2.5477799573618e+03 -6.6534037639569e+01 1.2177283604603e-03
480 3.2257363320445e+04 1.0441014852047e+03 -1.6093727868189e+02 3.1574338161288e-03
481 3.0776693221062e+04 1.2057063171093e+03 1.7812505169618e+02 1.2934102133714e-03
482 3.1413531026795e+04 6.6813529628646e+01 1.7328863022976e+02 4.3886974794958e-03
483 3.3549889734159e+04 2.5008544760741e+02 -1.4786341861729e+02 1.4263595254854e-03
484 3.1993129853515e+04 7.4764842210153e+02 1.6382034608249e+02 2.6785854303173e-03
485 3.1151958062844e+04 2.8678314256344e+03 6.1913562232886e+01 1.0401663404584e-03
486 3.2003058067269e+04 7.4128960145367e+02 -1.6551052758544e+02 2.7175241354670e-03
487 3.2465963289759e+04 1.3308130455347e+03 1.5002268396628e+02 3.2571554497200e-03
488 3.1294019413910e+04 2.4018585487739e+03 1.5943135072457e+02 2.0698506654647e-03
489 3.1778281746519e+04 1.7721932569267e+03 -1.7766388774729e+02 1.9976806954227e-03
490 3.0416114918436e+04 2.5282544786599e+03 1.8240667867362e+01 1.6645444751709e-03
491 4.1657058912313e+04 3.3260551178171e+03 -4.4395147990437e+01 6.4759199017054e-04
492 4.0659053301410e+04 2.6431182539900e+03 1.9072621431612e+01 2.1633835420430e-03
493 4.2000554486539e+04 4.8135593098795e+02 1.7563644472034e+02 9.0051263930922e-04
494 4.0150259812838e+04 1.9903276225778e+03 -1.7864477905220e+02 3.1363106478901e-03
495 4.0554813740962e+04 2.1293860733057e+03 1.5754962586123e+02 2.8435457360185e-03
496 4.1900899068414e+04 5.0447645662641e+02 -1.7442546677443e+02 1.2682051350445e-03
497 2.9270169745857e+04 2.2163272950504e+03 1.4104213492054e+02 1.9895513440892e-03
498 2.8535378890124e+04 1.8543670335067e+03 1.7784089248465e+02 2.7964335923396e-03
499 2.9188307956112e+04 2.5698086043010e+03 1.6618787126245e+02 1.1313468678545e-03
