0 6.2881756367543e+04 5.5972502145587e+03 -1.3897345098111e+02 2.0592339687618e-03
1 6.2404041108362e+04 6.7212741511715e+03 -2.8500630291470e+01 8.9554037239949e-04
2 6.4814798927375e+04 2.8988304976216e+03 -5.5293772325206e+01 2.0178860014061e-03
3 6.4315085141896e+04 3.0843209314781e+03 -6.7057402943465e+01 3.3662214899111e-03
4 6.2643976033983e+04 4.6299973370102e+03 -8.2093378063272e+01 1.4352039455282e-03
5 6.2989151979671e+04 3.5395936013722e+03 6.4405041566644e+01 2.1187234268463e-03
6 6.2776208609086e+04 1.1143252900273e+03 -5.5399969737399e+01 1.0574248163015e-03
7 6.3777650589239e+04 1.6439586360471e+03 1.6694021015520e+02 1.4169512008087e-03
8 6.1549214636522e+04 1.4653907534981e+03 1.7206948132244e+02 2.2108519847852e-03
9 6.1419531863007e+04 1.2306620986827e+03 -9.7048218781613e+01 1.5321401291805e-03
10 6.2915808239460e+04 -2.8414591490625e+02 1.5179373369043e+02 3.4961339612627e-04
11 6.1651009350409e+04 1.8024244496963e+03 1.4519949122264e+02 2.8072077262468e-03
12 6.1425496126857e+04 1.8106552030243e+03 -6.5267449924850e+01 1.9488386988445e-03
13 6.3082488195861e+04 5.0933563665404e+03 -6.3141820594617e+01 2.1371977720097e-03
14 6.2502843198896e+04 5.7114171764255e+03 -1.6119784871315e+02 1.4117644564723e-03
15 6.2552888342035e+04 5.2895116323160e+03 -9.3743308682359e+01 1.0865521022781e-03
16 6.3501394068279e+04 4.5128655294140e+03 -1.2303126222512e+02 2.9338244700346e-03
17 6.5183135268715e+04 3.6182761459279e+03 1.5598485520819e+02 2.4856244775827e-03
18 6.4024656868909e+04 4.5838995390465e+03 1.3654416111607e+02 3.3748472270189e-03
19 6.1875735600368e+04 2.5279611336221e+03 -1.6067236694179e+02 2.3867954657562e-03
20 6.1869155711106e+04 2.9252297778817e+03 -5.6376218642529e+01 3.3002656699575e-03
21 6.1513361966963e+04 2.2898180857786e+03 -1.3985715489810e+02 1.4204948010449e-03
22 6.1518185734560e+04 2.1351407921224e+03 -7.6275662254563e+01 3.0928765929587e-03
23 6.2657787076144e+04 1.1010559879199e+03 -1.2156179771806e+02 1.2081902504724e-03
24 6.3502645226899e+04 -4.7398264622882e+02 1.7907021358939e+02 3.3428561106450e-04
25 6.2956454352122e+04 2.8518270830217e+03 -8.6337446287481e+01 3.2633207248855e-03
26 6.3317175757710e+04 2.5690153702549e+03 -1.0201385218216e+02 3.4042872604422e-03
27 6.3406934895795e+04 2.6417726725201e+03 -5.8040875853885e+01 3.1058854032127e-03
28 6.4166316352134e+04 1.8319042221122e+03 1.5339794391653e+02 1.3824257684035e-03
29 6.2870494991193e+04 1.6507211835825e+03 -1.7281319352470e+02 2.4388226353810e-03
30 6.2672783770241e+04 2.1044989050668e+03 -1.2363081393139e+02 1.3890112548022e-03
31 6.4703523823257e+04 2.2732974332926e+03 -9.6933162357965e+01 3.0948127900139e-04
32 6.4374641719746e+04 3.1503788319355e+03 -1.2910668905847e+02 3.4033381428421e-03
33 6.3683063026839e+04 3.0925843865543e+03 1.7428495426642e+02 3.2139847546458e-03
34 6.3896276707648e+04 3.3838458103219e+03 -1.5120882852477e+02 3.2354475448284e-03
35 6.2903443670026e+04 3.8418220755558e+03 1.7557736163583e+02 8.1035271113174e-04
36 6.4116300650895e+04 1.5113132348149e+03 -1.4755376926466e+02 1.8098668638382e-03
37 6.4215677997909e+04 2.8132978163330e+03 1.6518006858622e+02 2.7547724109522e-03
38 6.1418287193646e+04 3.6997875867127e+03 -1.0214272362606e+02 2.0309663972834e-03
39 6.4117867767910e+04 3.2845081806313e+03 -4.8966036028660e+01 1.9795304134426e-03
40 6.3754088490960e+04 5.6329259869960e+03 1.4229523314151e+02 3.0651674447504e-03
41 6.3038400209526e+04 6.6967662410532e+03 -1.2540125098685e+02 1.8862784128599e-03
42 6.2998289743297e+04 3.2606160209076e+03 1.3243209322630e+02 2.0072880498798e-03
43 6.3363870021834e+04 2.5126953036703e+03 1.6903780755983e+02 2.1181015357460e-03
44 6.3964098984255e+04 2.7890588849188e+03 -1.4728134765842e+02 3.1474611647156e-03
45 6.2807065558672e+04 1.7824037587675e+03 -5.5601960751964e+01 2.6898148762827e-03
46 6.2957934823315e+04 2.1410527156586e+03 -4.7684236867190e+01 3.0825458433462e-03
47 6.1773259047335e+04 2.4286417188114e+03 1.4962983702525e+02 5.0036178093621e-04
48 6.1133622418694e+04 2.2920021047780e+03 -1.3046846529261e+02 2.3418432497342e-03
49 6.1255959414254e+04 1.7934030891360e+03 -9.8194261295763e+01 2.5536393933933e-03
50 6.4170927754156e+04 2.9121242677460e+03 -6.1070729710850e+01 3.3374083744089e-03
51 6.3991074017532e+04 3.0452486977498e+03 1.4659042855460e+02 2.9584839566810e-03
52 6.2776884326832e+04 1.2502118588966e+03 -9.0378881757901e+01 9.9795872923841e-04
53 6.1118178827204e+04 1.8040340221859e+03 1.7629051779729e+02 2.7984920585675e-03
54 6.0783669895720e+04 1.7369145788455e+03 -1.4970241221654e+02 1.8571727647996e-03
55 6.1901203969582e+04 2.9775633352843e+03 -1.4062749111542e+02 2.2161860166104e-03
56 6.2155350174455e+04 8.9509548972478e+02 1.6755290144363e+02 1.0390077471762e-03
57 6.1775004774931e+04 9.3570005726276e+02 -1.6097482187775e+02 4.0940525780912e-04
58 6.1135967355173e+04 3.2237686588603e+03 -1.0878140423712e+02 4.1068218504955e-03
59 6.1724195001576e+04 2.3712179089409e+03 -8.2795902686227e+01 3.3324055450363e-03
60 6.1202184930688e+04 1.8157900229940e+03 -6.4196602817768e+01 2.4960607143544e-03
61 6.3112348158731e+04 1.6031523080572e+01 -1.2575397384817e+01 4.4505947343671e-04
62 6.1521855689988e+04 2.2364555022005e+03 -5.7992832228515e+01 3.3055536954866e-03
63 6.1862719759286e+04 2.4490498187211e+03 -5.1132330283802e+01 3.2959328853546e-03
64 6.1806806138411e+04 2.2457759069901e+03 -5.3058835925431e+01 3.2330286895701e-03
65 6.2683331801243e+04 9.2014537008497e+02 1.3501152400868e+02 9.2902283176945e-04
66 6.0887362826857e+04 -1.1527176719704e+02 -8.2377090298143e+01 4.3084136462697e-04
67 5.8842181771383e+04 1.7209954699355e+03 -7.0981772784518e+01 3.9563000607305e-03
68 6.1935863966158e+04 1.3571192570247e+02 1.6050440301893e+02 5.0263483885132e-04
69 6.0992579980418e+04 3.2744512221997e+03 1.6146683970444e+02 2.4544126658207e-03
70 6.1937244878210e+04 1.6013830250005e+03 1.5061943906164e+02 1.8934565121102e-03
71 6.1516540702665e+04 1.9327687374142e+03 -1.1553728696817e+02 2.9135019040926e-03
72 6.2527912964948e+04 6.9471457219932e+02 -5.6958326346875e+01 7.9690876150691e-04
73 6.2202297686462e+04 1.3766867289885e+03 -1.1142830366280e+02 8.2431653170876e-04
74 6.2766782738320e+04 1.2673175305704e+03 1.4916313306214e+02 1.7384219826053e-03
75 6.1984529718006e+04 1.8978678385902e+03 1.7111962168961e+02 2.9325771027575e-03
76 6.1673101465767e+04 1.5154470299524e+03 -4.8284116382059e+01 2.0614873060280e-03
77 6.1168451907525e+04 1.7966846562076e+03 1.6521218372963e+02 1.9421104652375e-03
78 6.2400611731471e+04 2.0302335606368e+03 1.5377100053891e+02 1.5432260686040e-03
79 6.2484443842137e+04 1.2032299292060e+03 -6.6722604522598e+01 1.6518558742136e-03
80 6.2925242894558e+04 1.8962483380719e+03 -1.7736700220414e+02 2.3239852149946e-03
81 6.1950383583805e+04 1.4704845055552e+03 1.6525562820570e+02 8.3216563922636e-04
82 6.2206894593684e+04 3.0938023828087e+03 -1.1846096189429e+02 7.8959191059112e-04
83 6.2192950105460e+04 2.7429195943868e+03 -7.7163302955958e+01 2.6308899737510e-03
84 6.2713131101681e+04 2.5210487492837e+03 -5.8376738388468e+01 2.6524778092412e-03
85 6.3071083061042e+04 2.1161850712029e+03 -5.9412361546610e+01 3.1634862432103e-03
86 6.2385040801422e+04 2.4058523987234e+03 1.0889527682672e+02 3.3760332097201e-03
87 6.2187210609958e+04 7.7996746366253e+02 3.7050689560381e+01 1.0144224187877e-03
88 6.1134394096097e+04 1.1509457875520e+03 -4.3259983548679e+01 1.5600341912451e-03
89 6.2381386464790e+04 -9.2456794053120e+01 -9.2379335882123e+01 4.0046116699908e-04
90 6.2890444332079e+04 1.2285169876587e+03 -9.9534868952639e+01 1.4278347199394e-03
91 6.2538542008427e+04 9.0859227486577e+02 -5.5174912332997e+01 9.4287002528664e-04
92 6.2644658884274e+04 1.2816900013041e+03 -8.5357755430197e+01 1.2396755555489e-03
93 6.2116249388404e+04 1.5639526795699e+03 -1.7450485026509e+02 2.3508779202246e-03
94 6.3955753684168e+04 -6.7798938415896e+02 -1.4409798694411e+02 3.2340809075018e-04
95 6.3535631124571e+04 1.5779105227186e+03 -6.1730183822518e+01 2.2672903386840e-03
96 6.2111800173273e+04 1.6820640863737e+03 -6.7334636150952e+01 1.8921162918845e-03
97 6.2308304013352e+04 2.1351292426236e+03 -9.2441228579818e+01 2.6391528876558e-03
98 6.4736330704771e+04 1.9440724576971e+03 -1.2770140538341e+02 3.0948127900139e-04
99 6.4755424863506e+04 2.2717624982440e+03 -1.7751067918914e+02 3.0948127900139e-04
100 6.2704451597793e+04 -1.3047593939571e+03 -3.9155313875981e+01 3.0974678559793e-04
101 6.2231446591127e+04 2.3250218355364e+03 1.4439854023701e+02 2.5750605587767e-03
102 6.2645180601865e+04 6.0450900433969e+03 -1.1189551068324e+02 4.0075475923997e-04
103 6.3451180561206e+04 4.7972550935900e+03 -5.8519621467799e+01 1.6034490620209e-03
104 6.3756907201449e+04 4.5094744009201e+03 1.5049914601548e+02 3.2453611805503e-03
105 6.3657090079823e+04 4.9727212189791e+03 -2.4799106803046e+01 3.0122367527063e-03
106 6.4293943348533e+04 3.8201304802055e+03 -1.1564962098910e+02 1.1888685525506e-03
107 6.5571773871375e+04 3.5519645141396e+03 3.5037394401640e+01 1.6990987694629e-03
108 6.3976719025233e+04 3.7301175648740e+03 1.4884931774217e+02 4.4196857255513e-04
109 6.3095080956538e+04 2.7085252265630e+03 -3.9031690216740e+01 3.4015537517178e-03
110 6.5051610597070e+04 -1.5539452138793e+02 -6.4142992494092e+01 3.0948127900139e-04
111 6.3540761437145e+04 3.2055537066012e+03 -7.8117792257896e+01 3.0818812879065e-03
112 6.2168916302347e+04 3.5492403818896e+03 1.1359532860186e+02 1.2778728600956e-03
113 6.2193396022014e+04 2.9647797495147e+03 -5.5220476093963e+01 2.5850813580098e-03
114 6.4022205225883e+04 2.4189571756070e+03 1.2160727002912e+02 2.1670811260917e-03
115 6.3905462750360e+04 2.8999401199546e+03 -9.5943614814601e+01 1.3921121072240e-03
116 6.3759940621000e+04 2.3928707728448e+03 -6.0943977826929e+01 2.1757861945375e-03
117 6.2892822259465e+04 2.6448524959248e+03 -7.3669472576386e+01 3.5303518765969e-03
118 6.2605175830606e+04 2.1436928711045e+03 -8.7261685794275e+01 3.1661373324030e-03
119 6.3425704471775e+04 2.2517465248940e+03 -2.2637729429186e+01 3.2813106918244e-03
120 6.2986417921537e+04 3.2661895300991e+03 -1.7330175151860e+02 2.5173199532590e-03
121 6.4163493582158e+04 2.0546524250918e+03 -6.2059700192896e+01 4.9973745051403e-04
122 6.3729103856783e+04 2.5848371590556e+03 -6.9058548057183e+01 3.3847425663293e-03
123 6.2750264214579e+04 1.7212215086098e+02 -8.1502608502591e+01 3.4887780505307e-04
124 6.1581728545431e+04 8.9597818958840e+02 1.3619314158641e+02 1.2293433026142e-03
125 5.9718246849555e+04 1.4289735074364e+03 -1.3706670784614e+02 1.5337778398938e-03
126 5.9622670984797e+04 1.8746627806540e+03 1.3491017893743e+02 2.3042621270787e-03
127 5.9344934350848e+04 1.8337176364915e+03 1.5789453118142e+02 2.5835685179243e-03
128 5.9752057113575e+04 2.8044757090970e+03 1.2664535538577e+02 2.3480295195683e-03
129 5.9916151468145e+04 2.3862376869943e+03 -9.5715675961466e+01 2.7299832579486e-03
130 6.0942582009337e+04 1.4064334065396e+03 -1.7403490014168e+02 8.9048362247560e-04
131 6.0163034357908e+04 5.3762200776005e+02 -5.8761350235536e+01 5.6302417088384e-04
132 5.9331925671863e+04 2.0099421055562e+03 1.5218999147503e+02 7.9699665941267e-04
133 5.8766716228085e+04 -7.4300761149664e+01 -9.0220185630881e+01 4.7755646501357e-04
134 5.8878222320067e+04 2.6025025536667e+03 -9.1762979792688e+01 3.3486100366288e-03
135 5.9711866564911e+04 2.0792979096986e+03 -8.5770717896769e+01 3.0393678307783e-03
136 6.4473176847023e+04 -6.1181215758090e+02 -6.5325371820629e+01 3.2467810424466e-04
137 6.5014607118176e+04 3.1764786711447e+03 1.7741013880179e+02 2.3477320105310e-03
138 6.1534050584315e+04 2.7546360664644e+03 8.7406585618955e+01 2.5145294854036e-03
139 6.1588915383664e+04 2.8998034693277e+03 1.2513130037669e+02 2.2272177917383e-03
140 6.0956332620157e+04 3.3793699670582e+03 -7.2253961075901e+01 2.4095344712359e-03
141 6.2824132323239e+04 1.5875120807264e+03 -9.5481937345846e+01 1.9266994247901e-03
142 6.2368264334192e+04 1.0055089113865e+03 -2.0071557115632e+01 1.3267437895205e-03
143 6.3187558389023e+04 1.0183856597051e+03 1.6091445383015e+02 8.0288322747780e-04
144 6.1652252319259e+04 1.9677026985843e+03 -1.5482061272748e+02 1.5749998500688e-03
145 6.1483721999247e+04 1.1087044549319e+03 -6.2030974120860e+01 1.5555045776913e-03
146 6.3166706827146e+04 2.2253957239299e+02 -1.5748435170897e+02 3.5783499640845e-04
147 6.0314118516734e+04 7.0953903093069e+02 -1.0706340065384e+02 9.2751579957931e-04
148 5.8926087847792e+04 1.6354065472984e+03 1.7289239511731e+02 2.7135760660659e-03
149 5.9175764609758e+04 1.1967856556087e+03 -6.5702180485230e+01 1.8645878848539e-03
150 5.8634391725031e+04 1.0308338227955e+03 -6.9981560262514e+01 1.6033899367218e-03
151 6.3203124861909e+04 5.9154884174856e+03 1.4941619632862e+02 2.3576306309706e-03
152 6.3548872480510e+04 6.1981578480050e+03 1.4081276575810e+02 2.9245277877592e-03
153 6.4372374124512e+04 6.1505551967849e+03 -2.6264532254125e+01 3.1678430054022e-03
154 6.3026984280971e+04 7.9401267754833e+03 1.5224671303193e+02 1.4494767223526e-03
155 6.3661369183426e+04 4.7962594961750e+03 -9.3189790978731e+01 2.9999376294725e-03
156 6.3702275705335e+04 4.8506786021862e+03 -1.7946108004215e+02 3.2411037148268e-03
157 6.3866612073340e+04 6.1131098641313e+03 1.3987101924607e+02 2.4889576562769e-03
158 6.4528667867437e+04 5.1504859961563e+03 3.1582875603958e+01 3.1633414477965e-03
159 6.3605687091353e+04 7.0026623153525e+03 1.5079044380929e+02 1.5425672892423e-03
160 6.2093089602382e+04 9.1214304643021e+03 -1.7283046376160e+02 6.8924004611361e-04
161 6.2788358587672e+04 5.7665490839142e+03 -1.6279983721255e+02 1.9034793640949e-03
162 6.3018897674306e+04 4.1874344097792e+03 -1.5459020067133e+02 1.9983505620279e-03
163 6.3346712859114e+04 3.1145082253620e+03 -6.8207265341372e+01 3.1502043205364e-03
164 6.3543090276660e+04 3.4929358080577e+03 -6.5127435421848e+01 2.6877105644500e-03
165 6.3072264629174e+04 5.6040013555473e+03 -1.7804251938620e+02 2.0731087139927e-03
166 6.2346980698679e+04 6.1212219192954e+03 -8.8007832618058e+01 1.0535294427312e-03
167 6.2766548591295e+04 6.5659797039603e+03 -1.4895344137747e+02 1.3085658003050e-03
168 6.4833640788241e+04 2.6980162746002e+03 -9.7297427729824e+01 3.0948127900139e-04
169 6.4232578944788e+04 2.8897646382800e+03 -5.3209271615639e+01 2.4946335004690e-03
170 6.3096872894311e+04 2.2621937247668e+03 -9.2393985852656e+01 3.1403269349353e-03
171 6.3184432944645e+04 2.0791654641904e+03 4.2926613335757e+01 1.6276015922061e-03
172 6.4906313327727e+04 1.6411300284482e+03 -3.9151922956660e+01 3.0948127900139e-04
173 6.4173576494079e+04 1.7970955208219e+03 1.3990523626784e+02 1.8642232101859e-03
174 6.3751179299925e+04 3.0523362525648e+02 -7.6194754872803e+01 5.6202825746909e-04
175 6.2253947068500e+04 3.9670746833238e+03 -1.4699190047722e+02 1.5455888337515e-03
176 6.3439727480666e+04 4.0922617094594e+03 -7.0768133697527e+01 2.1219849934848e-03
177 6.2386200233239e+04 4.0170746718310e+03 -5.0385803827589e+01 1.4784008184559e-03
178 6.4556003421110e+04 1.6581720969638e+03 -1.3657664723394e+02 3.0948127900139e-04
179 6.4328717568647e+04 2.4779798614815e+03 -9.0179318265849e+01 3.1689095408890e-03
180 6.3481426776909e+04 2.6453319197609e+03 -1.2503082208706e+02 3.3997568095199e-03
181 6.4201857175337e+04 2.9003716012465e+03 -1.7234364081556e+02 2.9043192286683e-03
182 6.4138794712819e+04 2.9373165070170e+03 1.5120869685519e+02 3.2334531655860e-03
183 6.3902645306334e+04 2.0232930311470e+03 -8.0421436407489e+01 1.9227582593803e-03
184 6.2046755230243e+04 6.1240790753623e+02 -1.0570384576286e+02 4.7898251182592e-04
185 6.2255137935172e+04 1.8220428919346e+03 -4.8441116167753e+01 2.4468313074203e-03
186 6.1904753909004e+04 1.8212202467965e+03 -7.8083244474008e+01 2.5443208519695e-03
187 6.4337972746335e+04 2.8310193137877e+03 1.4947447085700e+02 3.1326990050625e-03
188 6.4085457574440e+04 1.3747213554907e+03 -1.5352302651264e+02 4.4463884419988e-04
189 6.3061765036430e+04 2.4124801772485e+03 -6.6426919608413e+01 2.1776093539607e-03
190 6.3535247384167e+04 1.7732221919579e+03 -1.3430787158204e+02 2.4479362491556e-03
191 6.2997449239562e+04 2.9199085019151e+03 1.7083554700368e+02 1.9618060986753e-03
192 6.3829304977397e+04 2.1330801851868e+03 -1.7426505499588e+02 3.0602297150963e-03
193 6.3281132759220e+04 2.7866665965105e+03 -6.9336263923200e+01 1.5653962267141e-03
194 6.2846108573014e+04 2.6679204874305e+03 -5.8018596168436e+01 3.4042872604422e-03
195 6.4590117437245e+04 7.5966182162433e+01 -2.0864694477589e+01 3.0948127900139e-04
196 6.3242286889265e+04 2.0979344998277e+03 -7.0424159836054e+01 1.6687452699437e-03
197 6.4044417304740e+04 1.6409635860704e+03 1.3010216992165e+00 1.2589659840856e-03
198 6.3168638754299e+04 1.7003177900463e+03 1.5304262915890e+02 1.1374356009093e-03
199 6.3267276849681e+04 1.3981863398566e+03 -1.0438769324084e+02 1.1933708162610e-03
200 6.2696986997867e+04 2.4504331546442e+03 -7.1896687559078e+01 3.1299316750160e-03
201 6.2861511123015e+04 2.6717346846217e+03 1.5322046397272e+02 5.4566897490586e-04
202 6.4179222720999e+04 2.3801120433052e+03 1.6143331972782e+02 8.7465682608491e-04
203 6.3493969222109e+04 1.8597041069177e+03 -4.7709045883579e+01 1.1913634565982e-03
204 6.1801956613564e+04 3.2072168508760e+03 1.1098963881513e+02 2.9716495751617e-03
205 6.2058967741381e+04 3.4232994042269e+03 -1.6716448409681e+02 8.6189288873426e-04
206 6.2558951607688e+04 1.4019420584751e+03 1.6256435859569e+02 1.9353793693284e-03
207 6.2452235869826e+04 2.9574987911944e+03 1.3620416932460e+02 3.2742569916842e-03
208 6.3954011389430e+04 1.7763368057091e+03 1.6202256702810e+02 1.8880903581590e-03
209 6.4181092102549e+04 1.9294142511971e+03 -5.7778640449086e+01 1.3128728701574e-03
210 6.4040099250857e+04 1.8510553362636e+03 -5.1970079390611e+01 2.6179471610342e-03
211 6.2896066413198e+04 2.4262650713976e+03 -8.1091095887063e+01 3.2401805879748e-03
212 6.3263522712001e+04 1.8367520076303e+03 1.0802551650512e+02 2.0218896086969e-03
213 6.4477831649478e+04 -4.0273158913417e+02 -9.3334578030638e+01 3.4610102807838e-04
214 6.3802978034223e+04 1.4338548008871e+03 1.6708836359361e+02 1.5298110144617e-03
215 6.2668316763933e+04 3.5761693757039e+03 5.3173817177160e+01 2.1522993260739e-03
216 6.3226455684708e+04 3.0948644112670e+03 -7.9283354313638e+01 2.5105373306305e-03
217 6.4041719737906e+04 2.6484616501924e+03 1.4146399015833e+02 3.1686583413238e-03
218 6.4252480009252e+04 5.1258380047268e+02 1.6747564532052e+02 5.5833727212603e-04
219 6.3370055849002e+04 1.1523955350589e+03 -1.3768360271835e+02 1.0557097702660e-03
220 6.3432085878093e+04 1.2374659636063e+03 -1.4529034765870e+02 1.6435523897652e-03
221 6.3560443436710e+04 1.4435067394828e+03 1.7406586607213e+02 1.9395782165785e-03
222 6.3450387994532e+04 3.7038600177782e+03 -6.0446851126092e+01 2.6125816990977e-03
223 6.2952850856566e+04 3.9151195544912e+03 1.3013417650283e+02 1.7909957630356e-03
224 6.4055261434895e+04 3.2835416865099e+03 1.7141095382035e+02 2.6088220217509e-03
225 6.4111017880152e+04 2.8560136855787e+03 9.3337657992629e+01 3.2981547876256e-03
226 6.3226536559265e+04 2.4874065968118e+03 -1.4600145352174e+02 3.4016826631183e-03
227 6.3085261783518e+04 2.2354277674900e+03 -7.3402614181755e+01 1.6870161478140e-03
228 6.2639202100531e+04 2.6508059470943e+03 1.5924689907390e+02 3.3735135738413e-03
229 6.3221827960566e+04 4.0259084709127e+03 -8.6003086233331e+01 2.0904990183433e-03
230 6.2950323718442e+04 6.2404508196500e+03 1.2602436105568e+02 2.2132901906335e-03
231 6.3666377168075e+04 4.8225182293550e+03 5.3189654167268e+01 3.1823136692934e-03
232 6.3619975954746e+04 5.2649342576121e+03 -5.3817547031021e+01 2.6481122961006e-03
233 6.3623251627395e+04 5.5002322069945e+03 1.4071516518865e+02 1.3698124993607e-03
234 6.2273727029707e+04 1.0465494550103e+03 1.6085040670684e+02 1.3745405990814e-03
235 6.3620106409686e+04 3.0095537193110e+03 1.2764909070088e+02 3.1711915666866e-03
236 6.3414356101269e+04 2.9619346348170e+03 1.6693323335278e+02 3.1967032538103e-03
237 6.4653277645004e+04 -8.7971007408283e+01 -1.0151956396472e+02 3.0948127900139e-04
238 6.3368998425246e+04 1.1563380500984e+03 -8.3473501347397e+01 1.3225253226868e-03
239 6.2252781152653e+04 2.6611205767587e+03 -8.7067727531339e+01 3.3821859732662e-03
240 6.2672491277737e+04 2.3213013758920e+03 -1.5315932752417e+02 2.6852223877938e-03
241 6.2394204121347e+04 1.4273150292065e+03 -1.2248157623742e+02 1.1607761750714e-03
242 6.3801706484456e+04 -8.1530941779593e+02 -9.2403572396896e+01 3.1546309009022e-04
243 6.2345662948451e+04 1.9890006683530e+03 1.5793026704773e+02 2.8096001663729e-03
244 6.3734181331370e+04 3.8817334657951e+02 -1.8886175220044e+01 5.1737532719998e-04
245 6.2937428382719e+04 1.7333029521134e+03 1.5437254757137e+02 2.2572424174814e-03
246 6.0876609380469e+04 3.4325771888121e+03 9.2062866669238e+01 1.5827196537108e-03
247 6.4402566485594e+04 3.0787253745537e+03 -1.4716741322215e+02 1.9396939180625e-03
248 6.4195815076916e+04 3.2319625565167e+03 -1.1810817339972e+02 3.3679080044965e-03
249 6.4786572100940e+04 2.9780226830832e+03 -1.4092479791126e+02 2.7038594774599e-03
250 6.4758166702107e+04 2.7259340983921e+03 -1.6315381338812e+02 3.2350187879367e-03
251 6.4008054308105e+04 5.2531342067090e+02 -5.3714365526606e+01 5.5725164404076e-04
252 6.2383434058716e+04 2.9110784227282e+03 -1.6260969512643e+02 5.0518687403311e-04
253 6.2766755743284e+04 2.3845325900999e+03 -3.8251298442760e+01 4.5220321841653e-04
254 6.2410001605373e+04 3.1079255218910e+03 -1.1733032539095e+02 2.9862001514351e-03
255 6.0392453000885e+04 2.7957105334292e+03 1.4954729276894e+02 1.7793888142616e-03
256 6.0182414692931e+04 3.0586582647840e+03 1.5457736094251e+02 1.5448431423938e-03
257 6.1289638034903e+04 1.1076772997148e+03 -5.6584895726145e+01 1.5423018214694e-03
258 6.0680353988210e+04 1.9631590068171e+03 -4.6085935184494e+01 3.0925326274244e-03
259 6.3137419504844e+04 5.4536772643906e+03 1.4882204177565e+02 2.5320756128948e-03
260 6.3779004037458e+04 4.4744974630249e+03 1.4479936039566e+02 3.2037492620183e-03
261 6.3531162209711e+04 3.2540775352518e+03 -4.0287180248702e+01 2.9948767152180e-03
262 6.3568785224702e+04 1.9404335403277e+03 -7.6519996264029e+01 2.8025291627354e-03
263 6.2613828492953e+04 2.3853125041148e+03 -1.5856633123065e+02 1.7551341785105e-03
264 6.3439865152355e+04 1.5430663455792e+03 -1.0707604401678e+02 3.1277375077505e-03
265 6.4033862808417e+04 1.8067718597039e+03 -1.6446374951996e+02 1.6646770489317e-03
266 6.3566468917934e+04 2.4995505822051e+03 9.1834037921760e+01 2.9162700374389e-03
267 6.3436032282190e+04 5.2292551510336e+03 -5.6441272551267e+01 6.8433501612323e-04
268 6.4175390517342e+04 5.5752980697828e+03 -1.7828446997247e+02 3.2565874726364e-03
269 6.3242990306842e+04 6.9632732110149e+03 1.9678451993587e+01 2.1905015307747e-03
270 6.3545910823912e+04 6.1603077975729e+03 -6.0690132975134e+01 2.9583106589910e-03
271 6.2350156464573e+04 9.3071238610872e+02 -1.6402460556544e+02 3.7717658225773e-04
272 6.3656300388379e+04 4.6909596968105e+03 -5.3087701137650e+01 1.8515875895993e-03
273 6.3790179528535e+04 3.7756556649998e+03 -4.2597663461044e+01 1.9583727027671e-03
274 6.3817844815868e+04 3.6124217302970e+03 1.1854016998901e+01 3.2055087289112e-03
275 6.3589044909683e+04 3.2646508190572e+03 -1.2957372650985e+02 2.5428049918262e-03
276 6.3388142320401e+04 3.2526375799796e+03 1.2472752354174e+02 2.7853382781330e-03
277 6.3746282117960e+04 2.1989035529685e+03 1.6911307623415e+02 2.0302009717774e-03
278 6.0273327882163e+04 2.4759903760050e+03 -1.3012133841809e+02 3.4042872604422e-03
279 6.1135595294204e+04 1.8190002646149e+03 -1.1854441478000e+02 2.4132026464906e-03
280 6.0101804993217e+04 1.7891401668158e+03 -2.7343963530321e+01 2.8695278183181e-03
281 6.0544206998686e+04 3.1131591714115e+03 -1.6431672626133e+02 2.9281880212951e-03
282 6.1480002502518e+04 3.6099368924019e+03 -1.1754716309294e+02 2.2637207912104e-03
283 6.0630698661489e+04 5.5905381715132e+02 -3.7410329527655e+01 7.5547403545992e-04
284 5.9812644684938e+04 1.1154050743743e+03 -8.6746148483585e+01 1.6721863080504e-03
285 6.0000619110803e+04 1.4352099623215e+03 -7.0833531096235e+01 3.1447639103275e-03
286 6.0565868734756e+04 1.4776301489245e+03 1.3004127970213e+02 2.2437139210579e-03
287 6.0754366040810e+04 2.0214167050518e+03 1.7423824594887e+02 1.9362443989240e-03
288 6.1170439619803e+04 1.0708970570981e+03 -5.9167472933246e+01 1.4627431156993e-03
289 6.0586275932520e+04 1.0379309587776e+03 -1.6372674980730e+02 5.4362818385117e-04
290 6.4133233418570e+04 3.2582534435647e+03 -1.4313310559612e+01 1.3518653005157e-03
291 6.4556982737908e+04 2.8143360237432e+03 -7.4003957000935e+01 1.7509398230693e-03
292 6.3448713945265e+04 3.3307568128027e+03 1.3652848279163e+02 1.3476214928045e-03
293 6.4830738127703e+04 2.2862534680080e+03 -7.8199881432779e+01 3.0948127900139e-04
294 6.3687170313317e+04 1.1275288443267e+03 -9.4355737326308e+01 1.4489849014704e-03
295 6.4485546030488e+04 -1.3340912033485e+03 -8.7822106389324e+01 3.1061093967513e-04
296 6.4070777457769e+04 2.9604877114409e+03 -8.1106192228239e+01 3.1362185141400e-03
297 6.2644647108868e+04 3.6044112125461e+03 1.7222381111315e+02 2.2547492451603e-03
298 6.3006791389907e+04 2.8823168775865e+03 -1.7705899485744e+02 3.2461878078570e-03
299 6.2645658388559e+04 3.7009674814829e+03 -1.4180274131422e+02 2.0693494025918e-03
300 6.2645964266599e+04 3.6376855011550e+03 1.5314170364285e+02 1.1967387620008e-03
301 6.2543180534788e+04 3.2011966753369e+03 -1.4137920656390e+02 3.0215665666913e-03
302 6.4117053124338e+04 2.4605708531835e+03 -1.7945480943273e+02 2.3814971486262e-03
303 6.4321555784109e+04 2.0551030780849e+03 -6.0895705470221e+01 1.4732848535304e-03
304 6.3697908010387e+04 1.7866948086700e+03 -9.1094997098019e+01 1.8567841029030e-03
305 6.3159189663894e+04 3.3281072482617e+03 1.7693384424839e+02 2.1555913069561e-03
306 6.2949611741443e+04 2.6614322979756e+03 1.2902244218293e+02 3.0581340460115e-03
307 6.3139429278045e+04 2.3001065481751e+03 -1.2888244517552e+02 3.2625827684257e-03
308 6.3634744326922e+04 1.2703263602152e+03 1.6061819708781e+02 1.0727814642222e-03
309 6.1618828048993e+04 -7.1169626059201e+02 -8.7676491622237e+01 3.2912362540141e-04
310 6.0772491629953e+04 5.5544438648909e+02 -6.5090417248192e+01 8.2122398449600e-04
311 6.0697639735957e+04 1.0920970745634e+03 -3.7369079866523e+01 1.5759670277587e-03
312 6.1413578736143e+04 1.7645636638078e+02 1.2044448892767e+02 5.0139671852636e-04
313 6.1336840138381e+04 3.4213631203009e+02 -8.1194962574246e+01 6.4446889821354e-04
314 6.0206044049868e+04 1.4437661437020e+03 7.1362572064160e+01 2.1691547414426e-03
315 6.0167079654549e+04 1.2204029041697e+03 -6.5224773148661e+01 1.7172860446161e-03
316 6.3278528875643e+04 6.1556279259091e+02 -4.2703939684044e+01 7.4872340850501e-04
317 6.2295814897164e+04 4.0790556892941e+03 -1.7101323278531e+02 1.4776736920092e-03
318 5.9597696102411e+04 -1.1589685348295e+03 -5.0759463406449e+01 3.1558633125029e-04
319 5.9511048929478e+04 2.0989328903514e+03 -9.2568607103289e+01 2.2469880993036e-03
320 5.9360150586067e+04 1.8878993584463e+03 1.7495173078759e+02 2.1395802091083e-03
321 6.1005211609139e+04 2.0655676520649e+03 1.5340990109732e+02 2.0194315489180e-03
322 6.3201597233640e+04 2.6734843915163e+03 -3.3526759279888e+01 2.5171918208369e-03
323 6.3405252680974e+04 2.6209377484570e+03 -1.0927181449525e+02 2.7728555066710e-03
324 6.3331488968035e+04 3.8104282354462e+03 1.4522567546006e+02 2.3867686909015e-03
325 6.1511722447910e+04 5.1455620664878e+03 -5.5910442104280e+01 4.5292849116121e-04
326 6.0965328205725e+04 1.6919386148493e+03 -6.0637746540387e+01 2.2973901707382e-03
327 6.1183660324704e+04 1.8611322234016e+03 -4.2831858170544e+01 2.5777924280469e-03
328 6.2000723621575e+04 9.3608819736802e+02 1.6187335631908e+02 5.8443787880789e-04
329 6.2499463455056e+04 3.2801219120256e+03 1.4810509840082e+02 2.4198973711610e-03
330 6.3932867001279e+04 1.6418763698908e+03 1.4455923980191e+02 1.9713181417666e-03
331 6.4499627259748e+04 1.2878754543866e+03 -8.8912810738057e+01 3.0948127900139e-04
332 6.2968688725927e+04 1.6589086349150e+03 -1.2662122127138e+02 2.0028762193352e-03
333 6.2830040318903e+04 1.3261773151307e+03 -1.0978013046270e+02 1.6471807509339e-03
334 6.3165078501092e+04 9.7127788824802e+02 1.5602455395498e+02 1.2357522757397e-03
335 6.2396675144048e+04 1.9364514439279e+03 1.6530670051836e+02 2.9675816955716e-03
336 6.2038188170278e+04 2.2741925359872e+03 -1.2852327034479e+02 3.3338845088469e-03
337 6.2173099156164e+04 2.6062406377525e+03 1.5820488030439e+02 2.4636828190023e-03
338 6.2621149240814e+04 2.4913853476457e+03 1.4371390336410e+02 3.2929887411482e-03
339 6.2244991549832e+04 2.5843599141159e+03 -1.6070543353892e+02 3.3337668399321e-03
340 6.3190186915746e+04 2.1227473939983e+03 -7.5916845293296e+01 2.9377596892663e-03
341 6.3745736237300e+04 1.1321547667208e+03 -1.1565515083990e+02 5.8649435902114e-04
342 6.2522491464687e+04 1.7193644262276e+03 -6.5300281120560e+01 2.5941204272601e-03
343 6.2035364932298e+04 2.7652016388383e+03 -1.2992850134617e+02 1.1037595938361e-03
344 6.2130922491852e+04 2.1788745710920e+03 1.7366638481620e+02 2.7937353350212e-03
345 6.2138172425697e+04 2.2708706196512e+02 1.2943989965393e+02 5.3737679954506e-04
346 6.4111198784139e+04 1.0493993892909e+03 -6.6003919643176e+01 1.0124288725443e-03
347 6.3291855208196e+04 1.3070536675015e+03 1.3245687907164e+02 1.6150420042199e-03
348 6.2677609004721e+04 2.3414549754177e+03 1.5314867342520e+02 3.3313663066468e-03
349 6.2698411882814e+04 1.6689011899076e+03 1.3997407449628e+02 1.8919125712575e-03
350 6.2320434851563e+04 1.1370370135662e+03 -1.6437104080842e+02 5.9735899281416e-04
351 6.0749351915162e+04 1.7290901242699e+03 -1.2385965748178e+02 2.7372716223309e-03
352 6.0472750132484e+04 1.0418168682147e+03 1.5754847732096e+02 1.4616990895264e-03
353 6.1563261061427e+04 4.9477476447246e+02 -9.7836789645535e+01 5.3409076434132e-04
354 6.2501154197336e+04 1.8114014045283e+03 -5.9060334336865e+01 1.0575728981688e-03
355 6.0721503012270e+04 1.7767933529818e+03 -8.5473188953649e+01 2.7278199419123e-03
356 6.0590527840728e+04 2.0344822784758e+03 -7.9245663875662e+01 1.8939236027573e-03
357 6.1349738803652e+04 2.5433031657650e+03 -8.4115609891966e+01 1.2417673726030e-03
358 6.0521744515892e+04 1.2195373074394e+03 -1.1648257202476e+02 5.6875738520951e-04
359 6.2316460140266e+04 1.6596903418398e+02 -6.5967651742424e+01 4.3320898565302e-04
360 6.1423733915963e+04 1.0289176189731e+03 -8.2406230547429e+01 1.3379450226624e-03
361 6.0228484607508e+04 2.5359974972736e+03 -7.4349043577803e+01 3.4179515379301e-03
362 5.9781690316437e+04 2.7945730646872e+03 1.6737994399509e+02 3.1044771526865e-03
363 6.0610215836272e+04 5.7307104693326e+02 -5.1878354025948e+01 8.6938623820141e-04
364 5.7147404196542e+04 1.0546405104390e+03 -1.5088613131520e+02 8.8035857557871e-04
365 6.3199122626758e+04 3.5706167920143e+03 1.3419010406345e+02 2.2359891140280e-03
366 6.2486569977716e+04 4.1012156871430e+03 1.3276509628394e+02 9.8994369034423e-04
367 6.3047880109459e+04 1.7810434930649e+03 -7.7104634993381e+01 1.7218338036614e-03
368 6.2941264490228e+04 -2.2296224240142e+02 -6.2696757546750e+01 3.4584462170448e-04
369 6.2664118884940e+04 2.0778589287515e+03 -2.4275750553437e+01 2.7273667361542e-03
370 6.4767768351934e+04 4.4009804164608e+03 -1.6981140647047e+02 2.9631422257103e-03
371 6.4373565423361e+04 4.4181546892180e+03 -5.9165711126721e+01 2.4295928024343e-03
372 6.4075873372216e+04 4.4810026983836e+03 1.2754691998867e+02 3.2258405402120e-03
373 6.4767704604794e+04 3.6854715673344e+03 -1.2545997781269e+02 1.3835310558865e-03
374 6.2080854553779e+04 1.8886068834982e+03 -1.4454512404233e+02 2.4979953036560e-03
375 6.3435370642930e+04 1.1225105272080e+03 -6.7065127270286e+01 5.9267960884223e-04
376 6.1922839660884e+04 1.4911458999106e+03 -5.1445516787148e+01 4.1833140125272e-04
377 6.2465102679653e+04 1.6548526784127e+03 1.6798257152796e+02 1.6113820195470e-03
378 6.1729765888750e+04 3.1289880305856e+03 -5.3773994699616e+01 2.6466053456740e-03
379 6.2127232709911e+04 2.7875460049924e+03 -1.6675002754274e+02 3.1904943391469e-03
380 6.1783009210499e+04 2.4124882951383e+03 1.6761238892111e+02 3.4000750853314e-03
381 6.1603759678761e+04 2.2545020814285e+03 -1.5172537172968e+02 2.7294927121150e-03
382 6.1968236293690e+04 9.8711316417663e+02 -1.6181239929450e+02 1.0996669602545e-03
383 6.1899849369869e+04 2.3987290778344e+03 -6.9854792783110e+01 3.2393817755257e-03
384 6.1469042402515e+04 2.8520394911820e+03 1.4973455164502e+02 3.0988005273753e-03
385 6.2805025760537e+04 8.7466659478421e+02 -5.5268849150631e+01 1.0334147812156e-03
386 6.2507481963401e+04 2.8580889399523e+03 -1.0267381556260e+02 3.2283251594223e-03
387 6.2759578401772e+04 2.7711261768559e+03 1.2614313014858e+02 3.3498294859471e-03
388 6.2937165747258e+04 2.2160018695229e+03 9.2628451014297e+01 3.0523127810234e-03
389 6.2247427331245e+04 1.7792356204818e+03 -6.6372589740853e+01 1.8277652737975e-03
390 6.2514323716513e+04 1.9830774614972e+03 -1.1588352088194e+02 2.2311613061165e-03
391 6.2161852403364e+04 1.4664856061518e+03 -7.4136352693591e+01 1.0430164455634e-03
392 6.0185908192355e+04 1.8038266113964e+03 1.3925418424974e+02 1.1230202218099e-03
393 6.2319498441942e+04 1.0092010699083e+03 -7.3954829302348e+01 1.0691122802014e-03
394 6.3036510557238e+04 5.6051041934024e+02 1.4807756851079e+02 5.0956046349249e-04
395 6.2106903491730e+04 2.2846083055388e+03 -1.2903874963491e+02 3.1169665677242e-03
396 6.2774839684261e+04 1.6048418940766e+03 -4.5291980020065e+01 2.3250449935789e-03
397 6.2579298061962e+04 1.8744610336501e+03 -6.5666893121023e+01 2.8599219204666e-03
398 6.1889150833964e+04 3.9380546648848e+03 -9.2328317832865e+01 1.0476472145810e-03
399 6.3819295090193e+04 2.2545164264074e+03 1.6379842125078e+02 1.9904881589177e-03
400 6.2586168609582e+04 2.7967914922351e+03 1.6752036060298e+02 3.3840639711553e-03
401 6.2339926642646e+04 2.6185662970477e+03 -6.2062231213598e+01 3.4042759715381e-03
402 6.1645336895417e+04 3.5585915497174e+03 -4.0259030404906e+01 2.3313144222304e-03
403 6.2723940188113e+04 2.5660332065629e+03 1.4293447098650e+02 3.4042872604422e-03
404 6.1922046435108e+04 1.3009295968029e+03 -1.3504909705328e+02 1.3868534522406e-03
405 6.1864619997069e+04 1.5923756319251e+03 1.5333700918313e+02 2.3712862547113e-03
406 6.0546716546481e+04 2.6034232445544e+03 -8.0716473245911e+01 3.2950209783789e-03
407 6.1180292247176e+04 1.8027363027668e+03 -6.1189986944691e+01 2.7758618801692e-03
408 6.1053676490462e+04 2.1571054330948e+03 -1.2036886366410e+02 2.5986499160807e-03
409 6.2216097584827e+04 2.2701910045607e+03 -5.6113032524295e+01 3.1794342286358e-03
410 6.1950842401216e+04 2.1889115053116e+03 -7.4693983396445e+01 3.1312999534352e-03
411 6.1646185912965e+04 2.4226801354345e+03 -6.0728581733944e+01 3.3091847809049e-03
412 6.1349581153189e+04 2.1245787107063e+03 -6.3713693246504e+01 3.2483395398750e-03
413 6.4810030250821e+04 -1.4945554701876e+02 -3.5903884114166e+01 3.0948127900139e-04
414 6.3067707346882e+04 7.4333234985205e+02 -3.9995120922179e+01 7.8437446327992e-04
415 6.3778167036023e+04 2.7849431426869e+03 -1.4565908307565e+02 3.3096618594623e-03
416 6.4669354305074e+04 2.0720514542538e+03 -1.7936475833339e+02 3.0948127900139e-04
417 6.4771430030749e+04 2.1147902974523e+03 -8.9802024248835e+01 3.0948127900139e-04
418 6.3837415365111e+04 1.7458183321470e+03 -1.7787328373021e+02 2.5348237263926e-03
419 6.4323325480445e+04 7.2221088072561e+02 1.3559197003459e+02 8.6537760256046e-04
420 6.1460930734908e+04 4.8879528493658e+03 -1.7685546211099e+02 4.2250715694767e-04
421 6.2835690656895e+04 2.2147434462987e+03 1.7910451249416e+02 2.9408622470603e-03
422 6.3307937987093e+04 1.1381528391483e+03 1.5007639868859e+02 1.2269865460470e-03
423 6.4401208624004e+04 1.5844464966256e+03 -6.3279483936262e+01 1.1368117773182e-03
424 6.3665015425723e+04 1.6206908235577e+03 -8.2921078843296e+01 2.2734956155464e-03
425 6.4292970703227e+04 3.4149190074473e+03 -1.6877194704197e+02 3.4008101339923e-03
426 6.3272844209968e+04 4.3965361036955e+03 1.5179450163714e+02 1.8382319684060e-03
427 6.3706711974339e+04 3.4291798006741e+03 -1.2220320191820e+02 2.5412431200762e-03
428 6.3508004705052e+04 3.9129764476259e+03 1.3102009735240e+02 2.2225008751034e-03
429 6.3332898273729e+04 1.7593259422461e+03 -7.2561353735641e+01 5.0566522489834e-03
430 6.3519633368955e+04 1.9568719717473e+03 1.6886111613132e+02 2.8627427291470e-03
431 6.4062235536759e+04 5.1895340931499e+03 -6.6446204383395e+01 3.4042872604423e-03
432 6.3926648935876e+04 5.5887453805182e+03 -5.2806328938986e+01 2.6288196759587e-03
433 6.2134184015906e+04 1.0297645532397e+03 1.6338762301049e+02 8.5102244718470e-04
434 6.1948944737461e+04 1.5814465070318e+03 1.5219855018324e+02 2.3731459895766e-03
435 6.2849197524227e+04 1.5905083693066e+03 -1.4272328939169e+02 7.3585084818445e-04
436 6.2593216353328e+04 5.8521204215555e+02 -7.5563548062445e+01 6.5665594754441e-04
437 6.2807274114329e+04 1.3852877699554e+03 -1.2273459084681e+02 1.8964225761427e-03
438 6.2705627645699e+04 2.0682208179887e+03 -7.8906151003685e+01 4.3612808297774e-04
439 6.4440062963064e+04 1.9060172577646e+03 -8.1443490383051e+01 3.0948127900139e-04
440 6.3770255681267e+04 2.2208784485016e+03 1.6063606380946e+02 2.8773012801914e-03
441 6.2853937360584e+04 3.4688590111422e+03 -1.7815947938987e+02 2.5563827618703e-03
442 6.2896107662357e+04 3.2943940324671e+03 -1.3205715499937e+02 2.9046747046880e-03
443 6.3896160003147e+04 3.7819510985687e+03 -7.7977245674200e+01 3.2975873335701e-03
444 6.2494607552062e+04 4.0129263927649e+03 1.5428580724524e+02 1.0338914865287e-03
445 6.3106825574427e+04 3.4686324296386e+03 -1.5058102035877e+02 6.0418823080854e-04
446 6.1750952280892e+04 1.7853747143459e+03 -6.6411693863588e+01 2.5439705983890e-03
447 6.1646052738154e+04 2.6509382734127e+03 -5.0975784297761e+01 1.1961069811340e-03
448 6.1720608512209e+04 2.3350203971103e+03 -4.0700403202234e+01 3.3765833623136e-03
449 6.2093901751290e+04 1.4641727666991e+03 -1.7784637309659e+02 2.1512672830681e-03
450 6.1048365980696e+04 2.7689617655812e+03 -7.6922677972781e+01 3.3757353936493e-03
451 6.0992421427062e+04 3.0646355124706e+03 -1.6627585322556e+02 3.1192134804384e-03
452 6.3880558640317e+04 1.0266900768745e+03 -1.2870307838133e+02 1.2749523966055e-03
453 6.3594373397697e+04 2.0390093905824e+03 1.5756280240127e+02 1.9726953079852e-03
454 6.2044172570129e+04 2.6754526179663e+03 -8.5446245190401e+01 3.3907481912670e-03
455 6.3809755316745e+04 2.8294599910398e+03 -1.2104964965992e+02 2.9650742540044e-03
456 6.3349097202013e+04 3.3473291462219e+03 1.4236948831115e+02 2.7288471867670e-03
457 6.2797604551815e+04 4.1785301809333e+03 1.5969379011138e+02 1.1100888198049e-03
458 6.4340535965926e+04 4.7676914430646e+03 -1.5006762329003e+02 4.5656873508790e-04
459 6.3660613059159e+04 4.1193539319689e+03 -1.6601388289087e+01 2.0880120909960e-03
460 6.4738348090051e+04 3.3263783642550e+03 -4.3885964065942e+01 2.9631106397081e-03
461 6.3024233111209e+04 5.7210007980483e+02 -7.7056095152600e+01 7.6234701110484e-04
462 6.1432553478541e+04 2.6676536157860e+03 1.3286285875173e+02 3.2984121375528e-03
463 6.2603958976214e+04 1.2418730773377e+03 -5.3077404522523e+01 1.5886721370937e-03
464 6.3985606292704e+04 1.6132467320011e+03 1.4972323545656e+02 1.6331668333221e-03
465 6.3896883879489e+04 4.9737982630244e+02 -6.1043308300934e+01 6.7864868659763e-04
466 6.3235205606681e+04 1.5904123597500e+03 -1.3651844866799e+02 2.0678590521113e-03
467 6.2771397916569e+04 1.6093704627933e+03 -5.1024007034614e+01 2.1265383064597e-03
468 6.3252397395566e+04 3.6577033837129e+03 -1.6420356968540e+02 1.7031828764216e-03
469 6.3184222246357e+04 4.4392280356024e+03 1.5865103826483e+02 2.1777405620744e-03
470 6.3671563178322e+04 2.4756932699639e+03 1.0959255975206e+02 3.3693584846093e-03
471 6.3527584140585e+04 2.7818868701724e+03 -7.4828290678517e+01 2.8626833933405e-03
472 6.2408764088976e+04 2.4460636878415e+03 -7.9966017303166e+01 2.6371237208503e-03
473 6.3151460053896e+04 1.6061793036697e+03 -7.5540860609888e+01 2.1829244850844e-03
474 6.3303713792534e+04 1.8813018263735e+03 -1.3727044296102e+02 2.1654713581703e-03
475 6.3152005622353e+04 1.9195105724359e+03 5.2042041966380e+01 2.6359058716745e-03
476 6.1626637829699e+04 3.7426575024364e+03 1.5298918088329e+02 1.6861283810510e-03
477 6.4037484965851e+04 8.6398533504878e+02 -1.4947135388866e+02 7.8360755000818e-04
478 6.4610823768305e+04 2.7706455994410e+03 -1.0123173948305e+02 2.9673462611390e-03
479 6.2431251518618e+04 2.4263432021933e+03 7.2917346856727e+01 3.3948167038508e-03
480 6.2651256066552e+04 2.2754059702584e+03 -6.1002935593853e+01 1.5952623020883e-03
481 6.4406834964958e+04 2.0025098337230e+03 1.1592954391878e+02 2.5537326341945e-03
482 6.3607706220539e+04 2.3707198829849e+03 1.7022729219344e+02 3.3380573206448e-03
483 6.2928305664336e+04 4.4309631729967e+03 -5.1936943674427e+01 1.6654401161548e-03
484 6.3303361940399e+04 2.9861052906780e+03 1.4334899271999e+02 3.1207925791004e-03
485 6.3976377707969e+04 2.5686545275544e+03 -1.5444894508962e+02 6.0327217757473e-04
486 6.3765302524316e+04 2.4613103791746e+03 -1.2079971390596e+02 1.5999805464256e-03
487 6.3978037045162e+04 1.6691809260437e+03 -6.5125077874426e+01 2.0013237064170e-03
488 6.3522840530196e+04 8.1897195060744e+02 -1.1653833416409e+02 1.0163342780648e-03
489 6.3244548709353e+04 3.8331061607143e+02 -4.8483746216250e+01 5.9896290037964e-04
490 6.2422870969597e+04 1.7471271698642e+03 1.5557668397113e+02 1.7712417583680e-03
491 6.1873371098967e+04 2.0477466037878e+03 1.4841564500377e+02 2.8962863400657e-03
492 6.1731127491064e+04 2.1909915638854e+03 -9.3592299063568e+01 3.1576018180083e-03
493 6.4158888471916e+04 1.5804412916631e+03 1.4743617631280e+02 1.0842137449486e-03
494 6.3556857720394e+04 1.9288587447909e+03 9.3535127993926e+01 2.6095595596979e-03
495 6.3263072440360e+04 2.2195484108743e+03 -1.7236324175597e+02 3.2618078789536e-03
496 6.2851597782888e+04 1.5984698031608e+03 1.4622544650905e+02 1.3054349634346e-03
497 6.2755426624027e+04 1.8938623785099e+03 -5.0259873986354e+01 2.5257210552688e-03
498 6.2974200839209e+04 1.1476309795572e+01 -4.6006347410690e+01 4.4511217401838e-04
499 6.2920914388260e+04 6.6883366043683e+02 -1.0434867652541e+02 8.6579110356633e-04
