0 2.6571993697067e+02 2.1035410250867e+04 8.5072175509643e+01 6.8738071222687e-04
1 -1.3067610987230e+02 1.8612919639338e+04 8.0457910556875e+01 9.1595535540067e-04
2 -7.4672193720191e+01 1.9278408898254e+04 9.1440031718162e+01 8.2996146610233e-04
3 2.3754644960732e+02 1.6225814755369e+04 -1.1369262195884e+02 1.0781019954265e-03
4 6.7377716321519e+02 1.8015347427096e+04 8.4530707073629e+01 5.5078679496619e-04
5 -3.5895895239762e+02 9.9332905737535e+03 9.1209833724790e+01 3.0261052742824e-03
6 -1.0854792248293e+02 6.9631486198597e+03 -9.2930542894662e+01 2.8503761005208e-03
7 -3.0488914226255e+02 9.5531772955833e+03 9.0388829464370e+01 2.9271412845141e-03
8 1.7063126972899e+02 1.8883683360877e+04 -5.2151829271542e+01 8.9815075192697e-04
9 -1.8987410863879e+02 1.9111905937280e+04 1.1072158771148e+02 1.2376178901524e-03
10 -9.9509942650890e+02 1.8752590373066e+04 -1.0318075440716e+02 2.8780027605468e-03
11 -5.8509986485481e+02 1.9046271178225e+04 1.5625746707732e+02 2.0603264054593e-03
12 -4.8386786500147e+02 1.6251936411009e+04 9.3627465293396e+01 2.2840643446637e-03
13 -4.4930096016274e+02 2.1910768013317e+04 9.2263793118987e+01 3.2273953050308e-03
14 -1.1304059285123e+01 1.6905672464928e+04 9.1474466003169e+01 1.1882825678020e-03
15 -3.7561926736629e+02 1.8249206461735e+04 8.9296222333486e+01 1.7016954645154e-03
16 -4.7355021162295e+02 1.9913640711669e+04 9.4221859631275e+01 1.6814894727968e-03
17 -3.9612577291922e+02 1.9106759505198e+04 8.4395615730529e+01 1.7015425818854e-03
18 -1.8937835752093e+01 1.7465929355314e+04 8.8766288814861e+01 1.4115975160932e-03
19 -2.9832174795106e+02 1.8417526529973e+04 8.9831507464535e+01 1.4595709942655e-03
20 -3.0804771154061e+02 1.8382088452149e+04 8.7953026679025e+01 3.0679361933182e-03
21 -2.6567485233635e+02 2.2741843675820e+04 5.1953808682059e+00 9.3006605122656e-04
22 -6.6653427977417e+02 1.7431020590169e+04 4.1558131652691e+01 2.4551062548412e-03
23 -2.3824199798716e+02 2.1536310624218e+04 8.3139850187366e+01 9.7159956367789e-04
24 2.7753006151920e+02 1.5834222304491e+04 9.1551738853534e+01 1.0734947149517e-03
25 -2.2329082226714e+01 1.6375839257203e+04 9.3248989584355e+01 4.2381233199651e-03
26 -7.2139319343435e+02 1.5314292072204e+04 9.7984510759114e+01 2.9934594586917e-03
27 -7.0010797738017e+02 1.3899628555583e+04 7.5945194483266e+01 3.0404653989721e-03
28 -5.4411041573007e+02 1.5683023876315e+04 8.8555873505993e+01 2.8635798331632e-03
29 -7.3802576294946e+02 1.7773014634378e+04 8.9216415365163e+01 2.5954425917781e-03
30 -9.0778860767363e+02 1.4896012978689e+04 1.4877021966798e+02 3.3100688548035e-03
31 -6.2050368878698e+02 1.8190804724434e+04 9.2812160829197e+01 5.7414728037815e-03
32 -5.9646679478142e+02 1.8692161229121e+04 9.3675982743114e+01 1.8404392017873e-03
33 -6.9855598141525e+02 1.5867527021739e+04 -9.2696585512586e+01 2.5554575686934e-03
34 -6.5024522068800e+02 2.0323113011532e+04 9.1437466801016e+01 1.7719883675012e-03
35 -4.4480128756405e+01 1.2935642191925e+04 8.6758468167417e+01 1.8822195039396e-03
36 -1.6977444486342e+02 1.3791231816828e+04 8.5640149685854e+01 2.7521233151779e-03
37 -1.8414454059153e+02 1.3318202684123e+04 -7.8543335488143e+01 2.3461772960958e-03
38 2.2168396443656e+02 1.5248377206139e+04 8.3005255742462e+01 1.2864155987974e-03
39 2.4694291346909e+02 1.1444440269502e+04 8.2368471261268e+01 1.6534684299116e-03
40 9.1315437085457e+02 1.9987183537909e+04 8.7090517787024e+01 3.9735566327936e-03
41 8.2971859333398e+02 1.8511359173386e+04 8.9481210020269e+01 4.3353787212218e-04
42 1.1181229927757e+02 1.5907985680571e+04 9.5135911551393e+01 1.3572449436288e-03
43 1.6216550045005e+02 1.7808019482658e+04 4.5179589873085e+01 1.0209923849563e-03
44 -5.4347237003119e+02 1.8126353694993e+04 6.5612410749638e+01 2.0450502701966e-03
45 3.7840912906288e+02 1.2720331275526e+04 6.0163517381779e+01 1.2457103438704e-03
46 1.4763888101107e+02 1.7774043214160e+04 9.1036686121703e+01 1.0517879597084e-03
47 3.5855606733886e+01 1.5188901019617e+04 1.3805023088120e+02 1.5684765924532e-03
48 -5.1363506778034e+02 2.0894920373108e+04 9.3032293316602e+01 1.4588595174043e-03
49 -2.7466333069078e+02 1.6711043000338e+04 9.3515193711765e+01 4.5849341952549e-03
50 7.6151295194427e+00 1.4483903999788e+04 8.7940714039121e+01 3.1966106272260e-03
51 3.3849338894621e+02 1.6365538586784e+04 8.5181790115785e+01 7.5242454758990e-04
52 -4.6437255589145e+02 1.7303440531428e+04 9.5909033356065e+01 1.8940980291050e-03
53 -6.7160635308561e+02 1.6246626865627e+04 1.6189472755286e+02 2.0145535810325e-03
54 -4.1057268925229e+02 1.5799227391082e+04 -6.4947355743140e+01 1.9915086762189e-03
55 3.0546923131859e+02 1.5493705576393e+04 9.6600371865372e+01 1.0484657245013e-03
56 -1.8913804053450e+02 1.5019271094576e+04 -8.6416108782813e+01 2.0328196510897e-03
57 1.3981029204076e+02 1.6356932687447e+04 6.4486527514595e+01 1.2502920891163e-03
58 -2.2074778757585e+02 1.4173899997008e+04 9.2239569737670e+01 1.9130822752254e-03
59 -4.8788505345969e+02 1.5893178506893e+04 9.3157334877490e+01 5.3850539584785e-03
60 -2.2854060148209e+02 1.7719340768646e+04 9.1688308336708e+01 6.7105015141889e-04
61 8.8339634997187e+01 1.5205199025166e+04 8.9919800389853e+01 1.3556431533832e-03
62 -8.5869092287991e+02 1.9256404586741e+04 -7.7622408754923e+01 2.2660254499987e-03
63 -1.1075849602820e+03 2.0626629227964e+04 1.0098078509287e+02 2.1192310172447e-03
64 -9.2938514915317e+02 2.1875658915611e+04 1.0374489428447e+02 2.1261397784475e-03
65 -8.7338101194730e+02 2.0700666587297e+04 9.6123146471944e+01 2.2809245590094e-03
66 -7.6976794859145e+02 2.1785219023027e+04 9.8934550031058e+01 1.7744202679534e-03
67 -6.9995215241322e+02 2.1231316903253e+04 -6.2070108058836e+01 1.8817545588944e-03
68 -1.0398460693893e+03 1.8780599356064e+04 1.1137642511836e+02 2.6697860587373e-03
69 -6.6479310495026e+02 2.0056457741313e+04 -1.0108039989043e+01 1.8319265418118e-03
70 -9.5106536049606e+02 2.2703127502765e+04 9.0198859646562e+01 2.0933620957557e-03
71 -4.2343430221642e+02 1.9300725130467e+04 -8.1476370762517e+01 1.1675149696775e-03
72 3.8769522012944e+02 1.2402801375600e+04 4.0823093458324e+01 1.4350516390168e-03
73 1.3278688108475e+02 1.6506351015514e+04 8.9663769371035e+01 9.3528964018631e-04
74 -5.7925613712379e+02 1.7146834549650e+04 9.2134430848714e+01 2.4024690114409e-03
75 4.2529108920678e+01 1.9055974110812e+04 9.4122504154001e+01 2.0357706119467e-03
76 -7.3355199399163e+02 1.7366546044134e+04 8.9911026788011e+01 2.5986032671910e-03
77 -6.9564592987337e+02 1.5963490047063e+04 9.9354466512250e+01 2.8199046051265e-03
78 -9.8084625234047e+02 1.5036063885664e+04 9.3536022649603e+01 3.3907149861344e-03
79 -4.0147796226595e+02 1.5720517366471e+04 9.4613841427583e+01 2.4515418770780e-03
80 -2.1685125566131e+02 1.4476024488411e+04 -8.3048498446347e+01 2.1987647627856e-03
81 5.1210055839054e+02 1.4061874233719e+04 8.7597046703794e+01 1.0391831607530e-03
82 6.4275072271149e+01 1.7441862221623e+04 1.1280590639884e+02 1.1726378269205e-03
83 2.0056501324612e+02 1.5287067168798e+04 8.8179828682932e+01 1.2705506725403e-03
84 1.2214676878604e+02 1.6438163232876e+04 -7.9987577896037e+01 9.2123693361690e-04
85 2.7567496671650e+02 1.4699134111324e+04 1.0181897044570e+02 1.2835238704071e-03
86 -2.9062638841053e+02 1.5152732377539e+04 8.3982107521976e+01 2.2155230334840e-03
87 6.4680981336889e+02 1.5325984774241e+04 7.9536031666189e+01 6.3016171456339e-04
88 3.4620696256880e+02 1.6222153210413e+04 8.5361870705086e+01 1.0327608579104e-03
89 -7.7851387926663e+02 1.6365256419880e+04 1.1023346062783e+02 1.9955794646891e-03
90 6.4239646575413e+02 1.3275943699277e+04 9.2748716475642e+01 9.1827242629240e-04
91 -9.2597209792230e+02 1.6187923122942e+04 9.1257211174800e+01 1.6392214412886e-03
92 -7.3306735708244e+01 1.5788209878660e+04 8.0239857188646e+01 1.2436981624374e-03
93 -4.7028121370564e+01 1.5083443629056e+04 7.1430066969012e+01 1.7477608968762e-03
94 -3.9689946044967e+02 1.5540235281726e+04 9.2809213110358e+01 2.2649639628891e-03
95 -3.1731053191510e+02 1.0753051179023e+04 -1.1444419284074e+02 3.0165903052555e-03
96 -2.7699605540292e+02 1.0742367783593e+04 9.4413435456944e+01 2.8396673662393e-03
97 -3.1609183666661e+02 1.2703053761742e+04 8.9289123999580e+01 2.7127151928205e-03
98 -4.5155606226887e+02 1.3018056257098e+04 -1.4852111515564e+02 2.8243339740258e-03
99 -2.4918415982410e+02 1.3476546809394e+04 9.3378330853045e+01 5.4393201962395e-03
100 4.9772640180658e+01 1.4949369817852e+04 7.7015284772203e+01 1.6103357495875e-03
101 -1.7547464789214e+02 1.4640587714326e+04 1.0562289376483e+02 2.0826598824314e-03
102 -2.4597151079121e+02 1.7687974158856e+04 8.6481952407170e+01 4.3886609932140e-03
103 -2.6126702297111e+02 1.3598856578810e+04 -9.1833090435488e+01 2.2934730516320e-03
104 4.7189195035238e+02 1.4109251486103e+04 -4.7562792060861e+00 1.0881279623229e-03
105 1.8781967392522e+02 1.3906453869280e+04 8.9463678450878e+01 1.5397631991311e-03
106 -8.5274551958194e+02 1.8312310086845e+04 1.0659911101055e+02 1.9502956553822e-03
107 5.2681984604309e+02 1.2587172375208e+04 8.1459847213894e+01 1.1287760653289e-03
108 5.0528680636684e+02 1.0054456864365e+04 -9.4226601060513e+01 1.6103525370718e-03
109 1.0601588685163e+03 1.6166692537823e+04 8.8569284823688e+01 3.9381058596625e-04
110 1.0574955891617e+03 1.6442534527828e+04 -1.0699617674284e+02 3.9219051553941e-04
111 -1.2758512522444e+02 1.5813522119473e+04 1.6848486583266e+02 1.5415709830287e-03
112 2.9647612527588e+02 1.6175553634118e+04 9.4145671207434e+01 4.3400064292293e-04
113 -4.6313774438945e+01 1.3920696354332e+04 9.0042880639095e+01 1.9598487516419e-03
114 -1.8508747810411e+01 1.2100831076612e+04 1.0116521826668e+02 2.2378475313520e-03
115 -2.1065876545186e+02 1.7843523142283e+04 8.6278928670407e+01 1.5787275221344e-03
116 -5.7511617235832e+02 1.6289008696072e+04 -1.5271042190810e+02 2.3763262062683e-03
117 1.0863383289663e+02 1.3596490187418e+04 -6.8962650478639e+01 1.7362563117575e-03
118 -2.5547234900662e+02 1.7028948551227e+04 8.4736254886185e+01 1.7234086401515e-03
119 -1.1142161013809e+02 1.6183822572153e+04 8.7488152542635e+01 1.6899398836067e-03
120 4.4274508254149e+02 1.4786253084029e+04 9.4809214122373e+01 1.0289603528411e-03
121 -1.4230291262312e+03 2.1970411979861e+04 8.8651045822752e+01 1.4324297416138e-03
122 -8.8540231329288e+02 1.5507889777430e+04 -8.7923086003267e+01 2.6696712110257e-03
123 -5.7344582198448e+02 1.7035366731218e+04 7.6079460308652e+01 2.3199020699975e-03
124 -9.5770398575831e+02 1.6518354211952e+04 1.0013980686404e+02 3.1701038226880e-03
125 -1.2416566487515e+03 1.7399476689283e+04 -9.0500324987972e+01 1.9515512229674e-03
126 -2.1506178776101e+02 1.9594096502413e+04 9.5890768596886e+01 1.2173104171686e-03
127 -5.2355971330395e+02 1.6757546503264e+04 -8.3179238633580e+01 2.3019154850696e-03
128 -3.9298811330920e+02 1.7682159014757e+04 7.1079432916920e+01 1.3986837880001e-03
129 -2.4869610279675e+02 1.8846368802780e+04 9.2198157457702e+01 2.7175329812285e-03
130 -9.9528683276867e+02 1.6300994378188e+04 9.3614057611812e+01 2.9989596002224e-03
131 -8.4520861355239e+02 1.5858572832150e+04 8.5582231067113e+01 2.8144648876724e-03
132 -9.4358053150685e+02 1.4301020348989e+04 -7.1167570218504e+01 3.1297426288628e-03
133 -9.7641260109495e+02 2.0258529272171e+04 9.5277989964766e+01 1.4607012982620e-03
134 -5.7425954811309e+02 1.5308552113711e+04 9.9486839919385e+01 2.3484575628827e-03
135 4.7256773736118e+01 1.5288264865586e+04 7.5266771802753e+01 1.4639481488072e-03
136 -6.1995673228130e+02 1.2076511196880e+04 9.1093578551912e+01 3.2696470708412e-03
137 -3.9807676059100e+02 1.0738355101296e+04 -8.2008628001337e+01 3.1740954465576e-03
138 -1.7494637513646e+02 1.1540295858341e+04 -1.2473438645929e+02 2.3854701213798e-03
139 1.5138154031576e+02 1.4063661911183e+04 8.6715831253768e+01 1.4129780047157e-03
140 9.4437823157341e+01 1.3540317324399e+04 7.8151668381702e+01 1.6593569710595e-03
141 7.0257142688512e+02 1.4605287978837e+04 -5.2039331085981e+01 7.0037799282844e-04
142 3.7806754058509e+02 1.6171120524931e+04 8.7444296698376e+01 3.9066054610264e-03
143 -1.1054697699960e+03 1.9249020432755e+04 8.9977683759676e+01 3.0173027511349e-03
144 -8.6180917082474e+02 1.8750604505517e+04 -6.4058541430399e+01 2.6042894487740e-03
145 -1.0827009739693e+03 1.6956494357100e+04 8.1351283187669e+01 2.6101723478022e-03
146 -1.1992048450034e+03 1.8153799636542e+04 9.6175394152353e+01 2.8621643688149e-03
147 -1.1155545955758e+03 2.2013123126522e+04 8.5915251161931e+01 1.9185668403192e-03
148 -1.5295780845656e+03 1.6211433650705e+04 -9.6610415523804e+01 1.5696709198738e-03
149 -1.3820898723440e+03 1.9347104296905e+04 4.5053972624255e+01 3.3572627052368e-03
150 -1.5672161669949e+03 1.9564532121779e+04 -7.0006429964143e+01 3.4842917685621e-03
151 -1.2741731564158e+03 1.9655076934186e+04 9.5990604905512e+01 3.2002365452460e-03
152 -1.3165658573207e+03 1.7502806517928e+04 8.9732504841731e+01 2.8336041231100e-03
153 -1.2622076236022e+03 1.7241270137537e+04 -1.6855074560577e+02 2.6862037266595e-03
154 -4.3405069548780e+02 1.9641417327897e+04 8.7713902372158e+01 3.7450454866564e-03
155 3.2260729170282e+01 1.8980894387788e+04 -5.5842802205606e+01 9.5973489979240e-04
156 -8.8927267823885e+01 2.0201278616662e+04 7.1749166676833e+01 9.3265663970178e-04
157 -5.2261603970614e+02 1.9998940122025e+04 9.5530603843368e+01 1.7806895298932e-03
158 -1.0878355045211e+03 2.6410703948114e+04 8.2425266536415e+01 7.2964262496607e-04
159 -1.8078558344488e+02 2.0496087870913e+04 1.4750893409993e+02 1.1407159084884e-03
160 1.5333540858695e+02 2.0336802224183e+04 4.2592869584746e+01 7.5897518019710e-04
161 3.1747795314442e+02 1.8825657583047e+04 9.2702123731868e+01 4.0456355344014e-03
162 6.3019778775471e+02 1.9972387652076e+04 8.0106172415725e+01 4.9961287478488e-04
163 2.2651583294756e+02 1.5317488233388e+04 -4.8307295547318e+01 1.0619725542268e-03
164 -1.9886289748600e+02 1.4333289279005e+04 8.9815639111114e+01 2.1911357823221e-03
165 -4.3202355101136e+02 1.3650988114788e+04 9.2040581044654e+01 4.2017908962156e-03
166 -6.1103116822513e+02 1.4428320776203e+04 8.2387268338645e+01 2.6642436915694e-03
167 -3.3938502270953e+02 1.5164183297423e+04 7.6456606975653e+01 2.1609222376720e-03
168 -4.9564156756362e+02 2.1274795706437e+04 9.2859269890456e+01 1.0332216926024e-03
169 -7.9100556034857e+01 2.0127317493177e+04 8.3799525151092e+01 1.0579558360257e-03
170 -1.3378057385870e+02 1.6959918451935e+04 9.0227012408325e+01 1.4810451880742e-03
171 -3.2084895915932e+02 1.9152812861082e+04 8.7649454504589e+01 1.4921800485439e-03
172 -8.9465458019401e+01 1.7271473250548e+04 4.1169463375561e+00 1.3126868394518e-03
173 4.5001154474454e+02 1.6953774044059e+04 9.4321542985765e+01 1.4112946809603e-03
174 -1.0429139615146e+03 1.8547014282090e+04 8.9674625643014e+01 2.6983179380707e-03
175 -1.0302153627705e+03 1.8785208512474e+04 9.2594810738540e+01 5.9162931785841e-03
176 -6.6514583005774e+02 1.6747280879817e+04 9.0108280174694e+01 1.8470779375788e-03
177 -5.7848633041214e+02 1.8082803858732e+04 9.0088385593907e+00 1.8660980470151e-03
178 -7.7838729003642e+02 2.0627516627511e+04 8.6762853138728e+01 5.2946074821445e-03
179 -7.2441106131834e+02 1.8215041578202e+04 7.8359069912341e+01 2.0247948892075e-03
180 -4.2677441601362e+02 1.5597451960410e+04 -3.0811561933529e+01 1.6375270366140e-03
181 9.9832909467603e+01 1.1251910465240e+04 9.1963445812408e+01 3.1256474638571e-03
182 8.2233771675258e+02 1.6007198502952e+04 8.5098851930482e+01 5.8135876457781e-04
183 -1.1620031403737e+03 2.0809219381411e+04 9.1785171016195e+01 3.6758564304148e-03
184 -6.0550704247389e+01 1.5581481381711e+04 9.8162220705927e+01 1.1142121617380e-03
185 -1.9245092726236e+02 1.7327700581840e+04 8.9058257938410e+01 1.0758799627173e-03
186 6.2545117033329e+02 1.2307375605073e+04 9.9599465988623e+01 1.0948728366160e-03
187 4.7065818965768e+02 1.5120421937235e+04 8.0287147850533e+01 9.7169366443436e-04
188 2.2921076037051e+02 1.4645356935784e+04 9.2957526593651e+01 1.3537397156331e-03
189 1.4118238173311e+02 1.3996675587211e+04 8.9707210416170e+01 1.4189764734941e-03
190 -1.8230285011697e+02 1.2970118037841e+04 5.7092722848556e+01 1.8509614496673e-03
191 -6.8530348878043e+02 1.3803002068538e+04 1.0140729634428e+02 3.0257371334768e-03
192 -1.6228854730514e+02 1.1493009411368e+04 8.1030065033045e+01 2.2940598227280e-03
193 -6.9445821009087e+01 1.1662869307106e+04 -9.5763403037409e+01 2.1820234542196e-03
194 -6.3069515509399e+01 1.5133189661639e+04 9.0744542107663e+01 1.7832692459177e-03
195 -2.0155811777763e+02 1.3058926331425e+04 -8.9865493905031e+01 2.4173148320561e-03
196 -1.4362266406376e+02 1.3218932151269e+04 -4.3640265937512e+01 1.8646593317282e-03
197 3.8573194232301e+01 9.9105370920946e+03 -8.8722543609929e+01 2.5488355606647e-03
198 3.6548608378487e+02 9.9078948220479e+03 -6.5111040437405e+01 1.8924581794428e-03
199 -1.6947939133108e+02 1.0695605873219e+04 8.3556382940409e+01 2.4207985962277e-03
200 -7.2087308118740e+02 1.3838109340877e+04 8.9117506486707e+01 2.2546963192459e-03
201 1.9408178586997e+02 1.4361689119335e+04 -3.7449430464758e+00 1.4623936675085e-03
202 3.2930974971986e+02 1.3915231739725e+04 -8.3639607154265e+01 8.7218349898002e-04
203 4.3072395531838e+02 1.5174011535773e+04 7.7320176451448e+01 8.4514364448775e-04
204 -6.8900233818541e+01 1.3626212831311e+04 7.8187528813101e+01 1.7574073934784e-03
205 -1.6380435469621e+02 1.4362653636738e+04 8.9996983642242e+01 1.6757518071786e-03
206 8.9626818422595e+02 1.3753504761225e+04 8.2847563309651e+01 6.6795460335180e-04
207 -1.0437300943340e+02 1.5941365081889e+04 -5.0624091485588e+00 1.6039291830441e-03
208 -3.9873789406700e+02 1.7577639003454e+04 9.1763077688884e+01 1.9772591085947e-03
209 -4.6208628416662e+02 1.6281976445714e+04 8.7876758168147e+01 2.3413662030320e-03
210 -6.3161141614834e+02 1.5169660477740e+04 -9.9733200733107e+01 2.7153181538861e-03
211 8.0568366789987e+01 1.3387803788478e+04 8.7258956596392e+01 1.8226479268106e-03
212 -1.3199698510359e+03 1.4146572201536e+04 9.1449126485425e+01 1.8299071768860e-03
213 -1.0805983737224e+03 1.3747042302612e+04 9.0214920041354e+01 3.0701312011583e-03
214 -7.9146736126225e+02 1.2649313209806e+04 5.4374641002007e+01 1.5180040328097e-03
215 3.6125319240755e+02 1.5970380190590e+04 8.8849068673188e+01 9.9339587397498e-04
216 -7.6145406780260e+01 1.6485018711454e+04 9.1562598209058e+01 1.5508463286848e-03
217 1.3781039525987e+02 1.3923664093580e+04 6.9916549475613e+01 1.2613426015667e-03
218 2.2396237048251e+02 1.9773292424008e+04 9.2842605014200e+01 7.6900756507113e-04
219 -6.6010416901443e+02 1.5136958210506e+04 -9.1462599129601e+01 2.7332209046470e-03
220 9.8298395206384e+02 1.3311866564836e+04 -9.2878697120336e+01 6.1701436122457e-04
221 1.2058272258290e+03 1.1947713696291e+04 9.1255950848964e+01 7.6240681663581e-04
222 9.9131614293633e+02 1.0854382856602e+04 7.0329661758588e+01 8.3387496688542e-04
223 7.3243735099329e+02 9.6702678680498e+03 -9.4081492951549e+01 1.2157876089872e-03
224 -1.9986870914996e+01 1.3700860089464e+04 -5.8306567403912e+01 1.8698037321609e-03
225 -1.9441569488073e+02 1.5812424767874e+04 6.9616652736133e+01 1.9065259070838e-03
226 -4.7658571590344e+02 2.0307220594446e+04 9.0915237582190e+01 1.3565276010700e-03
227 -1.2762742000442e+02 1.8498659869282e+04 1.2540136207042e+02 1.3439494249104e-03
228 -3.8850611091434e+02 2.0075941112759e+04 8.9951139119004e+01 9.6879843493143e-04
229 -7.6030354323031e+02 1.7839526278734e+04 9.1533882790944e+01 3.0182183146089e-03
230 -6.0365218244494e+02 1.8122296834752e+04 -9.0812794482234e+01 2.1473512266205e-03
231 -4.8161910888617e+02 2.0929225153477e+04 8.5837634465787e+01 1.5464903438183e-03
232 -4.6059553252031e+02 2.0987308304119e+04 8.4588089700931e+01 1.1968952444482e-03
233 1.4783030776005e+02 1.9321468680847e+04 8.3844852563408e+01 7.7000445690865e-04
234 -1.6089082334848e+02 1.5515614572084e+04 8.5244573989370e+01 1.6928108782458e-03
235 -7.9922680465566e+02 2.0077689858124e+04 8.9121040798609e+01 2.2862878804789e-03
236 -6.0434643429808e+02 1.9707875138217e+04 6.1814874025568e+01 1.7791685401467e-03
237 -9.5501179789555e+02 1.9108681968837e+04 8.7568829571645e+01 2.7525299976373e-03
238 -9.0185875133277e+02 1.7785080835721e+04 -6.6277521844249e+01 2.5530406184467e-03
239 -1.3021204292407e+03 1.9999410448353e+04 8.6022873640339e+01 3.0952129549246e-03
240 -6.9185233651277e+02 2.0265682899599e+04 9.3031729176365e+01 1.8106367157937e-03
241 -5.5988683770784e+02 2.1169477913647e+04 5.4935593949360e+01 1.4052647045428e-03
242 -1.2735616519458e+03 2.0720815851843e+04 9.1014235479567e+01 2.9868713861126e-03
243 -1.2763260536907e+03 2.0346063755662e+04 7.7122885804225e+01 2.8880461908428e-03
244 -1.0740450636946e+03 1.8249020038128e+04 9.2216029480393e+01 2.8652247091731e-03
245 -1.1804783926195e+03 2.0930901759022e+04 6.0891078128600e+01 2.5333559450587e-03
246 6.8047197812980e+02 1.5006614185554e+04 5.9302136641811e+01 7.6972624126024e-04
247 -7.1596779867218e+02 1.8304569787770e+04 1.3324552195205e+02 2.2116154081587e-03
248 -3.9856225561515e+02 1.8099402216672e+04 8.0631971452724e+01 1.6248152627137e-03
249 -6.4179417509950e+02 1.8131044028900e+04 8.8078398905004e+01 2.3458150737508e-03
250 -8.2988561884651e+02 1.8075324717167e+04 8.6683182862829e+01 4.7777647581040e-03
251 -6.2366243387799e+02 1.7285177430955e+04 7.7321470906373e+01 2.3112422220024e-03
252 -1.1141680758268e+03 1.7922361702479e+04 9.1378317204423e+01 3.2011753443491e-03
253 -7.7098192995579e+02 1.6908157478619e+04 8.1347432623822e+01 2.4096356159589e-03
254 2.4248354210804e+00 1.5189670710842e+04 -7.0982239600155e+01 1.0691344504586e-03
255 -1.4633987509529e+02 1.9979629138241e+04 8.6170085528576e+01 1.1432421047990e-03
256 -2.9875225435369e+02 2.2246174624797e+04 9.1340087139413e+01 9.9451223515497e-04
257 -3.3698184260387e+02 1.2129177014889e+04 -8.6950375233091e+01 1.4468533060107e-03
258 1.2228422516583e+03 1.7116358885852e+04 1.0930123693837e+02 4.0365953339777e-04
259 -3.8645982540884e+02 1.6519404873747e+04 9.4683465530324e+01 2.2874813903366e-03
260 -1.6195858326337e+01 1.7404785933468e+04 7.7562198524434e+01 1.3097465551653e-03
261 -3.5795047327143e+02 1.6377630859353e+04 -5.9468575162488e+01 1.9872092478413e-03
262 -1.0313070968470e+02 1.9036796981957e+04 9.7843893153781e+01 1.0733394369465e-03
263 -1.1621692849063e+03 1.9010869838108e+04 8.6322958850537e+01 1.4263763474481e-03
264 -7.5855349920277e+02 1.8198262551631e+04 8.0355950582898e+01 2.3765934764092e-03
265 -7.7353562036271e+02 1.7304469203146e+04 7.4710433838740e+01 2.7578362877176e-03
266 -7.6990746732384e+02 1.7335494367070e+04 7.8148311441195e+01 1.9955495208407e-03
267 -1.1062099746984e+03 1.4948502862362e+04 9.2951029799032e+01 5.3417224896882e-03
268 -9.9785008606841e+02 1.6067959029981e+04 7.7962447826734e+01 1.8709410312162e-03
269 -1.1143982635659e+03 1.5984012040206e+04 8.8190324878570e+01 2.0928631378143e-03
270 -9.3176964131168e+02 1.5585712940784e+04 9.0876687507760e+01 3.2478019050520e-03
271 -1.2248058120164e+03 1.5975428959126e+04 9.2814852268721e+01 7.0099392621242e-03
272 -9.2060475596368e+02 1.3833244285196e+04 2.9541484045658e-01 3.4576413520804e-03
273 -3.8383767835413e+02 1.9007354835967e+04 9.2629552946330e+01 4.8298383670863e-03
274 -1.5772860904378e+03 1.7941055442116e+04 -1.0513094617760e+02 3.5946363468254e-03
275 -1.9191648628711e+03 1.9526681000442e+04 1.2096583433323e+02 3.5964091601973e-03
276 -1.7125337302209e+03 2.0501982279402e+04 9.2782611213598e+01 3.1420801254776e-03
277 -1.6603052656901e+03 2.1053102769674e+04 8.8441155139206e+01 1.8549623866731e-03
278 -1.7610036107956e+03 2.0461335453220e+04 8.6205342460930e+01 5.4967200804749e-03
279 -1.5502411828523e+03 2.0526563483212e+04 8.7667725246830e+01 2.4364938920128e-03
280 -1.6222167012755e+03 2.1351745474879e+04 8.9885388701907e+01 3.4200379699317e-03
281 -1.9443829394407e+03 1.9239177821195e+04 9.7194551293188e+01 3.3822985359552e-03
282 -8.9517509681698e+02 1.8409669586536e+04 9.3524490094719e+01 1.5367883491174e-03
283 -1.0283458104813e+03 1.9800522572830e+04 4.6222009198976e+01 1.2247486080044e-03
284 -1.2788389261952e+03 2.0121482623394e+04 9.4631344840627e+01 2.3823231539021e-03
285 -6.3908839720124e+02 2.0226722366213e+04 9.1987534854063e+01 3.1043577192210e-03
286 -6.4906808627384e+02 1.9416515985005e+04 8.4996053594879e+01 1.9489090498843e-03
287 -6.6853339944839e+02 2.0659006141992e+04 8.9608709869615e+01 1.8362662125699e-03
288 -3.8763514326824e+02 1.8165981735278e+04 7.3057886109565e+01 1.8454266225698e-03
289 8.5390113523607e+01 1.2725620956441e+04 -7.4665728103783e+01 1.5876069669602e-03
290 3.7148957054434e+01 1.4302227545635e+04 8.8942752172574e+01 1.6812351589045e-03
291 -1.2965138564241e+02 1.6157238504080e+04 9.1306034517396e+01 1.4585760312951e-03
292 2.6611289132691e+01 1.3768484236522e+04 9.0429338082701e+01 1.7983844458699e-03
293 -3.3116464101131e+01 1.4712646530557e+04 9.5390630252236e+01 1.6816313821397e-03
294 -3.0811465127230e+01 1.7259193667666e+04 1.1182076395192e+02 1.0844174796079e-03
295 -9.4046210859541e+02 1.9660289413220e+04 9.1591033332156e+01 3.1240724449892e-03
296 -8.3165911556474e+02 1.8909808254006e+04 6.5321442360156e+01 2.5191540002573e-03
297 -8.3548453381297e+02 1.8975940726485e+04 8.8424813702424e+01 1.2404363909475e-03
298 -6.6705141529962e+01 1.3333640366464e+04 -8.8817868929598e+01 1.0315130732456e-03
299 -3.1667447798882e+02 1.4361135261408e+04 1.0002159429143e+02 1.3378808873057e-03
300 1.9103826694039e+02 1.7484544497383e+04 9.2298325722878e+01 9.6834802850042e-04
301 1.7395807886613e+02 1.5786474780217e+04 -7.4906518521782e+01 1.2813550374202e-03
302 -4.9250386011383e+01 1.8057215151730e+04 8.3829708022343e+01 1.2668065322724e-03
303 3.6473514685577e+02 1.4043252090829e+04 6.8374540743255e+01 1.2228215110368e-03
304 -1.0295104468709e+02 1.9659193683864e+04 9.6710141731551e+01 1.1361763404933e-03
305 1.5371529839549e+02 1.8210709476350e+04 1.3226518555819e+02 9.9787224319167e-04
306 2.1317367930119e+02 1.8690981636635e+04 8.8545651002381e+01 1.1347133396044e-03
307 2.2612390166044e+01 2.0531920153797e+04 8.4482101812528e+01 8.3905295610228e-04
308 1.7600204809769e+02 1.6649912043822e+04 8.3502160257621e+01 1.1601192163845e-03
309 -7.5772357392779e+02 2.1063048870615e+04 1.1827469707065e+02 1.8346913632190e-03
310 -8.3184801653598e+02 2.2689398347375e+04 9.2625987310827e+01 1.8720545460884e-03
311 -1.2703397187799e+03 1.8383757488199e+04 1.1383308197709e+02 2.1575299214584e-03
312 -9.5635340611409e+02 2.0989248191228e+04 6.1397847417924e+01 1.5635910216692e-03
313 -9.0470800291585e+02 2.0481227420262e+04 8.0687058415126e+01 1.6122296208780e-03
314 -1.2494733866300e+03 2.0721719182968e+04 1.0334497483802e+02 1.3152687108645e-03
315 -9.3573551615550e+02 2.1046826040669e+04 9.0514542179418e+01 2.0259593604042e-03
316 -1.0633481099723e+03 1.6684761625006e+04 -8.5475734167477e+01 3.1870107725779e-03
317 -4.7457940341410e+02 1.5414604880740e+04 8.9884993752344e+01 2.2164948926295e-03
318 -4.8320838076886e+02 1.3374951491193e+04 9.6322664297571e+01 2.8114423872591e-03
319 -6.8188777007068e+01 1.4703376096048e+04 6.7028061068965e+01 1.8697529945990e-03
320 6.5088346490106e+02 1.8688266346129e+04 9.0406564901690e+01 5.4911673348606e-04
321 -5.0389638466247e+02 2.1589399564343e+04 9.0175018440119e+01 1.0127981003840e-03
322 -1.3688541060896e+03 1.8263600646477e+04 1.0492905584822e+02 3.3682249783209e-03
323 -8.5347362892422e+02 1.6373481885086e+04 1.2366555921013e+02 2.5065379953613e-03
324 -9.4203597101608e+02 1.5311098062546e+04 9.4552534573354e+01 3.0770235401598e-03
325 -1.0969657302411e+03 1.8797067588807e+04 8.9394576209643e+01 3.0519786972108e-03
326 -3.7052016142133e+02 1.7868886972145e+04 8.5071014661134e+01 1.6737369453135e-03
327 5.7431704149475e-01 1.7680898321258e+04 8.6889840376096e+01 1.2274460373731e-03
328 -2.5460928217388e+02 1.7609394400234e+04 9.5424873589719e+01 1.2005880728164e-03
329 -3.7255453019638e+01 1.8420966214018e+04 8.9207287339673e+01 1.0525185067051e-03
330 3.6970305561784e+01 2.2763340560813e+04 8.0853311478818e+01 6.1499791738604e-04
331 -3.3840316229606e+02 1.5430513231555e+04 7.9810996688928e+01 2.0367505520099e-03
332 5.7037731706988e+02 2.1000208443172e+04 9.1171625963302e+01 4.7977702463985e-04
333 -9.2652269407316e+02 1.9832821864587e+04 8.8637550859082e+01 2.5503616300683e-03
334 -1.0809268132488e+03 1.9667572892346e+04 8.7864542916049e+01 4.6106904501759e-03
335 -2.9016532584276e+02 1.8170474306420e+04 8.0312254700555e+01 1.6713588986903e-03
336 -5.2274466674180e+02 2.1707277990326e+04 7.9840461527104e+01 1.4912778900227e-03
337 -2.7807927251387e+02 1.7933505343070e+04 -8.6829654333219e+01 1.6795972584445e-03
338 -6.4806406128912e+02 2.0774441963854e+04 9.1170592367396e+01 1.8734036499373e-03
339 -8.7959792117719e+02 1.8605300403597e+04 -1.4704364588332e+02 2.6489705501600e-03
340 2.4983062510580e+02 1.8750804995731e+04 -8.3165663000033e+01 6.6948280337032e-04
341 3.9664204426916e+02 1.3093990819357e+04 8.5872349784533e+01 6.6604594103615e-04
342 1.7996742659546e+02 1.3547672302927e+04 9.2831940539161e+01 4.8872699077914e-04
343 -4.2407850702555e+02 2.1327025430521e+04 -1.3233695147734e+02 1.2928980026337e-03
344 6.7679243064618e+01 2.0142158750996e+04 9.2151178813803e+01 8.2651927365830e-04
345 1.4364553379776e+02 1.8603504635940e+04 8.7172787969722e+01 7.5248766146622e-04
346 -6.5035778525980e+02 2.0253814909963e+04 4.2988479836888e+01 1.6798929818084e-03
347 -6.3131297836638e+02 2.0093872271943e+04 8.7738480278445e+01 6.2967205878496e-04
348 -1.0664030489375e+03 1.9249367536421e+04 -1.0546467389453e+02 1.6130756902174e-03
349 -5.6418288257426e+02 1.8067349885720e+04 -1.0788467321598e+02 7.4930356944823e-04
350 -2.8125173616219e+02 1.7199789846626e+04 8.3833169305794e+01 1.6521418936440e-03
351 -1.1394746525506e+02 1.6535157021219e+04 8.2002341242020e+01 1.4428455225405e-03
352 -4.8484720252610e+02 1.5091757466161e+04 8.2574485968686e+01 2.1109479420661e-03
353 -4.5001956608996e+02 1.6933516003303e+04 8.5992946338391e+01 2.0320047935224e-03
354 -1.5081470153797e+02 1.5660954320627e+04 8.8196822832068e+01 2.3623680132270e-03
355 -1.6457818197592e+02 1.4741033296775e+04 9.2098467878070e+01 3.5632303443735e-03
356 -5.7413912489223e+02 1.6214917689440e+04 8.3249833844951e+01 2.5697066970803e-03
357 -3.0656236527490e+02 1.7033971973005e+04 8.5410985760071e+01 1.4648001621778e-03
358 -1.2488119199539e+02 1.5540707838541e+04 8.4944973561369e+01 1.8242976621350e-03
359 -7.5509229513327e+02 1.8298608819081e+04 9.6179602897706e+01 2.5279411563496e-03
360 -6.7301793208239e+02 1.6179804359315e+04 -8.7251969678840e+01 2.7679654904214e-03
361 -5.7438547365265e+02 1.9333390140408e+04 7.7902875365171e+01 1.9625822896175e-03
362 -6.5773224468210e+02 1.7732873299497e+04 8.9633175521158e+01 2.2367560329041e-03
363 -3.0562860645673e+02 1.8084680680988e+04 9.0634631406590e+01 1.5800819209007e-03
364 -1.1474756804267e+03 1.7142958947085e+04 1.0231406079169e+02 2.4864481421192e-03
365 -5.3813007836023e+02 1.5259528081871e+04 8.9377655874120e+01 2.6296057660413e-03
366 2.4138315828419e+02 1.0214533433968e+04 -7.9546821265080e+01 1.8856366877308e-03
367 2.3977043161458e+01 1.2485075934341e+04 9.5758936270944e+01 6.3350511931130e-04
368 2.9121745568164e+02 2.0436269083501e+04 9.2804049193877e+01 5.7668749414339e-04
369 1.0987180069331e+02 1.7767001326846e+04 9.2738391217822e+01 4.4350769314856e-03
370 4.7410760955223e+02 1.9514316056105e+04 8.2285333011574e+01 5.4161131547659e-04
371 1.2666774028844e+02 1.5169540337500e+04 6.0274252920525e+01 1.3991950987014e-03
372 -6.9728424562744e+01 1.9930972168031e+04 8.7333321602826e+01 3.9933456857606e-03
373 -4.9184066917993e+02 1.9099291786727e+04 1.3276190013547e+02 1.2588786896568e-03
374 -7.7329588437972e+02 2.0282777718778e+04 8.2024734492113e+01 2.2035983256981e-03
375 -8.2983962923795e+02 1.9662980654285e+04 8.6794252579568e+01 2.4204408259078e-03
376 -7.0735338593625e+02 1.6550099270295e+04 1.3494337991775e+02 2.7145157683472e-03
377 -7.9445887532047e+02 1.7766563244317e+04 9.8335262456472e+01 2.6822722283073e-03
378 -4.4929098191924e+02 1.6882452686051e+04 8.1120598362821e+01 2.1135972182204e-03
379 -8.3998615925221e+02 1.6949464057453e+04 8.4698115715903e+01 2.0053354108849e-03
380 -1.3346687768275e+03 1.5468461487068e+04 -9.7349821622599e+01 3.0749713723208e-03
381 -1.2241540501657e+03 1.5639021589832e+04 -1.0449891876924e+02 3.1082857191665e-03
382 -4.2853568891527e+02 1.3781126853908e+04 8.7700358249941e+01 4.8879380654567e-03
383 4.3647993937476e+02 1.3758148261357e+04 8.7868823193876e+01 7.1684783309327e-04
384 4.1707534696760e+02 1.6192821969234e+04 9.1140172563707e+01 8.3470375494176e-04
385 4.7673749979353e+02 1.4638077724821e+04 8.2633953983325e+01 1.0193331616280e-03
386 -7.9324951848527e+01 1.4699925489299e+04 9.5129284226042e+01 1.7696298750334e-03
387 -2.5850820731422e+02 1.4726392938951e+04 9.6836561730441e+01 2.1087706396006e-03
388 1.1752470010878e+02 1.5190616589235e+04 8.7426676027979e+01 4.4564997523038e-03
389 2.3246760284219e+02 1.5370154706765e+04 -9.1053036289690e+01 1.0482273193179e-03
390 5.4158914985151e+02 8.7908310197363e+03 1.1319931650340e+02 1.5658433848310e-03
391 5.7625821541484e+02 8.8045478483090e+03 8.7882614959782e+01 1.4626878787430e-03
392 5.8432839206811e+02 9.1959051687453e+03 -1.2674205648201e+01 1.1882943259508e-03
393 8.3609651696673e+02 1.3719792027602e+04 -9.8431394597236e+01 7.2183280143785e-04
394 -7.8124471873189e+02 1.6063284553584e+04 -6.4780234399801e+01 2.5166148200866e-03
395 -5.0236831539035e+02 2.0024340391222e+04 8.7615061205257e+01 1.3300110904668e-03
396 -6.5329210200770e+02 1.8280755519565e+04 6.0122694371778e+01 2.3332553804951e-03
397 -9.4094575912777e+02 1.8364331164626e+04 9.8925667294519e+01 2.2397172275807e-03
398 -3.4817632144966e+02 1.6216263192715e+04 8.8293742078694e+01 2.3663594933869e-03
399 -6.3086872112736e+02 1.5855999444374e+04 -8.2168571594415e+01 2.1765227274628e-03
400 -2.9947346881794e+02 2.1220146687707e+04 8.9503778540285e+01 1.2227281772170e-03
401 -1.3057749299271e+02 2.2547199952399e+04 8.8999771885673e+01 8.2601841926307e-04
402 2.0744731538246e+02 1.2765732589969e+04 8.4944883046932e+01 1.3184893701359e-03
403 -6.6564144050570e+02 1.8341710830220e+04 9.9227268524938e+01 1.5767459317412e-03
404 -7.4764247823675e+02 1.7972179245354e+04 9.0273747070462e+01 2.0690940560376e-03
405 -2.9701485978342e+02 1.6985798271646e+04 1.0013047531590e+02 1.6367432984526e-03
406 -4.0940613111890e+02 1.9001080370499e+04 9.0363959084239e+01 1.6831784269702e-03
407 -8.1965054324591e+02 1.5617269832873e+04 -7.5121121862769e+01 3.0477087036249e-03
408 -5.4755787064327e+02 1.4922030279596e+04 2.4547853965188e+01 2.3822675805798e-03
409 -6.1715726493461e+02 1.5847204604800e+04 8.7799409398051e+01 2.5721208253298e-03
410 2.2686594664183e+02 1.8911870296484e+04 7.9707401885116e+01 8.2546097396537e-04
411 -7.1759994945711e+02 2.4185524334215e+04 8.3240754044915e+01 1.3297918668957e-03
412 -5.1987575691190e+02 2.4225776790960e+04 8.9822116268576e+01 1.1211882719462e-03
413 -7.9145189458965e+02 2.5555742763580e+04 8.8505566167174e+01 1.2160704025297e-03
414 -1.8204503057795e+03 2.4717291873898e+04 8.7274087528715e+01 6.4878983898087e-03
415 -1.0049163500631e+03 2.2960643504082e+04 9.2462480766548e+01 4.1164758218171e-03
416 -8.1066027549899e+02 2.2092680310469e+04 -8.7753854341825e+01 1.8850332729113e-03
417 -1.1677631272104e+03 2.1548279498133e+04 8.8760354690463e+01 1.4227711219844e-03
418 -8.8388058608576e+02 2.1566479153688e+04 1.3262953334605e+00 1.8973755622742e-03
419 -6.6599410767194e+02 1.9850574321379e+04 3.8420997431748e+01 2.0453516672220e-03
420 -6.6787474905328e+02 1.9812219907622e+04 1.0190374748832e+02 1.7641580976731e-03
421 5.2328752722476e+02 1.5164030663233e+04 -2.4713735683832e+01 8.6785344490314e-04
422 4.1644591314916e+02 1.5900577950318e+04 7.5989267551434e+01 9.4063658455005e-04
423 1.1211768750249e+02 1.7245120600134e+04 8.8361666131737e+01 1.0271322592778e-03
424 5.2129929230692e+02 1.2460523447979e+04 8.9543559312862e+01 1.2250208313382e-03
425 -3.0636609350974e+02 1.8701776912745e+04 7.2588565569713e+01 1.3120460670290e-03
426 -4.6904625193347e+02 1.7705100481742e+04 9.6788998764645e+01 2.0607279588675e-03
427 -6.3625875641296e+02 1.8270309217896e+04 9.5495283491901e+01 1.3691416241976e-03
428 -5.6104202771193e+02 1.8590492618820e+04 9.4536555377210e+01 1.0953031186863e-03
429 1.1003884942879e+02 1.5965744880975e+04 8.5068774218782e+01 1.3030684977992e-03
430 -3.1972715942879e+02 1.4866453743619e+04 7.6224122516141e+01 2.3270977272303e-03
431 1.4530508236440e+03 1.5871422722543e+04 6.9832812228809e+01 3.8105207747277e-04
432 3.7537031988439e+02 1.5644862988608e+04 8.5597819110746e+01 1.3023946521714e-03
433 2.1288790495368e+02 1.3904280029128e+04 9.5509301550632e+01 1.3214748805495e-03
434 -3.8801308352970e+01 1.3721490520731e+04 8.6273671698834e+01 3.9134687229913e-03
435 5.1022167833741e+02 1.7851919107147e+04 -3.8580727834455e+01 6.8746911310315e-04
436 -6.8476801803876e+02 2.1911868073841e+04 -6.0380237985655e+01 1.7201850703475e-03
437 -3.1246175353317e+02 2.1280498150974e+04 9.0903259768564e+01 1.2716535191915e-03
438 -2.7405300378552e+02 2.0844849851513e+04 2.8211511149824e+01 1.2299802692492e-03
439 -1.5401730896939e+02 2.0851173841137e+04 2.0279213193023e+01 1.0639257589934e-03
440 -5.8081891582722e+02 1.9283114520920e+04 9.3359801792021e+01 1.8185545024403e-03
441 -6.9211301616618e+02 1.6221191590703e+04 8.9766170437653e+01 2.6681373754045e-03
442 -8.9433796068791e+02 1.4629946012559e+04 8.5627782494784e+01 3.2540884965095e-03
443 -9.9077806341830e+02 1.5176271857795e+04 8.0820526211345e+01 2.6792798995199e-03
444 3.8345948960976e+02 1.7341664615612e+04 9.9229205002150e+01 8.3827168598583e-04
445 -3.7350181656350e+02 1.4263843110266e+04 8.1225678721471e+01 2.0860226209426e-03
446 -2.0980062931407e+02 1.1025911244097e+04 8.5865979650531e+01 2.9418414245459e-03
447 1.0958198439823e+02 1.4638648760666e+04 8.8423471009674e+01 1.5379727341800e-03
448 2.6921195610617e+02 1.4538969585831e+04 8.7272415665757e+01 4.6425658552263e-03
449 4.8185215866442e+01 1.3461010689951e+04 -9.6747057595461e+01 1.8729830962680e-03
450 -2.1081281955820e+02 1.2227861691091e+04 7.6833795999431e+01 2.5690229585730e-03
451 -1.2090116692014e+02 1.2822201765276e+04 8.0699667451332e+01 2.2747172015888e-03
452 -4.8855660038839e+02 1.3525962459475e+04 -1.2200566418118e+02 2.5215955153455e-03
453 6.5884442796530e+02 1.1612808247898e+04 9.4744031744257e+01 1.3275742675163e-03
454 5.9772042887554e+02 1.6643300741777e+04 1.0445477534492e+02 6.3045760795849e-04
455 -4.8526002980290e+02 2.0067713500942e+04 9.3937684829648e+01 3.1873348377117e-03
456 -3.6508208337753e+02 1.9698519852287e+04 9.3691200204549e+01 1.4093813820974e-03
457 -6.7320514769412e+02 1.9092913958934e+04 9.0867887395642e+01 2.2434710771698e-03
458 4.0062492050523e+02 1.7634507858979e+04 8.1398935515848e+01 7.9588447378214e-04
459 -7.7101656775627e+02 2.4523841197022e+04 -1.1046638443367e+02 8.0504132774171e-04
460 -4.0357124237335e+02 2.1088507120744e+04 5.9383525564938e+01 1.0994713040366e-03
461 -1.0639703885367e+03 2.0164206387997e+04 1.0658968176288e+02 2.1553216871237e-03
462 -4.4456072678651e+02 1.9062571729126e+04 8.1990399509455e+01 1.7677697960484e-03
463 -4.2147484581239e+02 1.9057426658431e+04 5.9595265786218e+01 1.6427371025908e-03
464 -9.1446361373243e+02 2.3440123527633e+04 8.9365753106186e+01 1.9093140489407e-03
465 -1.0677113280558e+03 2.3434431051675e+04 1.3540940323793e+02 2.1122338946749e-03
466 -5.8408541425897e+02 1.9046956398294e+04 9.3054160145253e+01 1.6926562628586e-03
467 -7.8322135103057e+02 1.8188984875114e+04 7.3407338468937e+01 1.6473023112064e-03
468 -1.2061127218635e+03 2.0788093109100e+04 -1.0114958656162e+02 1.6006603982325e-03
469 -1.1790768075887e+03 2.0680765801928e+04 -8.6657393669329e+01 1.6975214412900e-03
470 -1.0415517032229e+03 1.5075098072927e+04 -8.4630828319721e+01 2.6745562591089e-03
471 -1.1096551470379e+03 1.8633682351547e+04 6.9400933630614e+01 2.3546025170011e-03
472 -8.5970841129742e+02 1.8442390443243e+04 9.1236005578043e+01 1.8987436482444e-03
473 -4.6293044486721e+02 1.8420896598964e+04 9.1207166048559e+01 1.5591449176966e-03
474 -8.3230899631512e+02 1.8712499168314e+04 7.2432133540795e+01 2.2310286919239e-03
475 -3.6063641403791e+02 1.8521740444538e+04 -6.6347127950973e+01 1.7380601729889e-03
476 7.1267827028989e+01 1.5705503084844e+04 1.2152433922165e+02 1.0205613923028e-03
477 -1.4701356177384e+03 1.5387718017620e+04 9.1449703022413e+01 2.9872010229605e-03
478 -1.6290580385997e+03 1.6759872842055e+04 8.8393921105130e+01 3.3155127368224e-03
479 -1.5972120547334e+03 1.4924285790470e+04 8.3518035536826e+01 2.7004363600976e-03
480 -1.7536198014856e+03 1.8557141171417e+04 9.7193542027829e+01 3.1807585963122e-03
481 -1.3701507684843e+03 1.7630528708156e+04 1.7569828632277e+00 3.2431975398982e-03
482 -1.5157282837565e+03 1.9898224461430e+04 9.4657916463561e+01 3.1725707490451e-03
483 -1.7240871659588e+03 1.4860595021736e+04 9.9961800080851e+01 3.2526329893037e-03
484 -1.2423695985680e+03 1.5470870469555e+04 8.8003613312601e+01 3.4984190816074e-03
485 -9.4249241281601e+02 1.3041554695270e+04 -6.7914001661067e+01 2.5922113179698e-03
486 -1.1226817360423e+03 1.3924711192591e+04 8.1725591695309e+01 1.5708139546267e-03
487 -6.4414458092946e+02 1.5141751624671e+04 9.3077904069401e+01 6.4711371703623e-03
488 -5.8550625003495e+02 1.4963887442811e+04 8.8890345375617e+01 2.9204035102713e-03
489 -1.7445031241930e+00 1.5551840906032e+04 9.9265799896298e+01 1.5168143050684e-03
490 1.6067558430100e+02 1.5858680939853e+04 9.2688898139390e+01 1.2709651290440e-03
491 -1.6362347389218e+02 1.4286871319598e+04 8.7871001708104e+01 1.9695573573621e-03
492 1.9224986261493e+02 1.4854287213701e+04 -1.5353546568183e+02 6.4478485310621e-04
493 1.7969563467220e+01 1.5801700411917e+04 8.8041332470360e+01 1.0224188574412e-03
494 2.5438159329644e+01 1.7328818203233e+04 1.0100589513557e+02 8.6298548508895e-04
495 5.3285697042394e+02 1.7350395390217e+04 7.9303039312909e+01 6.5688332220990e-04
496 -3.9905201181539e+02 1.5351925791515e+04 9.3549457444812e+01 1.6830750025470e-03
497 -8.6570145645859e+02 1.3158464202568e+04 -2.8132533356673e+01 2.3562026358968e-03
498 -6.7417006386240e+02 1.6279788728664e+04 7.6618241246963e+01 1.6670024254199e-03
499 1.1097641484759e+02 1.6393365165160e+04 1.0058720485752e+02 1.0355326363260e-03
