0 4.4271552667854e+04 3.3673930904909e+04 3.3004790470425e+00 1.9644670090399e-03
1 4.4083062538617e+04 3.3870689004171e+04 1.0646316219129e+01 1.9193289655267e-03
2 4.9946683567789e+04 3.3095552736579e+04 -4.8356034091824e+00 1.0961009763287e-03
3 4.6591237210418e+04 3.3453844849478e+04 -9.3889831675170e+00 1.3484513076051e-03
4 4.8112954467060e+04 3.3430345268935e+04 -3.0211505712097e+00 4.0582619733744e-03
5 4.5052007905659e+04 3.4394340689274e+04 5.1568181014818e+01 2.4032066207613e-03
6 4.7143479245244e+04 3.4261997416376e+04 1.8707286320596e+01 3.3441314334603e-03
7 4.6208552931516e+04 3.3875592551109e+04 6.2652934398742e+01 1.9965541838787e-03
8 4.3523511734076e+04 3.3746224591729e+04 -1.7167930519993e+02 3.5787009476536e-03
9 4.9063108950461e+04 3.4502541053419e+04 -1.8859137642816e+00 3.5436107698756e-03
10 4.7195534634411e+04 3.4061459595197e+04 -1.2428294579886e+00 2.9618923119662e-03
11 5.1854265736894e+04 3.3743316130205e+04 -5.2566739536152e+00 3.0700812957163e-03
12 4.4631323270067e+04 3.5113413464381e+04 1.4342356894289e+02 5.8077256466617e-04
13 5.2817176592751e+04 3.3785650547401e+04 -4.6479608290251e-01 3.4547816235297e-04
14 4.9891804932978e+04 3.3896086296190e+04 -2.9866330717984e+01 3.0338125523581e-03
15 4.9567175874609e+04 3.4064568676910e+04 2.0232428930914e-01 3.4790616019669e-03
16 4.5294407723126e+04 3.3405667541244e+04 -1.7121333855965e+02 2.8561543483267e-03
17 4.9247251711261e+04 3.3174966021279e+04 -3.0050764474118e+00 4.9771009591686e-04
18 4.8312258901113e+04 3.3314778035805e+04 -1.0921968849194e+01 2.5624850593684e-03
19 4.8331197072580e+04 3.3281382953255e+04 3.2021900706372e+00 2.6421638524736e-03
20 4.6243913771149e+04 3.3432544395026e+04 -4.2543934589252e+00 3.0761468443538e-03
21 4.5087733504797e+04 3.3789035135543e+04 1.8230422111757e-01 2.8742593624292e-03
22 4.7608232695215e+04 3.3029986227894e+04 -6.6512359992374e+00 7.6554624283088e-04
23 4.7219386877821e+04 3.3739529039054e+04 1.0221078578545e+01 2.7102840743886e-03
24 4.7892997251273e+04 3.2088673524528e+04 -1.4942041447688e+02 5.7104033482410e-04
25 4.5067363250260e+04 3.3717787080790e+04 3.8438522657500e+00 2.1229056373442e-03
26 4.6774945440632e+04 3.4166700890666e+04 5.2975943041656e+00 3.5910582997926e-03
27 4.7863350350588e+04 3.3604458229253e+04 -8.0280284610560e-01 3.2350159178699e-03
28 4.5340747810374e+04 3.4803721550134e+04 8.0460071138401e-01 2.8022955229295e-03
29 4.7342469967896e+04 3.3579942146869e+04 1.6555435269974e+00 3.1986652624972e-03
30 4.9100673523660e+04 3.3522053344747e+04 -4.5037215244608e+00 1.4813614500107e-03
31 4.8442900266676e+04 3.3543711462809e+04 1.7791704793109e+02 1.0877046819559e-03
32 4.9103429823915e+04 3.3858094107370e+04 9.3967143907921e+00 3.4338442787020e-03
33 4.6016817799776e+04 3.3440971727244e+04 -3.8713834202800e+00 3.1647910021385e-03
34 4.3170337785537e+04 3.3123927606672e+04 -3.9153125725037e+01 4.3922702275195e-04
35 4.2755991410862e+04 3.3297144862566e+04 1.4289923096619e+02 1.8720493374825e-03
36 4.7136440277915e+04 3.3327775355797e+04 -5.9732768292202e+00 5.1001238578735e-04
37 4.6433555153174e+04 3.3874305313788e+04 -5.7351929081600e+00 3.2270101936486e-03
38 4.6149284311453e+04 3.3860434582937e+04 -1.7749869277048e+02 2.2939672215013e-03
39 4.5032839450113e+04 3.3550041650486e+04 -1.7255667370861e+02 6.3663672041217e-04
40 4.4726784340015e+04 3.3402699042219e+04 2.0994554409981e+01 3.2276724474679e-03
41 4.5596579269488e+04 3.3292195735045e+04 1.8108036085329e+00 1.4465807489403e-03
42 4.5953505319197e+04 3.3203070549630e+04 5.1811602792100e+00 1.4064152256661e-03
43 4.8555458161114e+04 3.3440993985110e+04 2.3184731172792e+00 2.5412593415080e-03
44 4.6286690624237e+04 3.3415176299835e+04 -2.1163939807135e+00 6.4827042611997e-03
45 4.5076236572539e+04 3.3951152369474e+04 -1.7495998474089e+02 4.0156220532766e-04
46 5.1802104102641e+04 3.2282845109003e+04 -8.2679532601695e+00 7.1708286031608e-04
47 4.9793314468069e+04 3.3412639092161e+04 -6.2958568899144e+00 2.0549336205663e-03
48 5.0259471941203e+04 3.3182505343571e+04 -1.6493205930034e+02 2.2124007485426e-03
49 5.7864101905514e+04 3.3502649290088e+04 -1.7736232018177e+02 2.8714480057520e-03
50 6.3049896145505e+04 3.2970557986121e+04 1.8068232295377e+00 5.7957315832306e-04
51 5.4922106478026e+04 3.3601861667483e+04 -8.5621178512232e+00 2.4582911925296e-03
52 4.6852280750671e+04 3.3061919381390e+04 -1.7117159109272e+02 3.8871786682383e-04
53 5.2554890337798e+04 3.3274490747650e+04 -5.6140448746375e-02 1.1324899091077e-03
54 5.0279677383660e+04 3.2604815834235e+04 -1.1316631416381e+01 1.1944659427522e-03
55 5.4662943556427e+04 3.3354006001381e+04 -4.1549378919499e+00 1.5713408825768e-03
56 5.3287262971548e+04 3.3224530031215e+04 -3.4568482435331e+00 1.6187094631642e-03
57 5.4724284457904e+04 3.3391844656268e+04 -2.1327090733557e+00 1.7857636669212e-03
58 5.0207997331678e+04 3.3761742820466e+04 1.7216152348577e+02 2.2966458795938e-03
59 4.9864871187138e+04 3.3529355971525e+04 1.7404524773405e+02 2.6645326329752e-03
60 4.9808220774912e+04 3.3106362310608e+04 -6.5727307456147e+00 8.9961778513932e-04
61 5.4274958875887e+04 3.3463419585010e+04 1.7777365456901e+00 2.2725181682182e-03
62 5.4779268343093e+04 3.3057543277131e+04 -2.8195087285814e+00 2.7499440791889e-03
63 5.1815508662071e+04 3.3322193898267e+04 -1.7537664322471e+02 1.0569026138592e-03
64 5.3934574590100e+04 3.3705688221060e+04 5.1412950334686e+00 2.1541433004096e-03
65 5.7410838042309e+04 3.2845322123429e+04 -3.9167849500646e+00 7.9248433479090e-04
66 5.5020356436520e+04 3.2999601430962e+04 -6.9366012708403e+01 1.3548502438909e-03
67 5.5584967315483e+04 3.3829906622920e+04 -4.7707598218978e+00 2.5492786333785e-03
68 5.5716621478830e+04 3.4988094435201e+04 2.8518608144387e+01 2.7605199387742e-03
69 5.6039792235043e+04 3.4570822492202e+04 -1.7239926477743e+01 1.5086221776070e-03
70 5.5482333830409e+04 3.5035920877983e+04 4.7269675360819e+00 2.9460557839378e-03
71 5.4890482156301e+04 3.5059511365373e+04 -1.2032112797449e+00 3.0120535690530e-03
72 5.1693666857332e+04 3.3892380932318e+04 4.4976746484850e+01 3.2983624965261e-03
73 4.9525145810360e+04 3.4579199358410e+04 -2.4734362398873e+00 1.5041693663344e-03
74 5.0168357008740e+04 3.3894927392899e+04 -6.2363235296681e+00 3.3907840981746e-04
75 5.6253954169049e+04 3.4205292757888e+04 -1.5795432024385e+00 2.4521875957839e-03
76 5.2787528465712e+04 3.3690028042075e+04 -5.6102925684976e-01 1.6350206480233e-03
77 5.1914137434986e+04 3.3253126238053e+04 -1.4881467409070e+02 1.0679599907275e-03
78 4.8281974585884e+04 3.2739325277804e+04 1.5927703554631e+02 1.0287067804674e-03
79 5.0639327843910e+04 3.2926067599447e+04 2.2563971677140e+00 3.3181441844239e-04
80 5.4278919402008e+04 3.3725623997109e+04 1.7807575912080e+02 2.1078433587444e-03
81 5.8013643111520e+04 3.3467668254287e+04 -1.9764731041998e+00 9.6660819760783e-04
82 5.4770030892734e+04 3.4281393732505e+04 -4.4751284705999e+00 2.8588219785735e-03
83 5.7110214377354e+04 3.2971444674631e+04 -1.6733867235890e+02 1.1150115186170e-03
84 5.5541917540507e+04 3.3661186840322e+04 4.8321972279108e+00 1.7515904890512e-03
85 5.7303386577447e+04 3.4776532870336e+04 4.1134937928653e+00 3.4803145391495e-03
86 6.0159673987305e+04 3.4551666189328e+04 -1.0240145446454e+00 3.3009823228886e-03
87 5.1732749534939e+04 3.2718129411228e+04 3.0512096265878e-01 1.0153072801030e-03
88 4.8997624915371e+04 3.4992301307315e+04 7.5731864033499e+01 1.3030276717139e-03
89 4.8182872874890e+04 3.4426299568826e+04 2.5984676390564e+01 9.1886994788800e-04
90 4.6378984110288e+04 3.4298962150206e+04 1.6489597026571e+02 3.8312634451693e-04
91 5.3862641597337e+04 3.3499970552517e+04 2.5415873380531e+00 2.0658778069488e-03
92 5.1386355726416e+04 3.4413765932800e+04 -1.8922415332974e+00 6.6366389362532e-03
93 5.1465338374316e+04 3.4854665963280e+04 -3.4187419491835e-01 3.1080722358047e-03
94 4.8788542999795e+04 3.4803207648606e+04 1.7757643653405e+02 2.0176088722405e-03
95 4.9058745473362e+04 3.4452559580284e+04 6.9214018718882e+01 1.7065848784585e-03
96 4.8323345994237e+04 3.4537648750783e+04 6.3735118469354e+01 1.5268505575258e-03
97 4.8434518003241e+04 3.4603421745258e+04 1.6456938101964e+02 3.1483308879515e-03
98 4.7822588946739e+04 3.4467737577704e+04 2.5249989489070e+00 6.3738577265337e-04
99 5.5326741460914e+04 3.3408241408544e+04 -5.9565543121809e+00 1.3919496742759e-03
100 5.2453069842249e+04 3.3170358629823e+04 -1.7629192419528e+02 9.1795761007307e-04
101 5.8884072331063e+04 3.3708617330571e+04 -3.3519762306624e+00 2.2101134533137e-03
102 5.0449042844146e+04 3.4041077207738e+04 1.7396850325511e+02 3.7059188088572e-04
103 5.2181711479627e+04 3.3858876284239e+04 1.7567954568537e+02 1.9274031851409e-03
104 5.3461754952708e+04 3.3817915356410e+04 5.5234519644666e+00 5.9378824037289e-04
105 5.2312356975012e+04 3.4151349299400e+04 2.5591830165444e+00 2.2225237868816e-03
106 5.1497033039314e+04 3.4406201833121e+04 -3.0132563145406e+00 4.7828435453682e-03
107 5.2371302856429e+04 3.3813261365737e+04 -5.4425806384643e+00 2.0858139750586e-03
108 5.1760326818971e+04 3.3500253545154e+04 -1.7630394579900e+02 9.2751567895573e-04
109 5.4163012548379e+04 3.4043654406215e+04 -1.4453812622930e+00 2.5660408478785e-03
110 5.5685392756103e+04 3.4721723622424e+04 2.8471664636828e+00 8.9374991303681e-04
111 5.7800992531113e+04 3.3909463861813e+04 1.6493509728845e+02 1.6706260512803e-03
112 6.0878270899579e+04 3.3569731491478e+04 3.4703649451206e+00 3.2200353343354e-03
113 5.4551921096662e+04 3.4416545933219e+04 1.7683658275223e+02 3.5870518043796e-04
114 5.9644573905715e+04 3.4157508036299e+04 -1.7561275674734e+02 2.9077848946689e-03
115 5.9985482030176e+04 3.4113241451773e+04 1.1030259225349e+01 3.1610319502100e-03
116 6.0937364876149e+04 3.4039137859382e+04 -3.0822584701019e+00 4.4233725355576e-03
117 6.0306769561062e+04 3.4012141197514e+04 -1.7223579368339e+02 3.0394279353804e-03
118 6.1148955493235e+04 3.3869101768615e+04 -4.1712572715980e+00 2.5028460787483e-03
119 6.1359790100600e+04 3.3803898548060e+04 -8.4641556236114e-01 2.9033736873754e-03
120 5.7123131672854e+04 3.4073134648331e+04 5.4403671213047e+01 3.0714618183301e-03
121 5.0610625654876e+04 3.3745013577269e+04 -1.7319260220961e+02 1.9085930396693e-03
122 5.4289159421135e+04 3.4036982270807e+04 9.0825170740491e-01 2.3458803824632e-03
123 5.4687941375519e+04 3.4159751923088e+04 -1.0048573026470e+00 1.7509921733315e-03
124 5.1398102720798e+04 3.3489182853459e+04 6.3691138257300e+00 1.0812891640654e-03
125 5.3024491178373e+04 3.4047975928949e+04 -2.9524728462471e+00 2.9209293550832e-03
126 5.4143712277267e+04 3.4072348833799e+04 -8.4793205945705e-01 4.1393564793097e-03
127 5.5169265142512e+04 3.3802786952149e+04 5.2863349089084e+00 2.8264827388717e-03
128 5.2716498576827e+04 3.2528988645125e+04 -1.7305646453078e+02 5.7116415501991e-04
129 5.2607426157235e+04 3.3422807448536e+04 -9.0191636267729e+01 2.0434765956424e-03
130 5.5495046192511e+04 3.3801388312691e+04 -6.1530920889185e-02 2.8446147167133e-03
131 5.3797719091814e+04 3.3712093821224e+04 -1.1357312724959e+00 2.1703775922674e-03
132 5.3013782452993e+04 3.4508496224628e+04 -6.9034233892438e+00 3.5590595496046e-03
133 5.2676289884154e+04 3.3977891602037e+04 -7.1176221388560e+01 2.8431893630069e-03
134 5.3156975308167e+04 3.4258510385230e+04 3.3095034466839e-01 3.5708371807416e-03
135 5.2136159208704e+04 3.4329041127639e+04 2.6397772535710e+00 1.2191719036456e-03
136 5.7689510932340e+04 3.3655626482635e+04 -2.0820784081164e-01 2.3168039694252e-03
137 5.4489703974539e+04 3.3839811023218e+04 1.7657120064926e+02 3.3314535514724e-04
138 5.2259667517875e+04 3.3624202542697e+04 -1.6201475354930e+00 4.6120109879797e-03
139 5.4325492054924e+04 3.3979748999780e+04 7.3988787583531e-01 2.3077465374812e-03
140 5.0592077061915e+04 3.3743717406133e+04 -1.7250637261283e+02 8.5603600302705e-04
141 5.6818734003524e+04 3.3368284782695e+04 -1.4883588190542e+02 1.6961771281119e-03
142 5.0490131019453e+04 3.3232081817488e+04 -4.1088102306309e+00 1.8465392785175e-03
143 5.8492598524695e+04 3.4564689142378e+04 -6.5732902300863e-01 2.2915557654590e-03
144 5.9214732233753e+04 3.4411885282487e+04 -9.1110597897773e+00 3.2121115463998e-03
145 5.6101667179064e+04 3.4390629085012e+04 1.4279686150857e+02 1.1273001553581e-03
146 5.4143733234491e+04 3.4395109814364e+04 1.7767985063912e+02 2.0989285790161e-03
147 5.7240568426651e+04 3.4585469178268e+04 -2.2844997753821e+01 3.5555653837760e-03
148 5.7273365919223e+04 3.3928397892183e+04 -2.4310273809694e+00 5.1075639481131e-03
149 5.5290449345099e+04 3.4119829572501e+04 -1.2296379092463e+02 2.9674643071744e-03
150 5.7900838007534e+04 3.4203072313435e+04 -7.9310215454162e+00 3.1270812717077e-03
151 5.5468400175954e+04 3.3635648450249e+04 -1.7706786632675e+02 2.4774911654895e-03
152 5.6099656540818e+04 3.3276477158233e+04 -3.1137246303804e+00 2.1855548554823e-03
153 5.9339975692097e+04 3.4284368850150e+04 2.0584679848656e+01 2.4762903545719e-03
154 5.6831730864142e+04 3.4393159407732e+04 -1.7070540718806e+02 2.0849837789273e-03
155 5.3128208362081e+04 3.4212372404463e+04 -1.7578967187982e+02 7.4899167345828e-04
156 6.1002549713389e+04 3.4003174101935e+04 -1.2936611209306e+02 9.3330073449725e-04
157 6.1703743589170e+04 3.4544376608299e+04 -3.6709904306256e-01 9.5324260602695e-04
158 6.1029701922145e+04 3.4276754506485e+04 -5.3807935096640e+00 2.3096407894930e-03
159 5.8885253997331e+04 3.4591417972205e+04 -3.6535915496947e-01 2.4963617492502e-03
160 5.8804299800336e+04 3.4742617984780e+04 1.3654942637041e+01 3.1595911476144e-03
161 5.9262284626801e+04 3.5246781047156e+04 1.7687504302531e+02 3.4779202393745e-03
162 5.3512475245389e+04 3.3603965334154e+04 -1.7147251626791e+02 3.3356511444230e-04
163 5.8787149682008e+04 3.3996605866043e+04 -2.8972548352222e+00 1.5141187407398e-03
164 5.3299501839644e+04 3.3779859997413e+04 -1.7437973109840e+02 3.6788715326787e-04
165 5.7481431773377e+04 3.3756240488929e+04 1.7501065994648e+02 1.7097046907451e-03
166 5.3568160512498e+04 3.4122611282710e+04 -1.1878219539063e+02 1.2064092723137e-03
167 5.8589214102875e+04 3.4270857384629e+04 -1.4776763424243e+00 1.3024098090473e-03
168 6.1684141967033e+04 3.3643563004247e+04 6.9166490586216e+00 1.7949523878957e-03
169 5.9221889039677e+04 3.3642518194530e+04 -1.7347706177636e+02 1.9726495311927e-03
170 6.0479908405889e+04 3.5323827137754e+04 1.7093831629418e+02 3.2646049835525e-04
171 6.1981178608254e+04 3.4869304365767e+04 -7.5003558101769e+00 1.4680216594577e-03
172 6.0051825575645e+04 3.4943393258512e+04 -2.9027207727087e+01 1.2746280109022e-03
173 6.3850548410508e+04 3.3998646945191e+04 -1.4027034740299e-01 3.4306517904082e-04
174 6.2174669386536e+04 3.3983064999285e+04 -4.4680916152171e-01 1.6677274573808e-03
175 6.3785479621452e+04 3.4408525529049e+04 -1.9082350789698e+00 3.2930214860021e-04
176 6.0942554778879e+04 3.3948182886281e+04 -1.2576300157068e+01 7.8058761193392e-04
177 6.0375008068666e+04 3.4324587778798e+04 7.8685303201453e-01 3.3389202508953e-03
178 6.5939524105926e+04 3.4304092957743e+04 -3.3098075755151e+00 9.7233561337852e-04
179 6.0961009522352e+04 3.4648561763549e+04 1.1522463551601e+02 2.3233472133973e-03
180 6.2661091442853e+04 3.3518644922824e+04 -3.0362753775941e+00 1.9476431054775e-03
181 6.0699017322461e+04 3.5272444718254e+04 8.6431733767197e+00 3.2646049835525e-04
182 5.8408714870110e+04 3.5023756633794e+04 1.7842775061748e+02 5.5860426883469e-04
183 6.3178670880756e+04 3.4346835654004e+04 -9.4878805928736e+00 3.9092683545875e-04
184 5.9633904593678e+04 3.4429071863093e+04 -4.2948081326938e+00 3.7496567801706e-04
185 5.6012374215362e+04 3.5205633213852e+04 5.5225682121124e+00 4.0587969536988e-04
186 5.7514218267064e+04 3.4908460507958e+04 4.0767011123528e+00 1.2580572479475e-03
187 6.1324521656491e+04 3.4305212024711e+04 -9.7791253795195e+00 2.0774259013623e-03
188 6.0710647411781e+04 3.4509518144854e+04 8.1592854592048e-01 3.5660439864867e-03
189 6.0764130910682e+04 3.4288897274385e+04 -3.4359815394476e+00 1.2799854742565e-03
190 6.1124526741247e+04 3.3703283980002e+04 -7.4186528915974e-01 3.9928916814282e-03
191 6.1105694178890e+04 3.3601871900441e+04 -1.7209986623473e+02 3.3294782422251e-03
192 6.5006177714560e+04 3.3658932521747e+04 -4.8214513682650e+00 3.2773795649194e-04
193 6.2416473154658e+04 3.3742643410627e+04 1.3240917666913e+01 4.4316996254091e-04
194 5.4293866449014e+04 3.4435976716085e+04 -1.7952336638106e+02 3.3071234354019e-04
195 6.2503027470670e+04 3.4911338926256e+04 -1.8405413592714e+00 5.7396635139038e-04
196 5.9777305790685e+04 3.4130144069835e+04 -5.5545305278246e+01 2.8113398518796e-03
197 5.9069716748794e+04 3.4380173785799e+04 -2.8563249533184e+00 8.1174489267175e-04
198 5.6317226261487e+04 3.4944307133850e+04 1.7138009784924e+02 1.5239048590482e-03
199 6.2909424396700e+04 3.4388567408262e+04 -7.2868163940795e-01 4.0430539474760e-04
200 6.1650963858084e+04 3.4245043090213e+04 -6.5862367595548e+00 1.3601490412541e-03
201 5.9560871320250e+04 3.3829261124443e+04 -1.1423222436782e+02 2.1096351504668e-03
202 5.7208177492581e+04 3.3408648707792e+04 -1.1175905837168e+02 1.0301188904356e-03
203 5.8963069548665e+04 3.3658549482010e+04 -7.5938691164426e-01 1.8908271593157e-03
204 5.6391082188731e+04 3.3839223214999e+04 -8.9405233691424e+01 5.9132633053681e-04
205 5.8212863985877e+04 3.4110205917784e+04 3.6583708847447e+01 4.0375134872783e-04
206 5.5685600950193e+04 3.5223606708827e+04 1.6666859951628e+01 1.0605467321916e-03
207 5.8492743500495e+04 3.4273953261611e+04 1.7691579229794e-01 7.5718597845662e-04
208 5.7805627959743e+04 3.4455391592410e+04 1.7392083330312e+02 3.4882089883001e-04
209 5.9859031007754e+04 3.4534778001195e+04 -3.3782619026691e+01 2.2596031451679e-03
210 5.8441985377527e+04 3.4177837828555e+04 -1.3208205551382e+01 1.0052798556502e-03
211 5.8859550196634e+04 3.4108016796663e+04 -8.1405929884112e+00 2.8128821473990e-03
212 5.9287713572872e+04 3.4394532763063e+04 1.7115752596138e+02 3.2671522446464e-03
213 5.6955149594595e+04 3.4134595734145e+04 1.6797598479533e+02 2.7210397502385e-03
214 5.9399984055039e+04 3.4245886475996e+04 2.4016826630454e-01 3.0224641076243e-03
215 5.5087786460957e+04 3.4433174591659e+04 1.7497961499708e+02 3.5530418665438e-03
216 5.9111025699496e+04 3.3862943124231e+04 -1.9598407272744e+01 6.1268463919986e-04
217 5.4564971966221e+04 3.4438609346095e+04 -5.8339774278544e-01 3.5540216135226e-03
218 5.6997185640683e+04 3.3433688865475e+04 -1.7058813967446e+02 1.1204179529892e-03
219 5.8017155374678e+04 3.4449123916388e+04 6.2033988599566e+01 8.7935112323691e-04
220 6.2634924436006e+04 3.4613547524372e+04 -2.0348865440252e+00 4.0870719760127e-03
221 6.0769645739913e+04 3.4213437299802e+04 -1.7064393148769e+02 3.2191096106002e-03
222 5.0859270899048e+04 3.3760620903378e+04 -4.5685092060743e-02 4.0932173268472e-04
223 5.7755537736350e+04 3.3366990585158e+04 -2.3770562102296e+00 1.5055199048897e-03
224 4.7835769416827e+04 3.3798267656229e+04 -7.3321205714984e+00 1.7060934079942e-03
225 4.6387602216230e+04 3.3729378456473e+04 -8.1727558128037e+00 1.5227393021522e-03
226 4.7380696810761e+04 3.4017698948692e+04 -3.5289528570547e+01 1.8872491957526e-03
227 5.0102522433366e+04 3.4190576154652e+04 -2.7607227755521e+00 3.5847605915916e-03
228 4.4016431709394e+04 3.3621428217027e+04 1.2654265027781e+01 1.8991547662086e-03
229 4.6806501410425e+04 3.3508705854184e+04 1.2406055580914e+00 3.1962024259823e-03
230 4.7267103800682e+04 3.3571627979797e+04 1.3381104445430e+01 2.8026943752264e-03
231 4.4620099524075e+04 3.3350695697193e+04 -1.7826940024454e+02 6.3447990227819e-03
232 4.4402714086796e+04 3.3497363382358e+04 -1.4253924681997e+02 2.3763291423977e-03
233 4.5662188274147e+04 3.3864505286879e+04 -4.4622991301885e+00 3.4013314600834e-03
234 4.6842347142158e+04 3.3525890806304e+04 -8.0036143001452e-01 2.0821695534945e-03
235 4.4839174733690e+04 3.4419509053768e+04 3.0877541556138e+00 6.8864115913906e-04
236 4.3139923074490e+04 3.3950019449494e+04 1.4011320286709e+02 3.4334115404683e-03
237 4.5941753307087e+04 3.4082553653341e+04 7.7478114338425e+00 2.0707645692442e-03
238 4.0227090525515e+04 3.3861203159340e+04 -3.2765713817320e+00 1.3771370806258e-03
239 4.0111333897247e+04 3.3630181749688e+04 -1.6414784418419e+02 1.8714406989004e-03
240 4.8694975286520e+04 3.2577943956453e+04 -5.1296601328672e+00 6.0381309735404e-04
241 4.8882347174438e+04 3.3023406051505e+04 -5.4683123511572e+00 1.2574123779252e-03
242 4.8261508053630e+04 3.2824463499795e+04 -1.2757388560180e+01 9.5070658610739e-04
243 5.1557385344391e+04 3.3074574265528e+04 -6.3398867014230e+00 1.8046534782982e-03
244 5.3239866655638e+04 3.3568323233981e+04 -2.4550880975999e+00 4.3352379779533e-03
245 5.5056772848704e+04 3.3266878599610e+04 -4.8803569450327e+00 1.4625947658551e-03
246 4.8233767600002e+04 3.4611437943120e+04 -6.1130528869600e+01 2.8733275013532e-03
247 5.0144282000019e+04 3.4399913936468e+04 -6.1139983105557e-01 3.5632736578424e-03
248 4.9747915260604e+04 3.4039426868207e+04 -1.3232908355013e+00 5.5139841329524e-03
249 4.9029411776698e+04 3.3745632587342e+04 1.7740234851136e+00 2.6235844673816e-03
250 5.1501273280365e+04 3.4722366809878e+04 -3.1846616459372e+00 4.3513698247842e-03
251 6.0977723665783e+04 3.3163378183336e+04 -1.9250167822034e+00 3.2052628228937e-03
252 5.7749906942505e+04 3.3241242848033e+04 -3.4216172765519e+00 1.9506028868979e-03
253 5.6407936504793e+04 3.3250240923509e+04 -8.3558372322049e+01 9.7583442866614e-04
254 5.4391198212121e+04 3.3886405377357e+04 -6.4356288430838e-01 9.5391327062906e-04
255 6.2594937441101e+04 3.3533783814228e+04 8.8322228893279e-01 7.6339811210325e-04
256 6.1135324264565e+04 3.3697634535093e+04 -5.2889713865218e+00 3.2151666162263e-03
257 6.2305337888736e+04 3.3793751944080e+04 5.6023285279303e+00 6.6201823147652e-04
258 5.6053396260413e+04 3.3943984567453e+04 -6.7316703389299e+01 4.3544287357447e-04
259 5.9542768172902e+04 3.3549105361826e+04 9.5402058338622e+00 1.0300211385764e-03
260 5.3211057876565e+04 3.4427932575834e+04 1.7897515931539e+02 1.9589391439388e-03
261 5.5282411207919e+04 3.4264138498690e+04 -3.3448905106517e+00 2.8189854457070e-03
262 5.6095409377362e+04 3.4178633702782e+04 -2.1467097496475e+00 6.2522424898194e-03
263 5.4973468771333e+04 3.3126118210104e+04 -2.9373897799172e+00 1.2759927923555e-03
264 5.8015507273568e+04 3.3467510915073e+04 -7.1389773584093e+00 8.1508678490153e-04
265 5.4242845177626e+04 3.3937723891805e+04 1.5760247593438e+00 2.4145624325273e-03
266 5.9793498968871e+04 3.3619759968746e+04 -6.4121916869776e+00 2.4761216706707e-03
267 5.6543240653377e+04 3.3982460724556e+04 1.4110840461978e+01 2.7000839214120e-03
268 4.6203575359934e+04 3.2763721438303e+04 -1.7817699565366e+02 6.5716229843481e-04
269 4.5503479873411e+04 3.3993067601575e+04 -1.7944616741519e+02 7.8617635652563e-04
270 4.7565826413480e+04 3.3366830057946e+04 -1.7848536979185e+02 2.8695602122983e-03
271 4.8068827542143e+04 3.3146887894816e+04 -1.8788419418259e+00 2.3124562665782e-03
272 4.6563067488927e+04 3.3731046198631e+04 -1.7092803092645e+02 2.7051056735052e-03
273 5.2701849676096e+04 3.3740919376887e+04 -1.2963256802734e-01 2.9338482243923e-03
274 5.2113295209360e+04 3.3545394590128e+04 -8.7809699248884e+00 1.5872669504692e-03
275 4.9739374287446e+04 3.3758586824303e+04 -1.6008587787800e+01 3.2920577223452e-03
276 4.5929687111677e+04 3.3395930514218e+04 -3.1977128638981e+01 1.5785410282260e-03
277 5.1320534868555e+04 3.3823388268030e+04 4.8082573720253e+00 1.9011264447193e-03
278 5.4127129993522e+04 3.2925229426178e+04 -9.3828925367618e+00 1.0879902504848e-03
279 5.0169929299087e+04 3.3491012054619e+04 2.6491131849146e+00 2.3408094443200e-03
280 4.9347304894189e+04 3.3043534502931e+04 6.2901300092091e+00 2.0509019091928e-03
281 4.8441607563314e+04 3.2977095105685e+04 -1.9074068743180e+01 4.1078748775597e-04
282 4.4941066070951e+04 3.3837441083551e+04 -6.4431703944882e+00 6.0245245994107e-04
283 4.7437110541054e+04 3.3835084779644e+04 1.5359826232927e+02 1.3459193431618e-03
284 4.5445068352166e+04 3.3540050990124e+04 -3.5399838966891e+01 4.0154228102921e-04
285 4.5181487716609e+04 3.4086740589617e+04 -1.7244189595133e+02 3.6576417185424e-04
286 5.0860637757662e+04 3.3263662922609e+04 1.5204036293917e+00 2.2808001820034e-03
287 4.8291678442111e+04 3.3055480660898e+04 6.1878508990247e+00 2.0182962007224e-03
288 4.4704853875935e+04 3.3297382023084e+04 3.0563859283664e+01 2.8647899837811e-03
289 4.7481636918027e+04 3.3137921530079e+04 1.7097800322595e+02 2.3122093111873e-03
290 6.2165713896926e+04 3.3216911183085e+04 1.6738356778509e+02 1.4994905908821e-03
291 6.2892209508597e+04 3.3139849709128e+04 1.9578081558172e+00 6.6221226886779e-04
292 6.2941209045552e+04 3.3085639851739e+04 -4.6482036344048e+00 5.3420226509516e-04
293 6.6225118307679e+04 3.3183442224544e+04 -2.0105600253614e+00 3.2646094109164e-04
294 6.0692242789341e+04 3.3506568658217e+04 5.5544612683824e-01 3.5962960765317e-03
295 5.8442350757074e+04 3.3153828992868e+04 -1.7280052884088e+02 8.0234088163200e-04
296 5.5028822570897e+04 3.4014482730470e+04 -2.5170475100706e+01 3.4457866842624e-04
297 5.1426645288839e+04 3.4279264563888e+04 1.7223173735584e+00 3.2833525284295e-04
298 5.2989808334863e+04 3.4414112055589e+04 6.5930804733564e+00 6.6244522269801e-04
299 5.3141503185843e+04 3.4398473663618e+04 1.6447397775237e+02 2.6553293365405e-03
300 5.9804417558484e+04 3.3997414786082e+04 5.6558189565345e+00 2.6032400555009e-03
301 5.7608431152215e+04 3.4004356990860e+04 2.2464046403314e+00 2.8995228977829e-03
302 5.8428242591038e+04 3.3127787935838e+04 -1.1566705470559e+01 1.1895357441289e-03
303 5.5595184105176e+04 3.4192294280948e+04 -1.6690459145843e+02 2.3935345079522e-03
304 5.3369323710878e+04 3.4258915601437e+04 -3.6515353490844e+00 1.4706550196978e-03
305 6.0449530099899e+04 3.3432710597269e+04 -1.1268406741479e+00 3.4555033120503e-03
306 4.2478534736333e+04 3.2775883897299e+04 7.5855850090826e+00 4.1433130995619e-04
307 4.6484086526942e+04 3.2879093387940e+04 -1.6364344897886e+02 1.3693502469255e-03
308 4.3493028927501e+04 3.3484814684083e+04 -3.4517675739239e+00 2.4533021940649e-03
309 5.0909166560784e+04 3.3975652581633e+04 -1.5766027194411e+01 2.6788831979469e-03
310 5.1076758909861e+04 3.3388665445693e+04 -4.5316825055390e+00 2.4800453125754e-03
311 5.0349039815079e+04 3.3487066221037e+04 -4.1085882577591e+00 7.1832817890729e-04
312 5.0937970423992e+04 3.3500540939037e+04 -1.0181411221289e+00 3.0569109507096e-03
313 4.8493709995582e+04 3.3423000111738e+04 -8.5155378609196e+00 1.5433012135438e-03
314 5.1547766358809e+04 3.4096423283847e+04 -7.5965863879736e+00 3.4536199181964e-03
315 5.0120806656895e+04 3.4238848029456e+04 4.2802925051639e+00 3.1701913061717e-03
316 5.2334908890104e+04 3.3759204917161e+04 -2.2385056038352e+00 4.9258894958481e-03
317 4.2515920902116e+04 3.2347733374463e+04 1.6625603147680e+02 3.6640801118429e-04
318 4.5683001000980e+04 3.2847997559085e+04 -2.8576653209642e+00 2.6043425204246e-03
319 4.3422784199363e+04 3.2911819906307e+04 -7.4204864922996e+00 2.1045350435031e-03
320 4.4784566640562e+04 3.2790396049496e+04 -3.4598700506249e+00 1.5416970201332e-03
321 6.2064763309955e+04 3.3193949324244e+04 -8.0926460579589e+00 1.3547721858358e-03
322 6.1137330819374e+04 3.3504447943831e+04 1.7955338880567e+02 3.2085838823681e-03
323 6.3141131952076e+04 3.2331168827028e+04 -6.3501816052122e-02 5.7288624390371e-04
324 5.9371041472584e+04 3.3754893099434e+04 -3.4553595288030e+00 2.0464533391245e-03
325 5.7748009920629e+04 3.2835614137138e+04 1.7563636379088e+02 9.0486778647856e-04
326 5.6702171321660e+04 3.3375210936844e+04 -8.8720888330509e+00 3.7815755274601e-04
327 5.4987948426067e+04 3.4412263426419e+04 -6.5871230540747e+00 3.5558657540776e-03
328 5.6044084982961e+04 3.5073275574380e+04 1.6788947520745e+01 2.4710766828453e-03
329 5.6438609146954e+04 3.4025285773152e+04 -1.8551245097564e+01 7.1618422262133e-04
330 5.7076075478985e+04 3.4008634914771e+04 3.0734543941435e-01 1.6044833420119e-03
331 5.4691651418334e+04 3.4187180349863e+04 -1.4425700298882e+01 3.1395608223655e-03
332 5.8856629002723e+04 3.3926470615487e+04 1.9055719292995e+01 2.0695420715654e-03
333 5.7156514722689e+04 3.4168164478068e+04 8.1448610961958e+01 2.0947581992489e-03
334 5.8245162947223e+04 3.3901717639332e+04 -1.5030510664790e+00 4.6606039003582e-03
335 5.5499201356198e+04 3.4260634626852e+04 1.7695903910579e+02 2.0145747197098e-03
336 5.9656923741299e+04 3.3386109320765e+04 -5.1731874264976e+00 1.8487161212604e-03
337 5.7680071498783e+04 3.3974920938717e+04 1.9177488169632e+01 1.1138598549826e-03
338 5.3690750244495e+04 3.3881675236975e+04 -1.6056812070141e+02 2.2325108617418e-03
339 5.5409866590958e+04 3.3931030524096e+04 -1.7166473441301e+02 2.7111494350070e-03
340 5.0607194584329e+04 3.4433060739286e+04 -1.7839009392521e+02 3.2737735908630e-04
341 5.5695693312224e+04 3.4747852100996e+04 1.7609087522328e+02 1.5854963147615e-03
342 5.9726996228403e+04 3.4644406397512e+04 -1.4336475623201e+01 3.4460640620606e-03
343 5.4406956564527e+04 3.4308069141754e+04 -1.7726687425353e+02 2.7271119092412e-03
344 5.6714973974486e+04 3.4373582622579e+04 -2.2482519535221e+01 3.1480831686337e-03
345 5.5926957733957e+04 3.3224421052947e+04 -1.3963958725114e+02 1.3259314709722e-03
346 5.8892936024879e+04 3.3308462147960e+04 2.9958216680029e+00 9.7489943369785e-04
347 5.1768438973958e+04 3.4470404053866e+04 -1.7410116170275e+02 1.4202028147650e-03
348 5.0083991879224e+04 3.3406147693122e+04 -1.3116926248014e+01 7.2249297737334e-04
349 5.3598640249907e+04 3.3489050623503e+04 -1.1046101855728e+01 2.4149253971883e-03
350 5.5874095162197e+04 3.2967031412841e+04 -3.2902317401835e+00 1.9075745649790e-03
351 5.3938176869255e+04 3.3193334438234e+04 -2.5745949311337e+00 1.6623439406174e-03
352 5.6444969661907e+04 3.4192310832009e+04 8.8295294480304e+01 3.1914841539449e-03
353 5.5879381854467e+04 3.3848235716560e+04 3.0371649893303e+01 2.5902537628241e-03
354 5.2135726816689e+04 3.3436468632218e+04 1.7915458572800e+02 2.4866538444845e-03
355 5.4659842476827e+04 3.3414990516758e+04 -1.5139580618136e+00 5.9976235744162e-04
356 5.2207303861848e+04 3.3525953226344e+04 8.0023039588778e+01 2.1594710951369e-03
357 5.6476883726489e+04 3.3760501742687e+04 1.1188906425921e+02 2.2669865870432e-03
358 5.3676102598333e+04 3.3337412754212e+04 1.7851247430048e+02 1.5576277703484e-03
359 5.8115092033301e+04 3.3161130023209e+04 -3.1069939075013e+00 8.6932791373919e-04
360 5.8858340975409e+04 3.4233470571741e+04 -3.4921072467825e+00 7.7621408898629e-04
361 5.6765818334877e+04 3.3669926382425e+04 -1.7161462577354e+02 1.0182610824988e-03
362 5.3283974124165e+04 3.3520868387744e+04 2.8189776513464e+00 2.0793297214706e-03
363 4.9330928468194e+04 3.4290379311486e+04 -1.7070020078220e+02 1.2838990679941e-03
364 5.1156184414559e+04 3.4290893055222e+04 -3.1723820504205e+00 1.5849244903420e-03
365 4.8699163948965e+04 3.4367997293557e+04 -4.6857744125713e+00 3.6539080546892e-04
366 5.2128591144625e+04 3.3172879465127e+04 -9.4623300591480e+00 1.7687478403993e-03
367 5.2998911719365e+04 3.3761448557931e+04 -4.1027162861736e+00 1.8375757609797e-03
368 5.1174080210735e+04 3.3381407812609e+04 -2.9261447738287e+00 4.0062807326441e-03
369 4.5008597541367e+04 3.3573014475627e+04 -1.6650844017301e+02 4.3524504768682e-04
370 4.8962578810123e+04 3.2825047510578e+04 -2.3265727882998e+01 1.6814546073128e-03
371 4.4477159932885e+04 3.3862062771645e+04 -6.3914971041573e-01 1.2404948810970e-03
372 4.4001273493024e+04 3.3774789605038e+04 -1.7850597831772e+02 1.7418340048068e-03
373 4.3364858837836e+04 3.3929221728298e+04 -1.2095727504520e+02 3.1264704358902e-03
374 4.6190673620006e+04 3.3518524719069e+04 -5.6701511992109e-01 1.4936975221476e-03
375 4.7727792895252e+04 3.3504773487830e+04 -1.2358106662106e+01 3.0728136972002e-03
376 4.7595095207899e+04 3.3442998095728e+04 9.0869604227022e-01 9.0111642942921e-04
377 4.6629119814980e+04 3.2804334820386e+04 2.3736587559713e+00 3.4251469273924e-04
378 4.9738419030107e+04 3.2930449945616e+04 -1.3058996395746e+00 3.6240648527376e-03
379 4.9242612655408e+04 3.3000892369866e+04 -1.6551218748330e+02 1.0294955487271e-03
380 4.9354655684572e+04 3.3191162188729e+04 -1.0795156134972e+01 1.9442088174763e-03
381 5.3398801079182e+04 3.4201652796635e+04 1.3926355435734e+01 3.5104494020727e-03
382 5.5234869340871e+04 3.4148149897839e+04 -6.3383352632901e+00 2.8507328906172e-03
383 5.1803736044764e+04 3.4409499510606e+04 -1.7642541998867e+02 3.0418198100324e-03
384 5.2305563786095e+04 3.3929588369434e+04 5.5231001748384e+00 2.1150658787284e-03
385 5.2748188591317e+04 3.4215615878953e+04 -4.3500555361293e-01 1.6225046371218e-03
386 5.3562074340731e+04 3.5077895933176e+04 -3.7095528805282e+00 2.4809005038242e-03
387 5.5187301451750e+04 3.4349993255263e+04 -1.3760631440688e+00 8.3340361831698e-04
388 5.0869837432298e+04 3.2900541550007e+04 -5.5589301413232e+00 4.1567795703714e-04
389 5.2796724253409e+04 3.4536747859908e+04 -1.5672497439834e+02 2.3251848759533e-03
390 5.3107290881702e+04 3.4931534086228e+04 9.5971607273607e+01 3.0784379870241e-03
391 4.9436441077980e+04 3.3216252121554e+04 -5.3041759844790e+00 1.4021024614237e-03
392 5.5769701129704e+04 3.4068828444464e+04 1.1962616937124e+00 3.1249138128148e-03
393 5.7239019827241e+04 3.4214278457178e+04 -1.7628829644906e+02 1.7841965358795e-03
394 5.6601478900406e+04 3.3883560319942e+04 4.3871761001306e+00 2.7463028918860e-03
395 5.2702068971294e+04 3.3839367756787e+04 2.0208274668740e-01 1.0043924562005e-03
396 5.4512509088287e+04 3.3498045810968e+04 1.7524872316679e+02 3.2709792737664e-04
397 5.9208899906095e+04 3.3970249383173e+04 -6.7895256742104e-01 9.8624619668808e-04
398 5.7387332003560e+04 3.4469312950958e+04 8.4670350631130e+00 3.5066390838828e-03
399 5.1507391360669e+04 3.4449937738282e+04 -1.2810563334324e+00 2.4431110809957e-03
400 5.2635796361203e+04 3.4191088204055e+04 -7.5277629369931e+00 3.3171676723895e-03
401 5.7862461721485e+04 3.2773589937230e+04 -2.2748568523954e+01 7.6069152348608e-04
402 5.9388752422455e+04 3.4370678262887e+04 1.6558669026430e+02 7.2674970997419e-04
403 6.2881830483432e+04 3.4134639119450e+04 -1.1191412753802e+02 5.8704681408164e-04
404 6.1979924581736e+04 3.4580506606763e+04 3.3429826323832e+00 1.2313589003165e-03
405 6.1448502894113e+04 3.4140975264471e+04 8.4702926516337e+00 2.5800599501400e-03
406 5.6877966789141e+04 3.4619377676366e+04 -8.1220727034269e+00 1.0690856757345e-03
407 5.7894396704720e+04 3.4019843541501e+04 -2.6760483503813e+01 2.4320774733164e-03
408 5.8639712691697e+04 3.3080522987622e+04 1.7703362400948e+02 1.1182104232070e-03
409 5.6524516246735e+04 3.6188562744353e+04 1.6559479071156e+02 1.3864832519891e-03
410 5.8221230626250e+04 3.4590425263784e+04 1.1180702157329e+00 3.2947627048779e-03
411 5.8134603247644e+04 3.4470895076681e+04 -5.0727371440418e+00 2.8119569833131e-03
412 5.6606502000266e+04 3.3736901351393e+04 2.3606021552359e+00 2.0375134462836e-03
413 6.1056844180405e+04 3.4079772048067e+04 5.7784723597113e+00 2.5743271563759e-03
414 5.7673463732982e+04 3.3597609200547e+04 -8.8658117544981e+00 6.9532454877305e-04
415 5.8038839916477e+04 3.4606082593946e+04 2.7862715140677e-01 2.6659343790874e-03
416 5.8257496281505e+04 3.3989293674057e+04 -1.6844015043318e+00 6.0564941648222e-03
417 5.8811685818664e+04 3.4352149391141e+04 -2.4678595696225e+00 2.5437254283548e-03
418 5.7908971462521e+04 3.4053088784176e+04 3.0438302363368e+01 5.4861094561263e-04
419 5.5203154444004e+04 3.4138388415144e+04 -6.2119074315499e+00 1.4664414002088e-03
420 5.5987215183437e+04 3.3736233950913e+04 -9.2751558023705e+00 1.1233898251387e-03
421 5.8318719188611e+04 3.4137517130167e+04 -2.0247447933544e+00 5.6949003416978e-04
422 5.7648831427727e+04 3.3988500518866e+04 9.9776893037194e+01 4.4004367711020e-04
423 5.5707938545953e+04 3.4663516216660e+04 3.2626623376000e+01 3.2662747208164e-04
424 5.7276532384261e+04 3.3942922237633e+04 6.5280319276659e+00 1.9099518375761e-03
425 5.6458783272796e+04 3.3578860143381e+04 1.3056759695491e+00 1.4955961837032e-03
426 5.7472177917213e+04 3.3892150061705e+04 -7.5740447828105e+00 7.2863895172871e-04
427 5.4837431788689e+04 3.3541355348102e+04 1.7824051398215e+02 1.8342704869295e-03
428 5.7385139653977e+04 3.3191391821039e+04 9.8349749448870e-01 1.2517031035684e-03
429 5.4030459497670e+04 3.4592479481366e+04 -8.9644266177622e+00 3.3686734742574e-03
430 5.5817285845791e+04 3.4608842066868e+04 -2.9226224098114e+00 4.9984489251566e-03
431 5.5376189266851e+04 3.3531211128798e+04 -1.3407262057699e+00 4.6168308208248e-04
432 5.0005588515458e+04 3.4266177171211e+04 2.2247242853650e+00 3.2260764748970e-03
433 5.2519252158554e+04 3.3881447991355e+04 1.8443995788222e+00 1.8923795781663e-03
434 4.8385812422890e+04 3.4204329420010e+04 1.5507136575250e+02 2.2519431083818e-03
435 4.7509396191332e+04 3.3834621970723e+04 -4.3884871263650e+00 3.3518393218660e-03
436 4.9436190766875e+04 3.4391765621746e+04 4.8079256899860e+00 2.0359940996757e-03
437 5.0830531052369e+04 3.3638404839240e+04 -6.5243526676314e+00 2.6288218516538e-03
438 4.9283176946448e+04 3.3218391240551e+04 -1.8798695417158e+01 3.9496878620079e-04
439 5.2801537529787e+04 3.3897464356363e+04 2.1335527633570e+00 1.3504129030802e-03
440 5.0802929651485e+04 3.3723828259697e+04 1.7891533405205e+02 8.7784789989228e-04
441 5.1096998581279e+04 3.3841551305139e+04 -1.7275582634299e+02 5.5585495926191e-04
442 4.9641353194677e+04 3.3508984497031e+04 -1.7130614430834e+02 7.4120854485065e-04
443 4.4596965133743e+04 3.3903689772254e+04 -1.7819391788186e+02 5.6228955786475e-03
444 4.8855952137224e+04 3.3691483376709e+04 -1.6346764388739e+00 6.4078607528561e-03
445 4.7421901562402e+04 3.3869820347135e+04 1.6870731658402e+00 3.5152855718788e-03
446 4.9455230549272e+04 3.4460630352812e+04 -1.4757693294725e+02 3.2081786776913e-03
447 4.6973705279342e+04 3.3122063018871e+04 -1.7576922984447e+02 3.8945399092595e-04
448 5.1131393114815e+04 3.3544960487663e+04 -9.6822876253046e-01 2.8725892608844e-03
449 5.1266814078255e+04 3.3702303875604e+04 9.9116672836789e-02 2.9707907509826e-03
450 4.7472505150110e+04 3.3272235833355e+04 -1.9892473846287e+01 6.4779681859392e-04
451 5.0230146437366e+04 3.3394844538606e+04 -1.1610429204579e+02 8.7947637844784e-04
452 5.0803930833691e+04 3.3520646939525e+04 2.4268163472676e+00 1.9015589276009e-03
453 5.1439304727584e+04 3.4093356624281e+04 2.4945973807404e+01 2.3432073365071e-03
454 5.1107426629514e+04 3.3779096834509e+04 2.6822920742297e+00 3.2039166399850e-03
455 5.0514203772832e+04 3.4374372565875e+04 2.8588014846056e+01 2.6371180767553e-03
456 4.6382030811243e+04 3.3714613764886e+04 -2.4479580751509e+01 1.7393812582086e-03
457 4.7239424311221e+04 3.3749374533673e+04 -1.6505043917466e+02 8.1810811966104e-04
458 5.5721131906881e+04 3.3497646233940e+04 1.7767772071945e+02 2.1591529131244e-03
459 5.2383276489763e+04 3.4064568268763e+04 -5.4221265251854e+00 2.1380302712221e-03
460 5.4387010678977e+04 3.4097733904347e+04 -2.3474385703677e+00 6.1698774470851e-03
461 5.5974732057677e+04 3.4292593856170e+04 2.8825298387580e+00 1.7089484203449e-03
462 5.4730997311743e+04 3.3779489148477e+04 1.4010288080194e+00 1.6031503824581e-03
463 5.2395978226130e+04 3.3790978396076e+04 -1.7878603322198e+02 3.2051019829534e-03
464 4.7748359383544e+04 3.4447405239485e+04 1.5484833398944e+02 1.8447041964014e-03
465 5.6261813803608e+04 3.3105529146383e+04 2.1292462678094e+00 1.3220258549718e-03
466 5.2356675439662e+04 3.3918543482450e+04 1.2522466979370e+00 2.9289314192900e-03
467 5.3888726438030e+04 3.3977747425934e+04 -4.6678921383568e-01 2.9302888416723e-03
468 5.2220506211051e+04 3.3624663536132e+04 -9.2104668022184e+00 2.5559853521824e-03
469 4.9329893224187e+04 3.3400955982806e+04 2.0729473816158e+01 2.2508807353816e-03
470 5.1763639052065e+04 3.3863304298391e+04 -1.7773496945719e+02 3.1121249250983e-03
471 5.0062446949997e+04 3.3329762102257e+04 -1.1383637057081e+01 1.3207324659634e-03
472 5.4848881290253e+04 3.2792192154098e+04 -9.3629268975321e+00 4.5307462681981e-04
473 5.2594536547051e+04 3.3049310303000e+04 1.7471854877592e+02 1.2062874624556e-03
474 5.2540009894423e+04 3.4067193582174e+04 -1.0575417308230e+01 3.2261533163423e-03
475 5.3086826059629e+04 3.3852034716194e+04 -1.7062449382958e+02 2.8656771862631e-03
476 4.9713243045660e+04 3.4074636605689e+04 -3.7035543836972e+01 4.7158342794940e-04
477 5.2301260863156e+04 3.4362327546558e+04 3.8608745288914e+00 2.4793759772114e-03
478 5.1987360447354e+04 3.4301774178737e+04 9.7200661643441e+00 3.5300258523030e-03
479 4.7938980787011e+04 3.3696118445507e+04 5.6180292824033e+00 3.3822739315704e-04
480 5.2222305483124e+04 3.4145081983234e+04 -2.7306251339929e+00 5.5489659022102e-03
481 4.9869306704077e+04 3.4336107393978e+04 2.0419589673433e+00 3.3077965111836e-03
482 4.6228368611985e+04 3.3455680882511e+04 2.4605012931528e+00 1.5581472218507e-03
483 4.3235804077052e+04 3.3170731702669e+04 -8.2194890860555e+00 4.2771600756313e-04
484 4.6147330264789e+04 3.3748176936154e+04 -1.7833406592803e+02 9.6201136891513e-04
485 4.4586983201964e+04 3.3175256622884e+04 -1.4485420107365e+01 3.4014439631647e-04
486 4.6443892431390e+04 3.3670456196140e+04 1.7601490839343e+02 3.3058527863293e-03
487 4.6633146039577e+04 3.3453152242990e+04 -4.1038234408789e+00 2.6584006536270e-03
488 5.3264674306180e+04 3.3799226341473e+04 5.1649417596774e+00 4.7704552850815e-04
489 5.3379868152543e+04 3.3311796418154e+04 -3.0526151492852e+00 7.3302777898251e-04
490 5.0316317393037e+04 3.4235036054035e+04 1.4973115031137e+01 2.0255825430003e-03
491 4.9076853742208e+04 3.3800607968488e+04 -1.5140696106248e+02 3.9360641630046e-04
492 4.8382429596678e+04 3.3156142974137e+04 1.9593980621581e+00 2.1572187318303e-03
493 4.3262564809412e+04 3.5043542190612e+04 -9.0946549939923e+00 7.7990887969669e-04
494 5.7204009310591e+04 3.3730711927479e+04 -1.6180394074446e+00 5.1390594623105e-03
495 5.0247044540241e+04 3.4092704865872e+04 1.0592321615885e+01 5.3545655125539e-04
496 4.7657579719490e+04 3.3569284815362e+04 -4.7543088439498e+00 6.7998578437387e-04
497 4.9220810306467e+04 3.2657192155030e+04 -1.4302194656738e+00 9.2820507708504e-04
498 5.0807964374292e+04 3.3477301033469e+04 -1.0586449409314e+00 3.4547783456889e-03
499 4.8182881184201e+04 3.3557294658520e+04 6.9594415696158e-01 3.1160053830529e-03
