0 1.7019808721033e+04 3.2992366175533e+04 -1.1277388541457e+02 2.2707299128037e-03
1 1.8686261113379e+04 3.2857370878171e+04 -1.5156445489792e+01 2.1575184513831e-03
2 1.9313324301427e+04 3.1779013103792e+04 1.6547118264216e+02 2.6094386031060e-03
3 1.5916484318162e+04 3.2401164051928e+04 1.0828199139385e+02 1.6811316145240e-03
4 1.6311436871781e+04 3.1997257284179e+04 -8.5247364822667e-01 2.4945155310742e-03
5 1.5339273639231e+04 3.2834432248795e+04 1.3382855736158e+02 2.8661016962705e-03
6 1.8403816345989e+04 3.2084003082768e+04 -1.5070863616783e+01 3.1689075051090e-03
7 1.6671564471862e+04 3.2378449213923e+04 -1.0382293774485e+02 2.7079651178635e-03
8 2.1961627865452e+04 3.1766975550501e+04 5.2435499971602e+01 2.5438513632297e-03
9 2.1786215789050e+04 3.2091848363212e+04 -1.6410468931463e+00 2.7192141427622e-03
10 2.1373633720762e+04 3.1938042396382e+04 -8.9884311958545e+00 3.0645819057703e-03
11 2.3503585517594e+04 3.2479806757189e+04 9.5918520710817e+00 3.4367472392564e-03
12 2.2815820905578e+04 3.2047082931110e+04 -2.9042792118497e+01 3.0681030719843e-03
13 2.2510926163818e+04 3.2356146663625e+04 1.3136689690595e+02 2.3290403646900e-03
14 2.2068692714073e+04 3.1129333528039e+04 -1.6524040576419e+02 4.3052359610870e-04
15 2.4570063265220e+04 3.1145926777528e+04 -4.4302376729057e+00 1.3313949137432e-03
16 1.9415798506049e+04 3.1479562087991e+04 1.6574858378856e+02 1.1354453526961e-03
17 2.1921531843160e+04 3.1226607514537e+04 7.3377993629766e+00 1.7208308847475e-03
18 2.4413814476066e+04 3.1200787823967e+04 -1.0075800281152e+01 5.0473778396344e-04
19 2.2370780374953e+04 3.1060738483437e+04 -2.3509792759185e+01 1.0597222554001e-03
20 2.2624646924174e+04 3.1280411256458e+04 -7.1047132153817e+00 1.1018189944301e-03
21 1.9269665228654e+04 3.1598693491348e+04 1.1582333974774e+01 1.4258128037487e-03
22 2.0592264748537e+04 3.1955833445665e+04 1.6733443072962e+02 1.7325376463226e-03
23 1.9123779876998e+04 3.1592247995192e+04 8.5681676264646e+00 2.3083103231881e-03
24 2.0635904103851e+04 3.1755419598261e+04 1.7899078392964e+01 1.3163406072514e-03
25 2.2674291626468e+04 3.2012657314064e+04 1.1575725473872e+02 2.4598952212052e-03
26 2.2777871890830e+04 3.2114138508596e+04 2.3784798056420e+00 3.1221580555769e-03
27 2.3768827478326e+04 3.1786759716595e+04 -2.5365203344797e+01 2.0338224580026e-03
28 2.2615362660095e+04 3.2178891631084e+04 1.6815941813268e+02 3.0226341833036e-03
29 2.4405352866466e+04 3.1525177330844e+04 -2.3784878784169e+01 1.0807907010647e-03
30 1.9853921462491e+04 3.2368951247766e+04 2.5514861552948e+01 1.4075394875349e-03
31 2.5750931855812e+04 3.2462867473650e+04 2.5279540074382e+01 3.1263933626511e-03
32 2.4211862818861e+04 3.1449177113104e+04 1.7027555159991e+02 1.6521776066924e-03
33 2.2212231245664e+04 3.1872479828582e+04 9.1691876017253e+00 2.8677223466411e-03
34 2.0723363598320e+04 3.2015259469599e+04 1.4756647614190e+02 3.1906879159715e-03
35 2.3093788514674e+04 3.1894359522210e+04 -1.8998300737286e+01 2.2993076615359e-03
36 2.1220393990024e+04 3.2772211385622e+04 1.8539496343214e+01 1.1066091132968e-03
37 2.0476931951036e+04 3.2463215112330e+04 -1.5302945550178e+02 1.0053032630916e-03
38 2.1710399933029e+04 3.2151317740762e+04 -8.8391231687648e-01 3.2893461197941e-03
39 1.6534618002663e+04 3.2689055004345e+04 8.7662248027217e+01 3.0474253936136e-03
40 1.5982717789766e+04 3.1776347223424e+04 -1.4503065038838e+02 2.7717701934083e-03
41 1.7142496144776e+04 3.1725357123682e+04 -5.2858361850409e+01 1.9052420166854e-03
42 2.1112482381374e+04 3.2091360003140e+04 6.1584698018095e+00 3.0955824952732e-03
43 2.0511382709093e+04 3.1750706829642e+04 -1.9110748718965e+01 2.8154910331919e-03
44 2.1377767192531e+04 3.1565451887045e+04 -5.6466466053680e+00 2.3751673519074e-03
45 1.9398734750043e+04 3.2765053320925e+04 -8.8171090098967e+00 3.3409526924267e-03
46 1.9801930504437e+04 3.2624558525167e+04 -1.1638324881954e+01 3.3379524656188e-03
47 1.8473021852811e+04 3.1900371613031e+04 1.7208440489811e+02 5.2856308308019e-04
48 2.0411437502863e+04 3.2226524979757e+04 4.8127225855819e+00 4.7676147178991e-03
49 1.9887934931221e+04 3.2230216499271e+04 1.7004463586138e+02 2.8358598308178e-03
50 2.1918604202399e+04 3.1967646438963e+04 -6.8312702755773e+00 2.9567556699830e-03
51 1.9654406872870e+04 3.2834569050779e+04 -1.4550224694912e+02 9.9517695769145e-04
52 1.9452576656187e+04 3.2825428382513e+04 4.8381430888150e+01 1.9681012428852e-03
53 2.0161403000608e+04 3.2973906211387e+04 -1.8961260914422e+00 2.9494503690885e-03
54 2.1638551654559e+04 3.2442354092253e+04 6.0097512317931e+01 3.3927999553562e-03
55 2.1975965136989e+04 3.2939673371263e+04 5.6921504070298e+01 3.3582604367042e-03
56 1.9371642478005e+04 3.2580506404205e+04 -7.4202799527923e+00 2.9862636366507e-03
57 2.3420637463659e+04 3.2274317974959e+04 -2.5160070303526e+01 2.6333272246839e-03
58 2.1749154515010e+04 3.2651630264937e+04 1.6783599332196e+02 1.7682995859564e-03
59 2.2141539732785e+04 3.2323295482338e+04 -9.1194934018597e+01 1.0188911963288e-03
60 2.2256424649025e+04 3.2509253373514e+04 -1.7200024496272e+02 1.6157371648273e-03
61 2.3442962189054e+04 3.3038609088437e+04 1.3557643016655e+02 3.0919783784394e-03
62 2.3746666530772e+04 3.2663648955319e+04 -6.1119675870586e+01 3.4459622823340e-03
63 2.3454482496340e+04 3.1377475749763e+04 -7.2259356855849e+01 5.8759113357252e-04
64 2.3366114150792e+04 3.2219827371469e+04 -2.1724132149985e+01 2.7984380341046e-03
65 2.2871268770100e+04 3.2936387007996e+04 5.2613223996165e+00 2.1771082413012e-03
66 2.1985180073250e+04 3.2692647844689e+04 -1.0600587159930e+01 1.8308999833930e-03
67 2.1025922678613e+04 3.3397791582469e+04 1.3145407803763e+02 8.3112611944237e-04
68 2.2224476239755e+04 3.2245386985603e+04 -1.2220503181104e+02 1.3703272596185e-03
69 2.2493066846902e+04 3.2190760307498e+04 -8.7057329264345e+01 1.3018332132566e-03
70 2.2164812793534e+04 3.2843638671337e+04 -1.2962698905170e+01 3.1637011399819e-03
71 2.3344156121511e+04 3.2226121708554e+04 -1.7866366872982e+01 8.1851037405218e-04
72 2.2930731191912e+04 3.2912424151755e+04 1.0654597572300e+01 3.3594886047653e-03
73 2.2560408628808e+04 3.1751223810608e+04 2.2630552637922e+01 2.5423155964967e-03
74 2.2408331506577e+04 3.1645937558814e+04 1.6653547985552e+01 2.3831259558719e-03
75 2.3228341866830e+04 3.2192326339821e+04 1.4554882255020e+02 3.0266545695524e-03
76 2.3505767568927e+04 3.2114768674275e+04 3.6603098345946e+01 2.1762688160908e-03
77 2.0758893038089e+04 3.0790696417711e+04 -5.6354514484999e+01 9.6355537513047e-04
78 2.0095120254213e+04 3.1640869916361e+04 -2.6201034337394e+01 5.0005542546052e-04
79 2.2721508346605e+04 3.2523658448468e+04 -2.2039112165186e+01 1.2591653920292e-03
80 2.2302406857737e+04 3.2789281466353e+04 -1.3188977953289e+01 2.6660745055397e-03
81 2.2259778224464e+04 3.0561124362254e+04 -5.8728619401248e+01 7.6445172056782e-04
82 2.2546210032734e+04 3.2016563035314e+04 1.5487374671879e+02 1.5158091027931e-03
83 2.2426357121793e+04 3.1692331225628e+04 -1.0948799200899e+02 1.7247740231793e-03
84 2.2868481908204e+04 3.1053872809606e+04 1.0890442561085e+02 1.3471006851981e-03
85 2.4406881170184e+04 3.2386790048492e+04 1.3419872264981e+02 3.2424289320754e-03
86 2.3547970828078e+04 3.2362279542494e+04 -1.1736461116963e+01 2.6779673030057e-03
87 2.3268897726368e+04 3.2469565711608e+04 -1.5050254055105e+02 2.7668883146597e-03
88 2.5357473924685e+04 3.2722979489339e+04 -1.3304824730665e+00 2.2659981581062e-03
89 2.5706446912014e+04 3.2559606622828e+04 4.4528980328941e+01 3.4087602801571e-03
90 1.9966335135681e+04 3.2677052131250e+04 -4.1254412312923e+01 9.3852684666251e-04
91 2.5052457798212e+04 3.2268923380221e+04 -3.7578975320717e+00 6.3004344566074e-04
92 2.0419408774946e+04 3.1107512067593e+04 -3.4942344809893e+00 1.6051935784800e-03
93 2.3131121479820e+04 3.1290471195278e+04 1.7291324830890e+02 1.0435870119347e-03
94 2.4805907826023e+04 3.1796714777777e+04 6.5804586881969e+00 1.3445765648210e-03
95 1.9723909352145e+04 3.0763854540192e+04 -3.5006779960879e+01 1.2024968209755e-03
96 2.7405384041267e+04 3.1336805610805e+04 -1.3183903699303e+01 1.2436071862285e-03
97 2.2608047397739e+04 3.1512330737596e+04 -1.5782374560084e+02 5.3474667932861e-04
98 1.9850370751544e+04 3.1519754390159e+04 6.3831553440097e+00 1.7342106997804e-03
99 2.3014392972409e+04 3.2100367192196e+04 1.1479026474206e+00 2.2637969113261e-03
100 2.2623891174661e+04 3.2159421719855e+04 4.0806319984559e+00 5.0224271331997e-03
101 2.3093535661277e+04 3.1731754002903e+04 -1.8567443493286e+01 2.0307835679438e-03
102 2.1167028588759e+04 3.2098459470776e+04 -3.3224655715739e+01 1.1989524123090e-03
103 1.6970751319894e+04 3.2269839203879e+04 -1.5053557379452e+02 3.6115830798807e-04
104 2.9656926737511e+04 3.2360376691714e+04 -4.3802435717053e+01 1.7962802489535e-03
105 3.0693207768689e+04 3.2639065915019e+04 -1.9816479034162e+00 2.8601099519516e-03
106 3.1351967100617e+04 3.2455913167610e+04 -8.9401280646488e+00 2.0871630565108e-03
107 3.1542111884075e+04 3.2200622821886e+04 -1.2621259756504e+01 2.4394125907927e-03
108 2.7020277699071e+04 3.2577495696824e+04 1.2853551869138e+01 2.5775091231784e-03
109 2.6787266249766e+04 3.2674898562770e+04 4.4638630080560e+01 3.0339261225943e-03
110 1.7585416011255e+04 3.1696120402870e+04 1.2114682070807e+02 2.1417201258540e-03
111 2.0875960052611e+04 3.1379171409807e+04 -2.1200748850296e+01 1.7097602197430e-03
112 2.0288476299739e+04 3.1443698657041e+04 -3.2565641682533e+01 2.3280151580893e-03
113 1.7601594945597e+04 3.1627551702880e+04 -1.4759303146174e+02 2.5861324308298e-03
114 2.1052040032894e+04 3.2015131130178e+04 1.6871425418783e+01 6.3090527920872e-04
115 2.1568604684019e+04 3.1105010038451e+04 -5.9681030052691e+01 1.4024954313899e-03
116 2.2699584919738e+04 3.0791577208299e+04 -1.0534727912720e+01 9.8751045393272e-04
117 2.1086566446333e+04 3.0685180652602e+04 -2.5484347602130e+01 6.8996238181823e-04
118 2.0352321769319e+04 3.0445539400175e+04 -2.7572449409359e+01 5.6064826379575e-04
119 2.8846627670142e+04 3.2001681005408e+04 -5.4272371509148e+00 1.4008781439834e-03
120 2.7525258482367e+04 3.1973899541340e+04 -4.9713235048530e+01 2.4786831248284e-03
121 2.6616931561478e+04 3.2035759466934e+04 -1.7783823770254e+02 2.2251245484247e-03
122 2.5748766292469e+04 3.2593898031411e+04 3.8634558651884e+00 6.5519291996615e-03
123 2.4953930836831e+04 3.0985883244118e+04 -8.9390658926000e+00 6.6811006820726e-04
124 2.9522153301870e+04 3.2173732117131e+04 7.0269676920361e+00 1.8896871919007e-03
125 2.4684312425990e+04 3.1542577469348e+04 -3.4989685916845e+00 1.7666269502853e-03
126 2.3169479322376e+04 3.1898504150304e+04 1.0357906528116e+01 1.5782706835135e-03
127 2.3673352676230e+04 3.0916274307066e+04 -4.4972169670891e+01 9.9179702160339e-04
128 1.7462006178653e+04 3.1737269820255e+04 1.6808826074511e+01 1.2261683981600e-03
129 1.6527582999166e+04 3.1652407592167e+04 1.7650519053189e+02 3.9124288453080e-03
130 1.9462712690223e+04 3.0784864985572e+04 8.4663436053911e+00 1.2283266237887e-03
131 1.8875735212017e+04 3.0922145500773e+04 1.4477951093644e+01 1.4173583904544e-03
132 1.9379818826515e+04 3.1432958885349e+04 -5.9109219055034e-01 9.3304353619837e-04
133 1.9316150081218e+04 3.0908966999725e+04 -1.2887173552012e+02 1.3743204669499e-03
134 1.9058457934917e+04 3.1862366465341e+04 4.1988607253928e+01 1.5571667708370e-03
135 2.1133028363722e+04 3.2084775190930e+04 1.1624663028775e+01 2.1806029925869e-03
136 2.0753772171354e+04 3.2110145785608e+04 2.0416215755916e+01 3.2936185411726e-03
137 2.0662865179289e+04 3.2305909886434e+04 8.1129449471520e+01 2.2172763537136e-03
138 2.0539493353255e+04 3.2631187134609e+04 -1.3363361417394e+01 3.3454605278880e-03
139 1.9775217789982e+04 3.3056628100012e+04 3.9699886926147e+01 2.7950682333547e-03
140 2.0824230812618e+04 3.2439608621376e+04 -1.8923815353782e+01 3.4061153027543e-03
141 1.7218531232207e+04 3.2713360485317e+04 1.4263637748900e+02 2.8469157954020e-03
142 1.7876473076190e+04 3.1855582068389e+04 -2.9521141961965e+01 2.9623565316659e-03
143 1.6869437943914e+04 3.1946360594711e+04 1.7986474091729e+02 3.2060301997451e-03
144 1.7931475807857e+04 3.1473661408715e+04 -9.0724467327701e+00 1.5241747057148e-03
145 1.5775852092459e+04 3.2067585324223e+04 1.5663070620799e+02 7.0815061492434e-04
146 2.0342525240994e+04 3.1494042111166e+04 7.5652024201550e+00 1.7628577896829e-03
147 1.8729050759209e+04 3.1711406506641e+04 1.7679051525375e+00 2.7973440091904e-03
148 1.8149695124169e+04 3.1786029595073e+04 3.2042552563243e+01 2.4279453267245e-03
149 1.5270500157364e+04 3.1061905228861e+04 -1.5532012624431e+02 1.1631770695165e-03
150 2.0430998064541e+04 3.1231484310981e+04 -6.3625736438663e+00 1.9126322144637e-03
151 2.0311540305138e+04 3.1624788869621e+04 9.0912019172426e+00 2.0381806584492e-03
152 1.8070761267090e+04 3.1868631071507e+04 3.1840569562851e+00 2.4386307890812e-03
153 1.8850619225986e+04 3.2838341389676e+04 7.2165870854031e+00 2.2856494627667e-03
154 2.1201126594883e+04 3.1885785065517e+04 -1.7264156922962e+02 2.6014600550249e-03
155 2.2790561187732e+04 3.2344655229529e+04 2.6240056013801e+01 3.2816056915725e-03
156 2.2388415780240e+04 3.2109992776985e+04 9.7461041789900e+00 3.2004445027949e-03
157 2.0027082572925e+04 3.2058701699787e+04 1.6380311023324e+02 3.2501475995329e-03
158 2.0664942817267e+04 3.2091219171976e+04 1.2563877905596e+01 3.1604126287584e-03
159 2.1017593592820e+04 3.1348247118227e+04 3.2859316967928e+01 1.7071631654880e-03
160 2.1435772346868e+04 3.1536499388863e+04 4.0901634941829e+01 1.9650549976567e-03
161 2.0424742492981e+04 3.1447834351323e+04 -3.4300550179505e+01 7.9819340421725e-04
162 2.0847017602807e+04 3.1876987051515e+04 4.2972728454117e+00 3.7203085480213e-03
163 2.1021621659518e+04 3.1126232767477e+04 3.0268387446573e+00 1.5578553831443e-03
164 2.3068098347656e+04 3.2112945330667e+04 -1.3102963866262e+02 2.3850235453305e-03
165 2.3530649483755e+04 3.2433730555537e+04 -1.1574863661476e+01 3.1127106509506e-03
166 2.1716790036449e+04 3.2841076859904e+04 2.7840033945918e+01 2.4987290645216e-03
167 2.0579255672815e+04 3.1293082943854e+04 1.0452895593492e+02 7.7259274266311e-04
168 2.0127388974810e+04 3.2764368975444e+04 1.7573192428519e+02 1.0107576343696e-03
169 1.7370410448553e+04 3.0749783537192e+04 -5.4142817586522e+01 3.2437254681302e-04
170 1.6455003203443e+04 3.1201629657483e+04 -1.3591690496100e+01 6.6635368597401e-04
171 2.4310515140075e+04 3.1415021729779e+04 1.3564586254015e+00 1.3873392495966e-03
172 2.1662965122856e+04 3.1556257309806e+04 -1.7406018727130e+02 2.0764326535590e-03
173 2.3663972327166e+04 3.0789440285909e+04 -2.3717729406024e+00 4.9692269610058e-04
174 1.9886937382375e+04 3.1041578661273e+04 1.2707534682441e+01 3.9554379309796e-04
175 1.9732379764435e+04 3.1523114565048e+04 -5.1884832810536e+00 3.1620039179014e-04
176 1.9417846749700e+04 3.1200771170874e+04 -2.8559361382001e+01 1.3913040194736e-03
177 1.5426678675233e+04 3.2131737030376e+04 1.9792741766982e+00 3.3595999061872e-03
178 1.5917021764678e+04 3.2221492245338e+04 5.4873362374174e+00 3.4225707414061e-03
179 1.5970544770234e+04 3.2202617086554e+04 -4.3105329704206e+00 3.0083755283066e-03
180 1.6561277284574e+04 3.2094585959332e+04 -8.4377098269130e+00 3.3936826704158e-03
181 1.7958421833660e+04 3.2409250174494e+04 -1.1712210102290e+02 2.6668194115033e-03
182 1.8843408190808e+04 3.2254450546032e+04 -2.0573454263846e+01 2.6885515790783e-03
183 1.5417468010159e+04 3.1195769277401e+04 -5.9655077776715e+01 7.5173449969725e-04
184 1.4649860540007e+04 3.1242516652779e+04 -1.3402089992219e+02 2.1210087062543e-03
185 2.1466983002712e+04 3.1279819679972e+04 -9.5773879793603e+00 1.0044198884700e-03
186 2.1355638107085e+04 3.2528112330042e+04 1.6627078470506e+02 3.1018737092602e-03
187 2.1725524809807e+04 3.2850915293295e+04 1.0928519467209e+02 3.4055896198646e-03
188 2.3619209902556e+04 3.1325254411514e+04 -3.5029765310468e+01 9.2172987933078e-04
189 2.4309350053801e+04 3.1182501463633e+04 -3.1396931361063e+01 1.4126125827909e-03
190 2.1952058758320e+04 3.1394237714855e+04 -1.7033008986960e+01 1.3839263534364e-03
191 2.2577507447718e+04 3.1200918752748e+04 -1.1147255534471e+02 1.1367839164285e-03
192 2.2769085604159e+04 3.2653249393910e+04 1.4425856908957e+02 3.2518987810392e-03
193 2.0253711899015e+04 3.0375385277646e+04 -2.4178835078430e+01 3.2999335585785e-04
194 2.0446138530014e+04 3.1294239920815e+04 -5.0633324799231e-02 8.7049983833353e-04
195 1.6491507588142e+04 3.1850438556282e+04 1.6227120825914e+02 2.3790237200540e-03
196 1.9480066931163e+04 3.2152325852991e+04 3.5953180448514e+01 3.3263647989753e-03
197 1.5293363887907e+04 3.1968898987818e+04 1.0233302701682e+02 3.0604950491288e-03
198 1.5910215343352e+04 3.1690839208227e+04 9.2310577526035e+00 2.9622007013738e-03
199 1.7716399083765e+04 3.1358314049303e+04 -4.6453538686068e+01 9.6596253574918e-04
200 1.6776468583269e+04 3.1782078291005e+04 1.6307268379074e+02 1.4553184319707e-03
201 1.9234194803011e+04 3.1346262369800e+04 -1.3462873377955e+01 1.1718904809510e-03
202 2.1799055615773e+04 3.2842672513942e+04 1.9004351606719e+01 2.8921323514985e-03
203 2.2294072537520e+04 3.2926124642768e+04 1.4053986379446e+01 2.4893348837095e-03
204 2.1691725393123e+04 3.1318306488026e+04 -2.2481502593026e+01 9.4677469253217e-04
205 2.1220340506239e+04 3.1553459916044e+04 -1.8039378967282e+01 1.6808881944595e-03
206 2.0441270698936e+04 3.1663166980893e+04 -3.5110671047648e+01 2.4014467522276e-03
207 1.9918438917112e+04 3.1363087492629e+04 3.9976887335651e+01 2.0228248410474e-03
208 2.4631306715760e+04 3.1679486637636e+04 1.7461184073062e+02 2.0368916130947e-03
209 2.4509604002693e+04 3.1399203666204e+04 -3.3587826396148e+01 1.7541134073849e-03
210 2.3892192137318e+04 3.2394461515236e+04 4.7852537254356e+01 2.3690225015549e-03
211 2.3509349942511e+04 3.2246719698530e+04 -1.1600707836531e+01 2.8965518426076e-03
212 2.2265779992614e+04 3.2543289265249e+04 6.0234645049110e+00 2.6367514637788e-03
213 2.4203536027652e+04 3.2596534574330e+04 1.2799922201234e+00 2.7785716171868e-03
214 1.7024375765467e+04 3.2184497668275e+04 1.4652777865746e+01 2.9338575768037e-03
215 1.9662773821003e+04 3.1379076984916e+04 -1.1109162242826e+01 7.2813770728519e-04
216 1.8735637900785e+04 3.2033593384858e+04 2.0827569847688e+01 3.2565116192107e-03
217 2.6151796995459e+04 3.1240657213563e+04 -1.4546326463582e+01 1.2949797271392e-03
218 2.4693947729637e+04 3.2053390921605e+04 1.0478776488437e+02 2.5587775966191e-03
219 2.4556519405363e+04 3.2293813759529e+04 -8.1533851969450e+00 3.2429609407239e-03
220 2.5050872739244e+04 3.2099483648817e+04 -1.4028764009156e+01 2.5562239682675e-03
221 2.2772029708036e+04 3.2108678794328e+04 2.0958679433039e+01 3.0164733560504e-03
222 2.2100262704962e+04 3.1511169154271e+04 -4.1791851416617e+01 2.2404435653525e-03
223 2.2934842920141e+04 3.2095330172661e+04 -7.2728704209601e+00 3.1427199304609e-03
224 2.3225924141917e+04 3.0841537857842e+04 -1.7891468890259e+01 7.8186978764771e-04
225 1.9483975197472e+04 3.1479683353345e+04 -3.2122113570054e+00 2.4903132856562e-03
226 1.5166037242275e+04 3.1756301188190e+04 1.3514585728005e+02 2.3228356651784e-03
227 2.1340792801407e+04 3.1832864723887e+04 -8.8665155083728e-01 8.5502448532874e-04
228 2.2917923439075e+04 3.1288592187176e+04 1.1482989959857e+00 1.6745765978971e-03
229 2.1758325306896e+04 3.1585609354649e+04 -1.0595154219780e+02 3.9971287143506e-04
230 2.0676033888338e+04 3.1711081911223e+04 1.2762592110161e+02 1.6140633567960e-03
231 1.7364384955923e+04 3.2365359171239e+04 -1.6540520072814e+02 5.2880397798432e-04
232 1.8403252471878e+04 3.2397660142615e+04 -3.7628243397498e+00 1.7977672259518e-03
233 2.3038578280365e+04 3.2259072374618e+04 -1.4446124269197e+02 2.7573874954009e-03
234 2.3536444653919e+04 3.2263531154240e+04 -1.2368991458638e+01 2.1486173772418e-03
235 2.3184339299395e+04 3.2362167740807e+04 -2.4112925317591e+01 1.9722306846344e-03
236 1.9462194836018e+04 3.2653359001667e+04 1.7122713548216e+02 4.2829053018332e-04
237 2.1228416218699e+04 3.2713976396181e+04 -2.2213923814329e+00 3.0124508685535e-03
238 2.0619423254840e+04 3.2725582679568e+04 -4.4981000573238e+00 2.2125596906722e-03
239 1.8391627084287e+04 3.2435458584499e+04 1.5381852702962e+02 1.2638798428620e-03
240 2.2686879785066e+04 3.1714549097727e+04 -4.3191356625960e-01 5.4437422536413e-04
241 2.3838014478556e+04 3.2851495043526e+04 -3.6025364349487e-01 3.1933022294925e-03
242 2.2292096763456e+04 3.2823754040327e+04 -2.8903613396432e+01 2.9267417282212e-03
243 2.3308670389123e+04 3.2875058576902e+04 -1.9443381115099e+00 3.0452432322511e-03
244 2.2053405378025e+04 3.3233416890392e+04 1.4283653903661e+02 2.4310688342639e-03
245 2.1082437257538e+04 3.2393857351914e+04 1.7943438417864e+02 3.1747044277533e-03
246 2.0520700166581e+04 3.1034691885995e+04 -1.7695851165554e+02 1.2458468728813e-03
247 2.0617831369856e+04 3.0645499418926e+04 9.4363348548837e+00 9.1857152884593e-04
248 1.6719894990329e+04 3.0925129853233e+04 -1.9103348809297e+01 1.4475496767295e-03
249 1.8448840674708e+04 3.0405751788869e+04 -2.0751815743295e+01 8.1577174163938e-04
250 1.8857711895238e+04 3.0688997834479e+04 -4.4294004804718e+01 1.0577573242080e-03
251 2.3268698168417e+04 3.1742704669957e+04 3.2326750126671e-01 2.2148945596954e-03
252 2.3359980720739e+04 3.1671749558115e+04 -3.0264282793814e+00 2.2636321130724e-03
253 2.2138728825127e+04 3.1968834768933e+04 1.7334287310867e+02 2.5995925117010e-03
254 1.9303911082714e+04 3.1957988313401e+04 1.3547662036195e+02 1.5487802250519e-03
255 2.1721690853604e+04 3.1851939591540e+04 -9.4256738005897e+00 1.2782119020889e-03
256 2.1675901013710e+04 3.1886517891004e+04 -1.2070897299868e+01 2.0175766112995e-03
257 2.0304672280634e+04 3.2043452427300e+04 -1.1745294302673e+02 1.9098836812487e-03
258 1.8520970570585e+04 3.2032735675704e+04 -1.5458843431223e+02 6.1165542036276e-04
259 1.9329605099933e+04 3.1581594678792e+04 1.9656020967512e+00 2.3676971063463e-03
260 1.8461492421151e+04 3.2031400683631e+04 9.9730436424861e+01 1.8805772837649e-03
261 1.7686565703728e+04 3.2475163560066e+04 1.3122964476570e+02 3.3606748391092e-03
262 2.0816914777522e+04 3.2121960978117e+04 2.6909693548049e+01 1.6089916947277e-03
263 2.0740956430487e+04 3.1546269919821e+04 -2.3892154099493e+01 1.8655801807805e-03
264 1.8687665700059e+04 3.2353228958367e+04 1.4713735807364e+02 3.4390829054579e-03
265 1.6541196191941e+04 3.1196953451470e+04 -1.6129505087321e+01 7.0112827172200e-04
266 2.3253303145096e+04 3.0996410772010e+04 -7.7103111910225e+01 5.2776700088414e-04
267 2.3168073453225e+04 3.1098825018127e+04 -1.3047378411891e+02 1.0680421335776e-03
268 1.9883223258449e+04 3.0645924693498e+04 -2.4077734828802e+01 5.2791571227850e-04
269 1.7445006526163e+04 3.1564562136365e+04 1.5543174112531e+02 2.6935923008350e-03
270 2.5788519331578e+04 3.1464752897597e+04 -1.2562670640115e+01 1.3673732582997e-03
271 2.2963172881228e+04 3.1989066898202e+04 1.7278635206343e+02 2.9801691596418e-03
272 2.0333097037838e+04 3.1488432099063e+04 1.4301634809969e+01 7.9066325492991e-04
273 2.4279194201638e+04 3.1181543002509e+04 -5.8134336837680e+00 1.3912529660229e-03
274 2.0378852884531e+04 3.1507878786690e+04 3.7715132628890e-01 1.0219498790362e-03
275 2.0846930624657e+04 3.1765972114609e+04 -1.5277785961739e+02 2.8222384715285e-03
276 1.9401246692010e+04 3.1343669653579e+04 1.1898578304795e+02 1.8986269531334e-03
277 2.1413487565782e+04 3.1511624252376e+04 -8.0475832301505e+01 2.1990215251115e-03
278 2.0337595813440e+04 3.2729471595184e+04 2.1156857427736e+00 2.9669861856471e-03
279 2.0525060295136e+04 3.2415235541225e+04 -1.6695226756550e+01 2.8613663097206e-03
280 2.1987958290762e+04 3.2401053849538e+04 -6.7800068633511e+00 2.3200149121788e-03
281 2.1987389879303e+04 3.1318071490206e+04 -3.0613633400801e+01 1.8957677310058e-03
282 1.6759015802681e+04 3.2303699494370e+04 -4.7163949138178e+01 9.9645268632918e-04
283 1.7416061077311e+04 3.1491081577392e+04 1.3809359174175e+02 2.5175171910969e-03
284 2.5869571105547e+04 3.1516084938112e+04 2.3694994016194e+00 2.0341724985181e-03
285 2.5124582853359e+04 3.1789651477716e+04 -1.5774908468876e+02 1.9747799467969e-03
286 2.5548680272347e+04 3.1590837241111e+04 -9.4546949564364e+01 1.8870825898860e-03
287 2.2761782847485e+04 3.1685988260124e+04 2.8815228145806e+01 2.4180324133640e-03
288 2.1534320330518e+04 3.1770773730262e+04 6.8996847415835e+00 7.3096547035798e-04
289 1.7257661011336e+04 3.1245967140910e+04 3.4756932125905e+01 2.0584147526330e-03
290 1.5665434562476e+04 3.0909312667709e+04 -1.8350685225788e+01 1.7052797503885e-03
291 1.7441235116014e+04 3.1567391134113e+04 -6.7921547734985e+00 2.4115957362911e-03
292 1.6121829210052e+04 3.1489774059152e+04 -1.5476189473443e+02 2.5761440686074e-03
293 1.8718790015707e+04 3.1361239948876e+04 -5.5448325191363e+01 2.3513851484618e-03
294 1.7556281234748e+04 3.2442830025775e+04 8.3966772518580e+01 1.0336381579320e-03
295 1.8985989234415e+04 3.2554226922450e+04 1.9853169183783e+01 6.5990152769708e-04
296 2.0614512644668e+04 3.2296317166518e+04 7.6460997609474e+00 2.5990444151432e-03
297 2.0362951368645e+04 3.1697576317255e+04 1.4846412225510e+02 2.1549454277688e-03
298 2.0075984423428e+04 3.1377972368295e+04 -1.2395338460479e+01 2.2281503299668e-03
299 1.9259965970017e+04 3.1546455776737e+04 -1.3143259318152e+01 2.2190778648530e-03
300 1.7556626681025e+04 3.1304223726767e+04 -1.0444899278711e+02 2.3476044941710e-03
301 1.7784459218848e+04 3.2104048885230e+04 7.2358854806780e+01 3.0989938968704e-03
302 2.1017174236406e+04 3.2042649823794e+04 5.8253921561672e+00 1.9888683821491e-03
303 1.8576266967777e+04 3.2375747665822e+04 1.7975642866257e+02 1.5255419005023e-03
304 2.0314414199608e+04 3.2225201231615e+04 -6.7753649873621e+00 3.3209853535880e-03
305 1.9610012145486e+04 3.2390268291491e+04 1.7434468333364e+00 2.6413207113885e-03
306 1.8599283651298e+04 3.2350804070076e+04 -1.7718741453455e+02 2.9357302917584e-03
307 2.3781474866996e+04 3.1193595572594e+04 -1.5444189281699e+01 1.2163723480342e-03
308 2.1608871596482e+04 3.2060268990955e+04 2.4101544581327e+01 2.6963041427449e-03
309 2.0796150424652e+04 3.1951425126640e+04 -1.2213400552299e+02 3.0674408080270e-03
310 2.1353369159572e+04 3.2850739747847e+04 5.8319609759531e+01 2.7210575635894e-03
311 1.6864192682151e+04 3.1782329525010e+04 -1.7426250109571e+02 4.0373583370747e-04
312 1.2379332042676e+04 3.1300675450832e+04 -7.2000681571636e+00 1.5370758794368e-03
313 2.5949726470233e+04 3.1056587646393e+04 -1.3285894690372e+02 9.4973011513414e-04
314 2.0843969151808e+04 3.1451975792455e+04 -1.6901658901796e+02 2.0256197985834e-03
315 2.4225053731140e+04 3.1490436312580e+04 -1.8745920618330e+01 1.8760056622498e-03
316 2.4447856632630e+04 3.1480250403001e+04 -1.6185466244430e+01 1.1929227605551e-03
317 2.3065607639292e+04 3.1555025592593e+04 -9.9169483160497e+01 1.0066230065656e-03
318 1.7980547134434e+04 3.2349698254593e+04 2.5593240224171e+01 1.7263367266007e-03
319 1.8749155297763e+04 3.1602439606427e+04 -7.9640564422956e+00 1.4840639065752e-03
320 1.7340775590503e+04 3.1004142084069e+04 -2.0797919952781e+01 8.8363421701971e-04
321 1.9696003173778e+04 3.1934899224245e+04 3.4203113603189e+00 3.1231343821216e-03
322 1.8737210926859e+04 3.2141415411567e+04 -1.5146390959042e+02 2.6920416790890e-03
323 1.9857023304765e+04 3.2501300534897e+04 9.7641151381370e+00 3.2604016527051e-03
324 1.9614885438057e+04 3.2108931128386e+04 1.1717320486828e+02 3.3605211559265e-03
325 1.7323883293667e+04 3.2303234294231e+04 1.1975489141210e+02 2.9915478478221e-03
326 1.7122926979423e+04 3.1965451756060e+04 -1.6233763417859e+02 3.0895496163008e-03
327 1.9713222832815e+04 3.2671045056571e+04 -1.7144679803194e+00 2.8820877578585e-03
328 1.8206917156877e+04 3.2629061618547e+04 -4.6993519840217e+01 3.3828106308879e-03
329 1.7981936586746e+04 3.1927752782749e+04 -3.6129108680317e+00 1.2807081911297e-03
330 2.1674100517601e+04 3.1725575657762e+04 -4.6956654895053e+00 1.5091443728782e-03
331 1.9595492729317e+04 3.1859360710235e+04 1.2769569985151e+01 3.0160142636173e-03
332 1.9193758269201e+04 3.1389975856887e+04 -7.5579054054337e+01 1.8395398944856e-03
333 1.8359407069446e+04 3.2205709507665e+04 4.1127272316138e+01 3.3041338427807e-04
334 1.9161279623141e+04 3.1977039705236e+04 5.5145381597586e+00 1.9406800928882e-03
335 2.0012687768395e+04 3.2500387481784e+04 1.0415753191799e+01 3.3212421754183e-03
336 1.8647381179298e+04 3.2011595712627e+04 1.5306255471543e+01 1.8392389100614e-03
337 1.8446031364590e+04 3.2086420717652e+04 2.8336762506930e+01 3.3969112685561e-03
338 1.8884627245305e+04 3.1337312136458e+04 1.0395816107687e+02 2.2723184283885e-03
339 2.1091680949688e+04 3.2242228499366e+04 4.0830058447904e+01 2.3155310185164e-03
340 1.9745329817158e+04 3.1536646135634e+04 1.6798837065121e+02 3.2923844301276e-04
341 1.6011943012750e+04 3.1481392376777e+04 1.5633922994615e+02 9.6165273468012e-04
342 2.8377947854629e+04 3.2167238073687e+04 -5.0719043045152e+00 2.6425440667279e-03
343 2.1761464325209e+04 3.1916213765076e+04 1.3290129595669e+02 2.3723217013184e-03
344 2.2418798751941e+04 3.2179771245421e+04 1.3249096867215e+02 3.2651529524372e-03
345 2.1080756714777e+04 3.1249569164185e+04 -8.7077032684718e+01 7.0874905033042e-04
346 2.2185735457060e+04 3.1452461307689e+04 -1.1351796613847e+02 2.0455426500123e-03
347 2.2288447663274e+04 3.1697806060097e+04 -1.1481277252485e+02 2.3379311712497e-03
348 2.2896685435653e+04 3.1933021986980e+04 9.0365679571300e+00 2.7471767045590e-03
349 2.5388897957603e+04 3.2732175879779e+04 1.3389680885030e+02 7.7529821627597e-04
350 2.6783192687635e+04 3.0831421310443e+04 -3.4433828750084e+01 6.4029882762776e-04
351 2.7634734663997e+04 3.1626605093867e+04 -5.0329091283971e+01 1.8216884583064e-03
352 2.7440840891249e+04 3.1426245135689e+04 -1.1007347697914e+01 1.4964267015773e-03
353 2.7694462919562e+04 3.1420674049132e+04 -1.4475925580447e+02 8.7310166176964e-04
354 2.9206209018971e+04 3.1892678549706e+04 6.0458546634283e+00 2.0374006669522e-03
355 2.4895036317129e+04 3.3076462110601e+04 1.4922764222733e+02 3.3813064124803e-03
356 2.9949227334297e+04 3.2186970083667e+04 1.6157012527341e+02 2.1474732669743e-03
357 3.2007437287596e+04 3.1659864399015e+04 -1.3092469077652e+01 1.3539277188952e-03
358 1.9817666100434e+04 3.2695698668683e+04 3.4171982065397e+01 2.8293982025413e-03
359 2.0862228998912e+04 3.2487153954778e+04 3.3282673912001e+01 3.4539244269888e-03
360 2.1716738643003e+04 3.2210247011577e+04 -2.8580663272664e-01 3.3200919008350e-03
361 2.2361923082939e+04 3.1490069114417e+04 -5.7412994312392e+01 2.0970990953162e-03
362 2.1905548800892e+04 3.2529230865211e+04 5.7235287074096e+01 2.5818287881962e-03
363 2.2681987995046e+04 3.0923251072150e+04 -8.5947324408573e+01 1.0976030231877e-03
364 2.1369165182492e+04 3.1841752765299e+04 -1.4945475162799e+02 7.0541716344985e-04
365 2.3743755124920e+04 3.1951441695496e+04 1.7348279154835e+02 1.3134879558201e-03
366 2.5558969798292e+04 3.1968034730622e+04 1.6593207457555e+01 1.7488484712211e-03
367 2.0225611800106e+04 3.1360097335770e+04 -8.8041213900068e+01 1.6998601877359e-03
368 2.3744957719371e+04 3.0718853650728e+04 -3.9650249611755e+00 5.7449905492434e-04
369 1.7314670611254e+04 3.1323433694476e+04 5.1320520515505e+00 2.4426444157220e-03
370 2.3445198277640e+04 3.2211246999499e+04 -1.4641723126237e+01 3.2382203758370e-03
371 2.2940979182523e+04 3.2429516472329e+04 -9.0579295139360e+00 3.4132108747987e-03
372 2.0933153465433e+04 3.2186228666127e+04 1.5650082505444e+02 3.0922412888652e-03
373 2.3759350504698e+04 3.1501920006035e+04 9.0649131399138e+00 4.2177356440940e-04
374 1.9435212773505e+04 3.1049498469244e+04 -1.5586723633062e+02 4.7423001798676e-04
375 2.1963323665406e+04 3.1686366613708e+04 2.7591643128655e+01 2.3678899547836e-03
376 1.9672389381289e+04 3.1851885156773e+04 -7.8628314406461e+00 2.7331460475736e-03
377 1.7587822321935e+04 3.1804773036312e+04 -1.0823075313007e+02 2.4621263127217e-03
378 2.4025246330192e+04 3.1529782644168e+04 -6.2245350111962e+00 9.5327018766153e-04
379 2.4410389698824e+04 3.1147281500647e+04 -2.8784533530638e+01 1.0940117595310e-03
380 1.8403497726692e+04 3.1989102933251e+04 4.4624729733413e+00 3.9557047569400e-03
381 1.8736185094869e+04 3.1866451550342e+04 -4.9126591861865e+00 1.2978007646594e-03
382 2.0451917858557e+04 3.1632162478197e+04 -1.0166348706566e+02 2.4891485613476e-03
383 2.0550923290059e+04 3.2479847421060e+04 8.7433862101399e+01 3.4235996128653e-03
384 2.2888230734938e+04 3.1513634756924e+04 -1.9468134621702e+01 1.9973955720492e-03
385 2.3195620680747e+04 3.1572019525467e+04 -8.4374183141484e+00 2.0465527499635e-03
386 2.2428312841115e+04 3.1761191275945e+04 -3.3062003660235e+00 2.6671803649592e-03
387 1.8285948963652e+04 3.1316444934889e+04 -7.7069785716164e+01 1.5444316571108e-03
388 1.9237316650192e+04 3.1218514839898e+04 -5.7582037400189e+01 1.9679448868147e-03
389 1.9585726822270e+04 3.1793063966054e+04 -3.6839271849180e+00 3.0081933438045e-03
390 1.9808662826693e+04 3.1448245809549e+04 -1.3456554392693e+01 1.9041348224192e-03
391 2.5327740420540e+04 3.2706665414472e+04 2.8112669920422e+01 3.0790614334968e-03
392 2.5248206218316e+04 3.2037122896679e+04 7.2974908727009e+00 1.9859547804924e-03
393 2.6932100532573e+04 3.1124599867155e+04 -7.7367817110768e+00 9.9507364314114e-04
394 2.1863568230274e+04 3.0894940035155e+04 5.1276661578730e+00 1.9518109491611e-03
395 2.3062300309945e+04 3.0782679807086e+04 -1.2846505641309e+02 9.6699080902726e-04
396 2.6311011419884e+04 3.1184406507423e+04 -2.6779876306033e+01 6.5455994612309e-04
397 2.7814716553456e+04 3.1471408772835e+04 -8.0408313426857e+00 1.5236814238428e-03
398 2.3734970895687e+04 3.1432712022727e+04 -1.3803008274336e+01 1.4862384731153e-03
399 2.2949118017787e+04 3.1354931360270e+04 -1.4299316372736e+01 8.1201000303961e-04
400 2.0950051545407e+04 3.2383303173624e+04 9.0079218911775e+00 3.3572507950923e-03
401 2.6154901265037e+04 3.1113955715703e+04 -4.9686647611399e+01 1.0283230861317e-03
402 2.5220420464300e+04 3.2219510773709e+04 2.7718638456041e+01 2.0394361623292e-03
403 2.1975015791744e+04 3.2700157609907e+04 -1.6544938398542e+02 7.4325503116569e-04
404 2.4377137456923e+04 3.2422848307964e+04 -2.5473406710725e+01 1.9737478334710e-03
405 2.6533962701987e+04 3.1972843084980e+04 -1.0555705798653e+02 1.0728308170501e-03
406 2.5306585762126e+04 3.1863727730381e+04 -1.4073272301336e+01 1.0652594854354e-03
407 2.4589256001064e+04 3.1929150323907e+04 -2.0399880688098e+01 4.3277693971176e-04
408 2.5894954066437e+04 3.2082678725792e+04 -1.2389009490989e+01 1.9269617292840e-03
409 2.2753664044860e+04 3.2583650577101e+04 1.5606911942845e+02 2.0890913837611e-03
410 2.4674639827939e+04 3.1766828408594e+04 -2.2099618657007e+01 2.4306409138208e-03
411 2.5675644350269e+04 3.1831532559866e+04 -4.5749934923136e+00 2.4143234059305e-03
412 2.6151069898941e+04 3.1397699424952e+04 -4.9119513709861e+00 1.0989128329591e-03
413 2.7114279836174e+04 3.2505599773161e+04 2.8307634150469e+01 1.2918872762746e-03
414 2.8647347651450e+04 3.1958272159534e+04 -7.6312424398510e+00 2.2548690673575e-03
415 2.4847218705233e+04 3.2497084969575e+04 -1.5918501355983e+02 3.4037554139704e-04
416 2.8421945099981e+04 3.1599534455290e+04 -5.7282406089696e+01 1.6399679874900e-03
417 2.3739640701311e+04 3.1625210382361e+04 -1.5059385800940e+01 1.7700299700189e-03
418 2.8919068569945e+04 3.1903345099226e+04 -7.7207934896006e+01 2.1382562094728e-03
419 3.1043764190361e+04 3.2363938650180e+04 4.4454328637170e+00 6.7026652684588e-04
420 2.7373921630859e+04 3.2130480323740e+04 1.4854964934183e+01 2.7789925224435e-03
421 2.6210060831394e+04 3.1752317746864e+04 -5.9148422382205e+00 2.1811176593910e-03
422 2.4798201925763e+04 3.1963943326844e+04 5.6548247242890e+00 2.7721174210626e-03
423 2.2916181117546e+04 3.1847789517589e+04 -1.5668646294638e+02 9.6019468034010e-04
424 2.1825014089937e+04 3.2232639605117e+04 -3.0989957682954e+01 9.2508004197448e-04
425 1.9219647216351e+04 3.1584654004267e+04 -1.5800320243675e+02 1.8447288883110e-03
426 2.0463705743598e+04 3.2008542419121e+04 1.6317633082286e+02 2.1846767501166e-03
427 2.1556808830058e+04 3.1859280214499e+04 -1.3278353425668e+00 2.7396854452543e-03
428 2.0839178054996e+04 3.2231559390988e+04 1.5932392804142e+02 1.5388740916320e-03
429 2.2788133431732e+04 3.1827422681859e+04 -5.8673990146444e+00 2.1240822900663e-03
430 1.9533807798985e+04 3.1827282222678e+04 1.9729751473321e+01 1.7657209563952e-03
431 2.1131667141543e+04 3.1759677681379e+04 -4.4862266439611e+00 2.7947774678468e-03
432 2.0559468185122e+04 3.1617638157701e+04 -7.1259165092539e+01 2.4385240164880e-03
433 2.1053669640726e+04 3.1864973752102e+04 -5.4274855229047e+00 2.7776906840592e-03
434 1.9957855521508e+04 3.2540217862811e+04 5.9978526489326e+00 3.4045526604764e-03
435 2.1280563605601e+04 3.2854692478574e+04 1.2871006721466e+01 3.0467619256879e-03
436 2.2962691824101e+04 3.2309702406805e+04 3.3389413087374e+00 5.5188845958181e-03
437 1.9153359254507e+04 3.1846898298407e+04 -2.2895550625148e+01 7.3038781168513e-04
438 1.8122510530056e+04 3.1331388869648e+04 -1.3227428098761e+01 2.0994323442452e-03
439 1.8426170492870e+04 3.1255601801571e+04 -1.3358129000096e+01 1.8622788865330e-03
440 2.0914003408903e+04 3.1688482729057e+04 -1.3320266375489e+01 2.3153326067035e-03
441 2.2855787414927e+04 3.0855520041223e+04 -5.8210962318349e+00 1.0634959149828e-03
442 1.9003733671081e+04 3.1252147569115e+04 3.6045934680358e+01 2.0251684382510e-03
443 1.6095563560352e+04 3.1793572147974e+04 -1.6665331029904e+02 1.9819893253454e-03
444 1.8230873884966e+04 3.2224417144653e+04 1.6320606645821e+01 2.6050218540881e-03
445 1.7531065174884e+04 3.2168238423151e+04 -2.8730892894896e-01 1.7348148323441e-03
446 1.9618011121377e+04 3.0804053935101e+04 -2.3132921517202e+00 1.0524339147162e-03
447 2.0724473773811e+04 3.0637918197547e+04 -1.9994301747009e+01 9.5161608433545e-04
448 1.9535277963356e+04 3.1282451870677e+04 1.0460951060924e+01 1.8376092830481e-03
449 1.8699095876324e+04 3.1012655010695e+04 -1.1511862212719e+02 8.7064678406616e-04
450 1.5185000292519e+04 3.1859440051862e+04 1.6460933330050e+02 1.2624649584824e-03
451 1.5975437581629e+04 3.1611353952361e+04 -1.8257657023442e+01 2.0038535976267e-03
452 2.3035146936757e+04 3.1751356444069e+04 8.9984902965243e+00 1.4697080550092e-03
453 2.3020132856454e+04 3.1850996170598e+04 8.7656084862509e+01 2.5020788168845e-03
454 2.6756336654012e+04 3.1638933187311e+04 -1.0647367427283e+01 1.4896531702711e-03
455 2.6819974776364e+04 3.1342874731121e+04 -2.3099425382523e+01 1.2008736938101e-03
456 2.6436907876214e+04 3.1220603175571e+04 -1.0635250469281e+01 6.2442006716118e-04
457 1.9575625131320e+04 3.1743209645252e+04 -4.6616079640430e+01 7.7178308638190e-04
458 2.6846364356168e+04 3.0877608970727e+04 -3.4696468991277e-01 5.2483430564274e-04
459 2.2888415438705e+04 3.2287943523264e+04 3.6549087297331e+01 3.3460929373073e-04
460 1.4959713023565e+04 3.1943672619732e+04 -1.6627200060723e+02 1.3568524026708e-03
461 1.6837166044933e+04 3.1921353696109e+04 -9.4084149180929e+00 3.3159887913519e-03
462 1.6308234203202e+04 3.2439375230450e+04 1.3686655326685e+02 1.5917349183722e-03
463 1.8304236575627e+04 3.2427630086513e+04 3.1810934373809e+01 3.3523072793276e-03
464 2.1102235502751e+04 3.2168740388378e+04 -1.4782613417711e+01 1.1526797487091e-03
465 2.0405579031746e+04 3.2821806263131e+04 1.3811454646468e+01 8.0967358489691e-04
466 1.9235301871807e+04 3.2613263969134e+04 1.5724554337214e+02 3.4370597037954e-03
467 1.8827933868334e+04 3.2652309052764e+04 4.0591294361751e+00 3.0135159604421e-03
468 2.7005796504515e+04 3.1739549308167e+04 -4.1593012255106e+01 2.1055248011576e-03
469 2.8635890677098e+04 3.2178819470241e+04 1.6588392229141e+00 6.6839458680999e-04
470 2.8615269507055e+04 3.1707468199903e+04 -1.1426507826475e+01 1.2894213754038e-03
471 2.0015394952515e+04 3.2829162075468e+04 8.8030951255621e+00 1.8575106570879e-03
472 2.3894342363451e+04 3.2886717442779e+04 1.8510979656236e+01 1.3349158077150e-03
473 2.8354353335757e+04 3.1830998336358e+04 6.9826192813975e-01 8.8880267175652e-04
474 2.4673407618305e+04 3.1881121131477e+04 -1.4458807365875e+01 2.2715876089399e-03
475 2.3467223332100e+04 3.1337596536339e+04 -1.1709084009818e+01 1.7499672770781e-03
476 2.5863182041006e+04 3.1473574156753e+04 1.7701479563862e+01 9.9661992461117e-04
477 2.4545953387239e+04 3.0875194817571e+04 -1.6164323007941e+01 6.3297112148437e-04
478 2.2855012177090e+04 3.1574104948439e+04 -3.9196133032540e+00 2.1857742574370e-03
479 2.2397509107249e+04 3.1268281595377e+04 -4.5555818325159e+01 1.7421695486795e-03
480 2.1853999792694e+04 3.1835825189146e+04 1.3464128443766e+00 1.8058577632799e-03
481 2.0887613701961e+04 3.1308042061143e+04 -3.8011087312003e+01 1.3476751870931e-03
482 2.1242773979207e+04 3.2020571420257e+04 -1.2734726791663e+01 2.6983270603665e-03
483 2.0941490215891e+04 3.2693383532262e+04 2.6281263347422e+01 1.2188195120742e-03
484 2.5125893559179e+04 3.1761802747694e+04 1.0578273545306e-01 2.1233144035103e-03
485 2.6075792494461e+04 3.2238929594619e+04 3.1798093939858e+01 1.4287294741648e-03
486 1.9950662703249e+04 3.1247835050709e+04 -1.5291108304546e+02 1.9766769425217e-03
487 2.3181510930197e+04 3.2866961582522e+04 1.2908739179835e+02 3.3947108892102e-03
488 2.3705712217306e+04 3.2358003398238e+04 -2.4533952841437e+01 3.2949230771463e-03
489 2.3415566157583e+04 3.1870970555894e+04 -2.9878363390190e+00 1.7499782831597e-03
490 2.1756143313861e+04 3.1646266822649e+04 -1.1484055445518e+02 1.4802525972468e-03
491 2.1553810457935e+04 3.0755620224010e+04 -7.0135570241396e+01 5.2049815752820e-04
492 2.2580367950705e+04 3.0890681638076e+04 -3.5836501733799e+01 1.0612640883449e-03
493 2.1363950884337e+04 3.2380787464791e+04 1.4984990005604e+02 2.8733585152330e-03
494 1.8390489523660e+04 3.1133583926823e+04 -2.0501208510249e+01 1.7928671781593e-03
495 1.8380151133179e+04 3.1232347663234e+04 -1.5459805213111e+01 2.0226885121839e-03
496 1.7069972972803e+04 3.1909081767772e+04 1.0290293248484e+01 3.0239682827402e-03
497 1.6844332151036e+04 3.1569206008911e+04 -8.3561335545699e+00 2.9281772068036e-03
498 1.6831070296811e+04 3.1089213215233e+04 -3.4382699247028e+01 1.9433653212686e-03
499 2.0761714819197e+04 3.1245515664415e+04 -4.5693098857091e-01 1.4269497637210e-03
