0 9.4967268890631e+03 3.0675936551059e+04 1.7917916449332e+02 1.9258883870314e-03
1 1.0211874768996e+04 3.0393280672340e+04 -4.5583412587536e+00 5.5371789347465e-04
2 1.4916735716955e+04 3.1423102939598e+04 -2.4680346162449e+01 2.5670479953914e-03
3 1.3294289479709e+04 3.1525157495863e+04 -6.2315627166916e+00 5.2439222507994e-04
4 1.9317347961318e+04 3.1973810264729e+04 4.9023102553841e-01 2.4259773197581e-03
5 1.7239892566972e+04 3.1705276121322e+04 -4.4427703002332e+00 1.1647293091229e-03
6 1.0437683234817e+04 3.1868117135361e+04 -8.1912672326492e+01 7.4104807278984e-04
7 1.0535623069633e+04 3.2117584200437e+04 3.7551755590039e+00 3.1029382787259e-03
8 1.2162345068510e+04 3.1928981621521e+04 1.5080063337380e+00 3.2444377517582e-03
9 1.2602485550653e+04 3.0815532453083e+04 -1.7749795397086e+02 1.8410825751264e-03
10 9.7532744476646e+03 3.1053998564040e+04 1.1436854892569e+00 1.0357530344582e-03
11 1.1657385068629e+04 3.1297136305833e+04 1.0307510881774e+01 1.7692715813981e-03
12 1.4930531850905e+04 3.1365160871095e+04 -4.2949792943344e+00 1.5299307139697e-03
13 1.4034858294430e+04 3.1160154786114e+04 -4.8996728836726e+01 2.1490161965372e-03
14 1.3169403080484e+04 3.1003324980790e+04 1.6774461047046e+02 9.6824032967716e-04
15 1.3783968094045e+04 3.0791705854925e+04 -1.7796766418102e+02 2.1714300930596e-03
16 1.4122034789043e+04 3.1316960166543e+04 -1.7927758116492e+02 2.6310567446241e-03
17 1.2988207046899e+04 3.0076656684794e+04 -5.5045046140187e+00 7.6569019206666e-04
18 1.7576274440980e+04 3.1604044117184e+04 -4.3876282290182e+00 2.7358819831260e-03
19 1.6867018257066e+04 3.1968452090912e+04 -7.2613638534023e+00 3.8419182596911e-04
20 1.4105375729359e+04 3.1243930901528e+04 -6.1967068758465e+00 1.5050088639092e-03
21 1.1592256683463e+04 3.1448201543903e+04 -1.3110739701343e+01 3.8290092315776e-04
22 1.2633048879863e+04 3.1753321686369e+04 1.5753201055739e+02 2.5314753629253e-03
23 8.7882035035757e+03 3.1005747952988e+04 -2.2067041210444e+00 1.5987843812527e-03
24 9.3256602095322e+03 3.0984770041116e+04 -1.7894481075268e+02 9.6016830369547e-04
25 1.3147361238031e+04 3.0602195759714e+04 1.6481547881457e+00 7.9717918615962e-04
26 1.2450505732378e+04 3.0469559167114e+04 3.7431040366297e+00 8.5762624971025e-04
27 1.1786444378702e+04 3.1005065062932e+04 -1.0421572968301e+01 2.0552207261714e-03
28 1.1714605951352e+04 3.1185561364255e+04 -3.7831495237313e+00 2.9816252711071e-04
29 7.0982371217822e+03 3.1716805776556e+04 -1.7420348910387e+02 2.1364506356273e-03
30 8.8132254370226e+03 3.0826585517017e+04 1.5771226344313e+02 2.2650690659917e-03
31 8.6058428618734e+03 3.0871964449241e+04 1.3555444968989e+01 1.5799014307858e-03
32 1.2071689755224e+04 3.1887770884848e+04 5.3463149896648e+00 1.2927959433371e-03
33 1.4878639271748e+04 3.1605424231437e+04 -2.2343809778157e+00 2.2332610608070e-03
34 1.1728536812418e+04 3.1514606950675e+04 1.5674953918472e+00 2.0290527248378e-03
35 1.1051283686504e+04 3.1426286816087e+04 1.4131394982855e-01 2.9679194840798e-03
36 1.0988291529509e+04 3.1316624807660e+04 -6.9950662861159e+00 2.6943058490610e-03
37 1.0544508068268e+04 3.1423019818261e+04 1.7261410376746e+02 6.7110528237682e-04
38 1.1248054945130e+04 3.1741306593235e+04 2.5246905701783e-01 3.2036763333484e-03
39 1.1625482334748e+04 3.2054867234769e+04 3.4900071469159e-01 3.0772886763837e-03
40 1.3976569255667e+04 3.1983126904250e+04 -1.0087084233712e-01 4.1199869788715e-03
41 1.1425438963113e+04 3.1803712693478e+04 4.6488453946087e+00 9.3891457292529e-04
42 1.0256985597661e+04 3.2582038372752e+04 -1.1020580969621e+00 5.9618651248053e-03
43 1.1136470860820e+04 3.2763300981262e+04 1.9064387367425e+00 2.5355296111755e-03
44 1.2512299625142e+04 3.1882631936981e+04 1.4882461475425e+02 3.1331119534985e-03
45 1.3207324210723e+04 3.1725794885486e+04 -4.0193154052770e+00 2.3390370934176e-03
46 1.3013477403839e+04 3.1803188654870e+04 1.5417423493749e+02 2.2595327267283e-03
47 1.2681038560327e+04 3.1565411565503e+04 1.7515887157251e+02 2.2460813233469e-03
48 1.6144081118495e+04 3.1610838008432e+04 4.4270025508426e+01 1.6276903074738e-03
49 1.5962753922831e+04 3.1446829415599e+04 -1.5685807382478e+00 2.1047417263033e-03
50 8.2671768728428e+03 3.2837022244198e+04 -1.6794106410287e+02 4.6392904805354e-04
51 9.8836443578948e+03 3.0928903597698e+04 1.0418145263187e-01 9.3583694866962e-04
52 1.0203627294708e+04 3.1817591491090e+04 1.3170896431427e+00 3.2065631438045e-03
53 8.2089515369722e+03 3.1744581596468e+04 -2.1203948592130e+00 3.5406224214603e-04
54 1.3565164950406e+04 3.1136951801346e+04 5.0603155297851e+00 7.9913496467959e-04
55 1.4869298977254e+04 3.1451275085937e+04 5.7201312030061e-01 9.5576922357557e-04
56 1.2597698387428e+04 3.1339255244417e+04 -1.7989961303805e+02 1.2364718410821e-03
57 1.1808760625158e+04 3.1177974775853e+04 4.3127462129047e+01 5.4883415401132e-04
58 1.0895675170899e+04 3.0972870339901e+04 6.1320680728890e+00 1.9443915989270e-03
59 1.4424570385769e+04 3.0733961599177e+04 -7.0322947490093e-01 1.5709349295403e-03
60 8.6135289257291e+03 3.1378550152286e+04 -1.7650943891630e+02 4.2592189231672e-04
61 1.0975745642551e+04 3.1167082162823e+04 5.4025528633950e+01 2.7000513864846e-03
62 1.0493357323037e+04 3.1259828615331e+04 1.7729468134084e+02 2.1598565730537e-03
63 1.2395520913111e+04 3.1409741974918e+04 1.1230599298628e+01 2.9225587675635e-03
64 8.4506487503292e+03 3.1384729390086e+04 1.7688822187525e+02 1.5163734257098e-03
65 9.1466229487025e+03 3.1534078264599e+04 -3.5887642618186e+00 3.0322567421392e-03
66 9.4931439762066e+03 3.2229818930728e+04 -3.8356473674128e+00 1.5922081801387e-03
67 1.1738683001301e+04 3.2165911859499e+04 -1.7239017978267e+02 3.1825335855438e-03
68 1.2017159389651e+04 3.2275452148647e+04 -1.4510560783255e+00 5.6297735667391e-03
69 1.3704205953001e+04 3.1475363685855e+04 -6.4302101785075e+00 1.8333600996571e-03
70 1.3966918571835e+04 3.1112609369971e+04 -3.1695177002969e+01 1.0177438621289e-03
71 1.5500455036561e+04 3.1085291770439e+04 -1.3918741084847e+00 1.8893210748373e-03
72 1.0717370890603e+04 3.1481675626510e+04 -1.7888935545528e+02 2.5058371036327e-03
73 1.3738766115030e+04 3.1758858538743e+04 1.3350384158597e+00 4.2097234013986e-04
74 1.1535508582603e+04 3.1586008597102e+04 -1.7955409077503e+02 1.8247302000851e-03
75 1.4060530913032e+04 3.1474369559976e+04 1.6833253080772e+02 2.4470001105493e-03
76 1.6381479236849e+04 3.1385845356465e+04 -2.5948722286735e+00 2.6889519212703e-03
77 1.4978203752640e+04 3.1314930128589e+04 -3.8561267034218e+00 2.3101989569846e-03
78 1.2126066623013e+04 3.1755040873803e+04 -1.7944056503923e+02 1.2137741743172e-03
79 1.9298326947383e+04 3.1780329099719e+04 6.5968391262255e-01 1.0796904535510e-03
80 1.6216157937757e+04 3.2549544686973e+04 7.0814062561744e+00 3.1304376836341e-03
81 1.4249962683847e+04 3.2387093211527e+04 5.2182056468944e-01 1.6502603777573e-03
82 1.0785112168271e+04 3.2323749443430e+04 3.0265977316137e+00 2.5571163593098e-03
83 7.4411770940889e+03 3.1402646280412e+04 -1.7664119829359e+02 2.8827877519740e-03
84 6.7734797314732e+03 3.1424937906842e+04 -1.7859578090617e+02 1.0562981029237e-03
85 1.2329617462765e+04 3.1585759496141e+04 -3.0599995896774e+00 1.6113670701814e-03
86 1.2567921421019e+04 3.1657076490357e+04 1.6082792782926e+02 2.6493989870660e-03
87 1.2159736475614e+04 3.1749460230393e+04 -5.6952751753068e-01 2.5090447473041e-03
88 1.0541670969391e+04 3.1696067078660e+04 -1.6574211899032e+02 3.2465932139821e-03
89 1.1410881218738e+04 3.1513280017557e+04 -1.6860927594367e+02 2.0815740506287e-03
90 1.3197356761687e+04 3.2060743119978e+04 7.7772778092370e+00 2.9439997348324e-03
91 1.2152843502364e+04 3.1651705663257e+04 1.6407568326008e+02 2.3797668551142e-03
92 6.3302992706938e+03 3.1409598623221e+04 -1.1391152352666e+02 2.9675746883746e-04
93 1.6591057881545e+04 3.1347124145112e+04 2.1655674287098e+00 1.2866045445193e-03
94 1.2695962519046e+04 3.1596876470531e+04 -7.4704583960935e+00 2.1545860706552e-03
95 1.3962031101611e+04 3.1804554470551e+04 3.8921149565577e+00 2.5156909851839e-03
96 1.4277841298911e+04 3.1732995428966e+04 -1.0885167869352e+00 5.4448949185973e-03
97 1.7225520389160e+04 3.1878964287604e+04 -2.2865390815966e+00 2.6768168727136e-03
98 1.3768608597174e+04 3.1558958023544e+04 -9.0218276153931e+00 2.6770545018432e-03
99 1.4470636437229e+04 3.1735126140903e+04 5.2709362434641e+01 2.2796307630908e-03
100 1.4776196021393e+04 3.1698513858415e+04 1.1217146404455e+00 1.7614540043675e-03
101 1.3070682569602e+04 3.1946389857010e+04 -4.7374895061670e+01 7.9252536259943e-04
102 1.5110855065012e+04 3.1660501279138e+04 5.5953897287458e+01 1.3561360919333e-03
103 9.3968594751632e+03 3.0651155380142e+04 -1.6270035480352e+02 1.9370494537117e-03
104 1.2213029030869e+04 3.0787548198648e+04 -1.7898847077741e+00 3.5268019549483e-03
105 1.5399859206806e+04 3.1315236424614e+04 -3.0773592749595e+00 4.8965652549824e-04
106 9.7153781997408e+03 3.1046315966845e+04 1.7821681375520e+02 2.5185591179548e-03
107 1.0474378385765e+04 3.1137417020318e+04 -5.9348973751549e+00 1.9725442590555e-03
108 1.1161388868655e+04 3.1366076916246e+04 3.6224509607580e+00 2.8416653102857e-03
109 1.0880320330483e+04 3.0573248625170e+04 -3.4225082205170e+00 1.6165438141321e-03
110 9.2983754908156e+03 3.0577643875949e+04 -2.3224826901832e+00 1.2532110882001e-03
111 9.3112744252828e+03 3.1124266274720e+04 -1.6957248764072e+02 1.5819680700259e-03
112 6.6996720724079e+03 3.1550704694739e+04 -1.7961527440336e+02 7.2762492903402e-04
113 9.8998745742303e+03 3.1534044831799e+04 3.5455033102754e+00 3.1880168621144e-03
114 8.1690808414431e+03 3.1715544028673e+04 -1.7670758201323e+02 5.8812408411799e-04
115 1.1073252644001e+04 3.1346029106887e+04 -1.5208177346703e+02 2.6187371588650e-03
116 6.9036217824741e+03 3.1526732674013e+04 1.5558458238346e+02 1.2662849732945e-03
117 9.7701489743678e+03 3.1688875313013e+04 -4.0159376243872e-01 1.7145503948802e-03
118 1.1326289573395e+04 3.1760216070105e+04 -8.8782080327597e+00 7.5878743795577e-04
119 8.4274078039677e+03 3.2016848350029e+04 4.3437371539590e+00 2.5559987600123e-03
120 1.1100877387740e+04 3.2074221048363e+04 3.8186274034577e+00 2.6840292522280e-03
121 7.8723933205911e+03 3.1678988697601e+04 5.6170964520557e+00 5.3208590537716e-04
122 1.0139972968947e+04 3.1325328373158e+04 -1.7110066934792e+02 2.2151883985431e-03
123 1.3102769392536e+04 3.0964816602582e+04 -4.8560307272891e+00 1.1284606744983e-03
124 1.0169265247737e+04 3.0858449355913e+04 1.6704132848801e+01 3.8049290790988e-04
125 4.3950230354762e+03 3.1026150126794e+04 -2.8589933471355e+00 6.4869702489029e-04
126 1.0240775234058e+04 3.1689801143284e+04 1.7962354812399e+02 3.0686147527269e-03
127 1.1528732403657e+04 3.1654984198646e+04 -7.9103388096001e-01 1.8495925053212e-03
128 8.8842129754209e+03 3.1652944841914e+04 -5.6651626179442e+00 2.5285151588158e-03
129 9.6074422496384e+03 3.1920476385634e+04 -3.1463693898047e+00 3.2046355644394e-03
130 8.4312138332909e+03 3.2016757892320e+04 8.9403566402467e+00 2.4621738811304e-03
131 1.2303100125022e+04 3.1925012818801e+04 2.4584818356872e+01 1.2344711346068e-03
132 1.2686208109280e+04 3.1452185737120e+04 1.0503446164079e+00 2.9380721079102e-03
133 7.5498505727639e+03 3.1635232327935e+04 7.9420551873890e+00 3.4804581887348e-04
134 8.0067173818085e+03 3.1798384209561e+04 1.7688600662955e+02 1.6264860760398e-03
135 1.4247734196364e+04 3.1303072942058e+04 -5.2122298882182e+00 2.5970627240479e-03
136 1.3461668573807e+04 3.1299735539264e+04 -1.1368261054948e+02 2.3873448736942e-03
137 1.1908213662972e+04 3.1503059729200e+04 -2.0540786139950e+00 2.5653973030129e-03
138 9.3115584753310e+03 3.1527729397958e+04 -1.0926023179697e+01 3.5024103990508e-04
139 1.5035055148916e+04 3.1634701523643e+04 -3.8520910822935e+00 2.9606859666423e-03
140 1.3100729760847e+04 3.1695178743635e+04 -7.9944168621740e+00 1.8809285605437e-03
141 1.5184020562593e+04 3.2274132100708e+04 -2.6835568059414e+00 3.0705786170249e-03
142 1.7655227349028e+04 3.2173866265178e+04 -2.7620354924610e-02 2.1924563398032e-03
143 1.5756596943290e+04 3.1532513042429e+04 1.3631031518524e+02 2.2231875239171e-03
144 1.3600869153359e+04 3.1800701985126e+04 1.4218741733168e+02 1.5106870507384e-03
145 1.1761480525573e+04 3.1815317783732e+04 1.7821959684372e+02 3.2542375184755e-03
146 1.1572192535995e+04 3.1554898358818e+04 -8.5099497886908e-01 4.1589363358931e-03
147 1.3648263775998e+04 3.1500494778780e+04 3.8802188964384e+00 2.0732666197796e-03
148 1.3465102179359e+04 3.1273144553377e+04 -1.1539287522240e+01 1.9109598928151e-03
149 1.0903311225559e+04 3.2234832698190e+04 -1.7935837533376e+00 1.0766538171478e-03
150 9.0241221417268e+03 3.1062618101833e+04 2.8935158701123e+00 2.5289088794086e-03
151 1.0104880248992e+04 3.1431839110728e+04 1.7961609186819e+02 2.0836200537742e-03
152 1.0938261478973e+04 3.1080148417000e+04 -2.8541175210915e+01 2.5300377808576e-03
153 1.1319044926531e+04 3.1885630628438e+04 1.7006024087216e+02 5.8404446695858e-04
154 1.0089352204627e+04 3.1832001796658e+04 2.7190581692955e-01 3.3195107237368e-03
155 1.0596262010075e+04 3.1905893455627e+04 1.7176601108959e+00 1.0455462220416e-03
156 1.1908361251294e+04 3.1910784759482e+04 4.1153753822900e+00 4.3188576263565e-04
157 1.2896077220869e+04 3.1529690317470e+04 -4.4029963462843e+00 1.4192610971139e-03
158 1.0512312949188e+04 3.1713987571464e+04 8.2489152462604e-02 3.9314939074928e-03
159 1.1542468833616e+04 3.1880917689314e+04 1.7235948279551e+02 9.1593811825688e-04
160 1.2944156964362e+04 3.1804394522113e+04 -1.7611704942170e+02 2.6174830996417e-03
161 1.3869289804409e+04 3.1131977836483e+04 -3.2875857519403e+01 2.3396926982520e-03
162 1.2155329546879e+04 3.1341895942434e+04 -1.6467896194923e+02 2.8512433751424e-03
163 1.4068511536487e+04 3.1429427028752e+04 -1.7087718859293e+02 2.2404392621883e-03
164 1.5810402811993e+04 3.1536803539773e+04 -6.4511366669631e+00 1.3785533360569e-03
165 1.0722967329773e+04 3.1859930483204e+04 -1.5930275246908e+00 2.4418188432547e-03
166 9.9744910140301e+03 3.1759842068038e+04 5.4874465666702e+01 5.3364826402666e-04
167 8.2224551199522e+03 3.2120441377441e+04 -1.6509871921531e+02 1.0846735683846e-03
168 1.3034020765522e+04 3.1084564503725e+04 -1.4018041571188e+00 4.1990214788767e-03
169 1.2189141826337e+04 3.1413456000449e+04 1.6829143682973e+00 2.8715390865468e-03
170 1.4061331032042e+04 3.1029153324734e+04 4.9033716493163e+01 2.1401619891089e-03
171 1.1542606506407e+04 3.1032612367309e+04 -1.2845573720138e+00 6.2745992668525e-04
172 9.3277090150794e+03 3.1108661647521e+04 -5.1093354227726e+00 4.6490087009433e-04
173 1.2965456807605e+04 3.1673525073811e+04 -3.6935000770606e+00 8.2026194540815e-04
174 1.2351083452042e+04 3.1770411551063e+04 1.3397220259469e+02 1.3281936074132e-03
175 1.2442089494582e+04 3.0940155461259e+04 -1.7044290446227e+02 2.0595659652695e-03
176 1.1351600164032e+04 3.1506103270297e+04 2.9754517745789e+01 2.6684215284686e-03
177 9.4935524013326e+03 3.1648720645308e+04 -2.9354034179258e+00 1.7416518196920e-03
178 1.1476998057641e+04 3.1821541833246e+04 -2.4187268662824e+01 1.5008965322928e-03
179 1.0086498439125e+04 3.1860447401492e+04 1.5839145194935e+00 2.5631285786321e-03
180 1.2471488652827e+04 3.1391423125346e+04 -1.7642593469656e+02 1.1252794886069e-03
181 1.1124528079973e+04 3.1239019829771e+04 -1.6586252962439e+02 1.6041514871653e-03
182 1.2158452777120e+04 3.1846356510165e+04 -2.4230215730963e+00 3.3339104390713e-03
183 1.0989093739177e+04 3.1567682742295e+04 -1.4604368808781e+01 2.4224234849081e-03
184 8.4945944400089e+03 3.1570224457482e+04 -1.9358419606527e+01 1.1391435846674e-03
185 1.2405703177313e+04 3.1896428048304e+04 1.6478927160244e+02 1.8453121810496e-03
186 1.4196900873564e+04 3.1864036564346e+04 7.0632044156652e+00 2.3654116593588e-03
187 1.4509128730489e+04 3.2063889022076e+04 1.1333393498320e+01 2.8792292246909e-03
188 1.9342085805747e+04 3.1052581751220e+04 -5.7055779632561e+00 9.5955683162405e-04
189 1.4241528576215e+04 3.1523418896872e+04 -1.6721389322662e+02 1.0613728114858e-03
190 1.4896175730954e+04 3.1344835149420e+04 -6.2372260282531e-01 4.9130555719348e-03
191 1.4851012847592e+04 3.1038378391210e+04 3.1218885207565e+00 1.9679304374063e-03
192 1.2025115488288e+04 3.1044316942503e+04 -5.5790042348975e+00 1.2706890830604e-03
193 1.1042954855022e+04 3.0948039304769e+04 -1.9626812241157e+00 2.0609098323784e-03
194 1.5953278616613e+04 3.0823592453137e+04 -4.7917895338091e-01 4.0614935948557e-03
195 1.9688334952807e+04 3.0742841393835e+04 -6.5097912241495e+00 1.0547385128471e-03
196 1.0767862963949e+04 3.1608519205461e+04 1.7660404034164e+02 1.0528856296883e-03
197 1.1094960050302e+04 3.1435115641918e+04 -9.0731985112252e+00 6.0741981167061e-04
198 1.0687977688730e+04 3.1631731206230e+04 2.6752155694810e+00 3.0752774253358e-03
199 1.3607528619570e+04 3.1465197921558e+04 -5.3227345823337e+00 2.4836752520588e-03
200 1.4444028781588e+04 3.1659123392668e+04 1.5861177712480e+00 1.5733179125879e-03
201 1.2520415329930e+04 3.1729170412857e+04 4.1972696861047e+00 1.5155763300393e-03
202 5.6830865368327e+03 3.1571486078226e+04 -1.7226955095383e+02 1.5759290629290e-03
203 1.7447501860273e+04 3.1796570237647e+04 -8.7494616283429e+00 2.7717843618706e-03
204 1.4746036144927e+04 3.1849901939914e+04 -3.2408611088298e+00 2.1430704515848e-03
205 1.7064179401411e+04 3.1804919707947e+04 -5.9815131723821e+00 2.9965104480773e-03
206 1.5244244968328e+04 3.1822423863365e+04 -4.4513906857126e+00 1.7238886608553e-03
207 1.4084792388831e+04 3.2083077172386e+04 -1.6348492225555e+02 6.6547729380047e-04
208 1.3311865697200e+04 3.1975706597158e+04 -1.4774489783683e+01 8.1281788919502e-04
209 1.3487987886447e+04 3.2004752323716e+04 -6.8069734865074e+00 1.9677458961034e-03
210 1.4664765082373e+04 3.1859964130514e+04 -2.2871475601560e+00 3.1570960546957e-03
211 1.4350231424856e+04 3.1844909884785e+04 -3.6956394047013e+00 3.1995684638825e-03
212 1.2791124665654e+04 3.2127001558883e+04 1.0895661467339e+00 2.1491409847998e-03
213 1.3116358930570e+04 3.1939972621323e+04 1.5018686444860e+00 2.9691577258100e-03
214 1.3359986054436e+04 3.1946709466428e+04 8.6353377277044e-01 3.1134928554455e-03
215 1.1751499807141e+04 3.2235140069819e+04 -1.7548310176061e+02 2.3596548005216e-03
216 1.2188473351037e+04 3.2184125841136e+04 1.0740349734706e+00 3.1539442301010e-03
217 1.1262055677329e+04 3.2266651289476e+04 -1.5593670903713e+01 1.0637939495590e-03
218 1.5064132281914e+04 3.1735169061371e+04 -1.2970460590202e+01 7.1210727581968e-04
219 1.4611653655651e+04 3.1997987844162e+04 1.5170745206996e+00 2.4066153320603e-03
220 1.5138456541627e+04 3.1796103894672e+04 1.3718508660286e+02 2.3635927653525e-03
221 1.5516799332080e+04 3.1976938597973e+04 -8.2163449973286e-01 2.8902355146370e-03
222 1.5390815236490e+04 3.2421618291673e+04 2.0358735400369e+01 1.8885699235130e-03
223 1.4863183929820e+04 3.2307939087254e+04 -1.7858094539233e+02 4.0563256590246e-03
224 1.3892203497011e+04 3.1575172039458e+04 -2.7801742414453e-01 2.3875237244071e-03
225 1.1735851847531e+04 3.1174048903604e+04 3.2271613238182e+00 5.9330546882020e-04
226 5.4281261781749e+03 3.1796222573878e+04 2.6126496810653e+00 3.6058102985719e-04
227 7.8003672311462e+03 3.1818316081130e+04 -1.7611768485327e+02 3.2450047824869e-03
228 7.9231429501309e+03 3.1029084761988e+04 5.1425868371705e+00 1.3827590148637e-03
229 1.0422195121529e+04 3.0703513483056e+04 1.7735719771552e+02 1.3712420157346e-03
230 1.2701419968015e+04 3.1227586454586e+04 -3.5925581074003e-01 4.6113678544294e-03
231 1.0360246113594e+04 3.1244859365574e+04 -1.6657056057385e+01 1.0345412916922e-03
232 1.4898663928596e+04 3.0897466483040e+04 2.0811180264747e+00 1.8057802014547e-03
233 9.9663890512035e+03 3.1074836101287e+04 4.1094541858133e+00 2.6433034138237e-03
234 9.2255338450340e+03 3.0694359747264e+04 -2.8454972430027e+00 1.0657546268559e-03
235 1.0762801390866e+04 3.0913079337977e+04 2.4607264790572e+00 2.0852961390032e-03
236 1.0599788942352e+04 3.0764537185871e+04 -1.0422305392709e+01 2.0435415093154e-03
237 1.1223900608426e+04 3.0788027741364e+04 -3.9867341265649e+00 1.7837769709527e-03
238 1.3617771681288e+04 3.1193292305971e+04 -1.4412698199828e+01 1.3190312701351e-03
239 9.2160359303158e+03 3.1179896953702e+04 -9.1895358347681e+00 3.0346078914374e-04
240 1.4502085761319e+04 3.1652454974061e+04 5.2899928345181e+00 1.4148129579271e-03
241 1.2079203655725e+04 3.2287242940362e+04 -7.9234537572159e+00 5.4984400720756e-04
242 1.2380663425315e+04 3.2499035400134e+04 -2.4006595144274e+00 3.1573951026649e-03
243 1.3595643742757e+04 3.1349381497044e+04 1.7959805680077e+02 3.0343736143680e-03
244 1.2159659720074e+04 3.1261753445631e+04 -9.0185311904297e+00 1.9006647638317e-03
245 1.3227683891834e+04 3.1435784233589e+04 2.6078637030424e+00 2.3168928149003e-03
246 1.5088586098162e+04 3.0780128630506e+04 5.0937966604375e+00 1.1668953717304e-03
247 1.2677413252959e+04 3.1024669068637e+04 -1.6359178534971e+00 9.4741294491572e-04
248 7.1446177016952e+03 3.1062310539612e+04 3.7246827776305e-01 2.1961194949229e-03
249 1.2991311235353e+04 3.1066169596618e+04 -5.5868575170666e+00 1.5016424784972e-03
250 1.2073805090956e+04 3.1281078954831e+04 1.2578216809145e-01 1.9613517216295e-03
251 1.1640836942370e+04 3.0790201692389e+04 -3.2488278696985e+00 1.6249309491757e-03
252 1.3443514922824e+04 3.0844931719698e+04 7.5888855595945e+01 1.5233962584420e-03
253 1.2362765514637e+04 3.0967679222806e+04 1.0237007729208e+01 2.2183334926033e-03
254 9.2347104078304e+03 3.1483167299104e+04 3.3150942970242e+00 1.7935663875080e-03
255 1.0183002108860e+04 3.1406669375564e+04 1.7632115365427e+02 2.4674004447981e-03
256 1.2270236143795e+04 3.1577461393483e+04 6.4047973570666e+00 2.8727013670362e-03
257 1.3620863732339e+04 3.0924992382435e+04 -1.4676150220995e+02 4.6041285308859e-04
258 1.5326553148433e+04 3.1735497878704e+04 -8.7687431353204e+00 2.1984509503229e-03
259 1.7861227027645e+04 3.1576161647720e+04 1.1969885308430e+00 5.6599346592488e-04
260 1.3716498065696e+04 3.1104929691444e+04 7.8684148995502e+00 1.1502900829958e-03
261 1.4186480634120e+04 3.1021322229596e+04 -5.8453798961374e+00 1.8433760344501e-03
262 1.5365413903180e+04 3.0921042522600e+04 8.0119236624468e+01 1.4745990312243e-03
263 1.2319549466261e+04 3.1130479192213e+04 -1.6615353340146e+00 7.5565568167784e-04
264 1.2474530522622e+04 3.1150488470977e+04 -7.0267190958338e-01 3.8937904044894e-03
265 1.3189039202253e+04 3.1487131521672e+04 -9.2453959042943e+00 1.0442569345665e-03
266 1.5275627299410e+04 3.1125362950372e+04 4.1353296782377e+00 7.2055615989088e-04
267 1.4373830722950e+04 3.0687720539179e+04 -4.7400065794473e+00 1.0324201898547e-03
268 1.3870794484284e+04 3.1001770228782e+04 -1.4292779850722e+02 8.8985621370969e-04
269 1.4457136024138e+04 3.1177769188836e+04 -1.0937803130310e+00 2.3598382956496e-03
270 1.0264230787691e+04 3.1755894722126e+04 -1.7269162872273e+02 3.3620971215750e-04
271 1.8813343476908e+04 3.1458714709896e+04 -2.3707041941955e+00 2.3611364822534e-03
272 9.2539479138771e+03 3.1967006178621e+04 -2.3017328109386e+00 9.4952268673305e-04
273 8.3711080739197e+03 3.1370924708057e+04 1.9735106666805e-02 3.1016972977988e-03
274 1.0495182898450e+04 3.1220333593979e+04 -1.6475820289294e+00 4.6149396371525e-03
275 1.3268933222008e+04 3.2103601011820e+04 3.4643549878057e+00 1.9120467810083e-03
276 9.5684587391940e+03 3.1857480677987e+04 -1.7700100312594e+02 2.5489032142426e-03
277 1.4219087037557e+04 2.9471668712517e+04 -7.1934859179710e-01 4.1419800938595e-04
278 8.0571817716094e+03 3.1550282652742e+04 -1.7912122284671e+02 3.0119248690987e-04
279 8.7077684767676e+03 3.1495023147963e+04 8.6911027640543e+01 2.9687854755013e-03
280 8.5705781251213e+03 3.1554160570137e+04 2.0704005819740e+01 2.4551236530646e-03
281 1.0462305920801e+04 3.1474439342907e+04 -6.0875480547844e+00 3.0898181579065e-03
282 9.6599429917456e+03 3.1087929412087e+04 -4.9085353465417e+00 2.7013737915307e-03
283 9.4231972852644e+03 3.1199056645598e+04 -1.7185462072119e+02 2.8859913603467e-03
284 1.2561872874719e+04 3.1418428752398e+04 -5.6849087089463e+01 2.1797007462707e-03
285 1.2929615602125e+04 3.1147776102424e+04 -1.6231904120114e+01 2.0679480010794e-03
286 1.1369442635550e+04 3.1256039589474e+04 -5.5000357461717e+00 1.2385162586849e-03
287 1.3354445331608e+04 3.1454378626869e+04 1.5254032860583e+02 2.6407651978005e-03
288 1.1032485946668e+04 3.1540278272810e+04 -1.7961310088745e+02 2.2953819961435e-03
289 1.3085026685375e+04 3.2037769750786e+04 -1.2292485054307e+00 1.8987352661485e-03
290 1.2875373527733e+04 3.0983209653938e+04 -2.6917265784703e+00 1.2069178153448e-03
291 1.5678695358116e+04 3.1014552594991e+04 -1.5992386585274e+02 1.6837522836691e-03
292 1.0467251674385e+04 3.1003722958956e+04 -3.6048118771460e-01 2.5782119035262e-03
293 1.0838475644583e+04 3.0921503272956e+04 -2.9418421576995e+01 7.8776950209529e-04
294 1.1622978592664e+04 3.0788160405590e+04 -3.9953613488343e+01 1.9454385469492e-03
295 1.4220627072386e+04 3.1498590632141e+04 -5.4512290178193e-01 2.7169879947481e-03
296 1.0720308608507e+04 3.1032182773164e+04 -3.6794885244788e+00 7.1448404264583e-04
297 1.2397667738610e+04 3.1595956907335e+04 -1.5916361332689e-01 2.1040625693241e-03
298 1.1232980803693e+04 3.1562398336083e+04 -5.5629462950734e+00 3.0115179558776e-03
299 1.3712054632320e+04 3.1322084690141e+04 -5.0072985002511e+01 1.5584948392022e-03
300 1.5986911376522e+04 3.1698785962425e+04 1.7681547737409e+00 1.7408321536225e-03
301 1.2518955205253e+04 3.1136933810488e+04 2.8884976585284e+00 1.2802147007638e-03
302 1.5836101779976e+04 3.1624082165469e+04 6.8062080593058e+00 1.4106237678345e-03
303 1.6639992978455e+04 3.1716591417109e+04 -6.9061221089467e-01 2.6510336536772e-03
304 1.4474080783151e+04 3.2241494406876e+04 -4.4181524720431e+00 1.5355919333467e-03
305 1.4237068862497e+04 3.1926671969958e+04 -1.7868042233718e+02 5.3026763163316e-03
306 1.5891302729978e+04 3.1932311889767e+04 -2.3234508782417e+00 3.7748393704029e-03
307 1.4112008178733e+04 3.1815592380392e+04 -5.0619101972740e+00 1.5803513148294e-03
308 1.1293426610151e+04 3.1176800924302e+04 -1.5070662599371e+00 3.7007414059864e-03
309 1.2393406693510e+04 3.1304558487559e+04 -9.6681539852743e+01 1.4836610355633e-03
310 1.2933602545285e+04 3.1211667635702e+04 5.2419910863430e+00 1.8434522995817e-03
311 1.1087741634892e+04 3.1546437095177e+04 1.5875845111837e+00 3.0492370108149e-03
312 1.4276581893691e+04 3.1417862824062e+04 -2.0291846562219e+00 2.4495336672492e-03
313 1.0963879446916e+04 3.1881735047488e+04 1.4023337530080e+02 2.3819344767544e-03
314 1.1828826706387e+04 3.1594476861879e+04 1.6881433961421e+02 1.2492882286786e-03
315 1.0684209312811e+04 3.1375851488191e+04 -1.0970685914843e+01 8.0624300911053e-04
316 1.2217484633910e+04 3.1151552344999e+04 -4.0197306820973e+00 6.3796899749406e-04
317 9.6910272767379e+03 3.0549829747955e+04 -1.7999135705933e+02 1.8842137877411e-03
318 1.0234346309819e+04 3.0547108329783e+04 1.9043160675678e+00 1.6380044652602e-03
319 1.2192526010718e+04 3.1334148175623e+04 -3.4234797645116e+00 2.7617263678857e-03
320 1.1063347854518e+04 3.1414835546207e+04 -1.7489713839077e+02 2.2490454242038e-03
321 9.2462910735911e+03 3.1405244145634e+04 1.7678211654704e+00 4.6421971119144e-04
322 9.8162561529051e+03 3.2442281425530e+04 -9.7577479644213e+00 2.8574626711579e-03
323 1.0807729887152e+04 3.2475142169557e+04 1.1339142137477e+01 2.8987220842905e-03
324 8.4891835894758e+03 3.1340704534268e+04 -1.9733582106486e+00 4.2745379391767e-03
325 6.5390344770255e+03 3.1211957419322e+04 5.0709466321605e+01 1.3360462578007e-03
326 1.2889094031020e+04 3.1403110238107e+04 -2.4775832908008e+01 4.8991096600017e-04
327 8.7097098243536e+03 3.0066276305245e+04 1.3217862192103e+00 7.2372134799790e-04
328 1.9756442023491e+03 3.0498030971805e+04 -1.7671050738559e+02 4.4725447893520e-04
329 6.7364879431884e+03 3.0607227664732e+04 -1.0736349643088e+01 1.8989694604995e-03
330 6.5787966502498e+03 3.0656807876452e+04 -7.8213411913089e-01 5.0997711229772e-03
331 6.4713923725833e+03 3.1243800899789e+04 1.7827209057044e+02 1.2684322484693e-03
332 1.2213649917825e+04 3.2112123807904e+04 2.5364336929655e+00 1.3609834564213e-03
333 1.1613824000466e+04 3.2587384912791e+04 1.5896375923434e+02 1.6018133354557e-03
334 9.5699685830247e+03 3.2388801753606e+04 -8.9635071931517e+01 3.3844162484332e-04
335 7.9422301143303e+03 3.2373312501157e+04 -1.6421506145547e+00 3.6727389967500e-04
336 1.3060531871974e+04 3.1908874050799e+04 3.0246988335385e+00 6.5688458074625e-04
337 1.0054053461542e+04 3.1537142535169e+04 -2.8002229167854e+00 2.4236876050796e-03
338 8.1677564346330e+03 3.1933724444011e+04 4.8321319138136e+00 3.0855280800694e-03
339 7.0636127345282e+03 3.1392398177889e+04 1.0048040523242e+01 1.0696684574900e-03
340 1.1375578877578e+04 3.1888631120497e+04 -7.3426094025690e+00 2.4624352947053e-03
341 1.0153106041293e+04 3.1737839421476e+04 -7.8729192432079e-01 2.9878714733554e-03
342 5.2293613440705e+03 3.2146300173425e+04 -1.7973190008692e+01 3.0449077742273e-04
343 1.5615232409209e+04 3.1103287395437e+04 -2.2335942087251e+00 1.7429720219509e-03
344 1.2069815748371e+04 3.1399591342661e+04 1.7119892347797e+00 2.9374568117118e-03
345 1.1115329531891e+04 3.1366607158430e+04 9.1627579590786e-01 2.6130488332320e-03
346 1.9079473214910e+04 3.1294391098336e+04 -4.7188595868861e+00 6.2769972943590e-04
347 1.5325956105803e+04 3.1517883851746e+04 2.3283088789438e+00 7.8601194062247e-04
348 1.5379562411100e+04 3.1944458151691e+04 1.6710033091289e+02 2.0039686721770e-03
349 1.5068736249654e+04 3.1621181208175e+04 5.9498806848017e+00 2.0501253117566e-03
350 1.7798492428704e+04 3.1480074628705e+04 -1.6993635414419e+01 9.1973696672252e-04
351 1.3920610868670e+04 3.1520108680079e+04 1.3984550568507e+00 2.1682901937464e-03
352 1.4964353925563e+04 3.1995411419935e+04 -4.2439933682433e+00 3.2529071170578e-03
353 1.3591303345885e+04 3.1951050951013e+04 3.1623915159222e+00 2.0422097378364e-03
354 1.6052894313824e+04 3.1724364203838e+04 -1.8995622450785e+00 4.0218552126126e-03
355 1.2487458027315e+04 3.1761388734939e+04 1.0580961856837e+01 3.1405418711164e-03
356 1.2867753791979e+04 3.1439914282449e+04 -1.2357972567634e+01 2.8504233952069e-03
357 1.5064693850535e+04 3.0767165686736e+04 7.6311338362553e+00 8.0010326045740e-04
358 1.3933533568148e+04 3.0360366178945e+04 5.8424482853892e+00 1.0605659354383e-03
359 1.4684608705952e+04 3.1183255443019e+04 5.1081877979179e-01 1.9265548418594e-03
360 1.3819770967292e+04 3.1499074701522e+04 -4.6435626763887e+00 1.7311655523772e-03
361 1.0878960636342e+04 3.1141176455698e+04 -1.7129650026566e+02 9.6072677838265e-04
362 1.2255546777769e+04 3.0996732998861e+04 -3.0380404628895e+00 1.0365509304455e-03
363 1.1552028472332e+04 3.0848741265318e+04 1.0975022170483e+00 2.0939443202987e-03
364 1.3368631816759e+04 3.0644804031915e+04 -1.5741097234294e+01 1.2661765451772e-03
365 9.7746964842363e+03 3.1308506051649e+04 -1.7939540596614e+02 5.5046280740507e-03
366 1.1091744585417e+04 3.1456351008920e+04 3.2767814620577e+00 1.7525301052598e-03
367 1.3826605253717e+04 3.1354491746648e+04 1.0178273537091e+00 1.6304465131269e-03
368 1.5068882991829e+04 3.1585041849319e+04 -3.7840406927649e-01 4.9858707196724e-03
369 1.3195635549660e+04 3.1565428869082e+04 -2.5779324813196e+00 2.3415789503025e-03
370 1.0759111178296e+04 3.1970772412826e+04 1.7373214440710e+02 6.0668067809666e-04
371 8.7529433559027e+03 3.1662590698248e+04 -1.6334814569711e+02 2.7416854636268e-03
372 1.0726073569647e+04 3.1972738370414e+04 2.9418822156823e+00 3.2591990831395e-03
373 1.2376294179414e+04 3.2313656459260e+04 -3.5928674423714e+00 3.1188119568124e-03
374 1.0096442219634e+04 3.2421005412362e+04 -2.0025065421147e+00 3.8817737977765e-03
375 1.1203180134535e+04 3.1051582524762e+04 2.0850408718968e+00 4.5492399294569e-04
376 1.3328483797810e+04 3.2533560791405e+04 1.5526020054175e+01 3.0299247175783e-03
377 1.6627356305231e+04 3.1321315338675e+04 7.4903922923535e-01 1.7963596677055e-03
378 1.4854252067466e+04 3.1369859163277e+04 6.1100913477965e+00 4.8874236371745e-04
379 1.2871343267319e+04 3.1868918793284e+04 -1.6748690416728e+02 3.1888413541636e-03
380 1.4459510592589e+04 3.2161355386188e+04 -5.6469292325852e+00 3.2281182076649e-03
381 1.5367779831812e+04 3.2417845249650e+04 -4.5818750979081e+00 3.2202754307175e-03
382 1.1869544173992e+04 3.1911025982324e+04 -5.9616223093636e+00 5.5456512578238e-04
383 1.4148411951040e+04 3.1936137456032e+04 -1.7722313407665e+02 3.2717740771339e-03
384 1.2796044453819e+04 3.2154636237537e+04 1.6879807532284e+02 2.7965809659878e-03
385 1.6437617557214e+04 3.1510205341502e+04 4.7623255498398e+00 1.8235819119067e-03
386 1.9107085704853e+04 3.1100428182224e+04 1.6153641984133e+00 7.2289947375463e-04
387 1.3053386096446e+04 3.1543825799426e+04 4.7159417316919e+00 2.7811981802927e-03
388 1.2457268242396e+04 3.1483016058212e+04 -6.9634630354588e+00 2.5792576543957e-03
389 1.2935869335285e+04 3.1491497354754e+04 1.0274244060361e-01 2.9267234434663e-03
390 1.4738768534568e+04 3.1389653146915e+04 -1.9537548790129e+01 9.6694765295180e-04
391 1.3594366255777e+04 3.1263437531742e+04 2.3622824611254e-01 2.2299239999887e-03
392 1.1477606153952e+04 3.1094196501130e+04 3.9806420028562e+01 4.9652762866693e-04
393 1.1997119848571e+04 3.1452112295293e+04 -6.9089526983477e+01 2.7002824722981e-03
394 1.4842265640000e+04 3.1613222308623e+04 -1.7423540749449e+00 4.8629016712460e-03
395 1.3686162038221e+04 3.1716616551263e+04 -4.8077088706198e+00 2.9578623329717e-03
396 1.3555103921890e+04 3.1882553079584e+04 -7.0589897137418e+00 1.1784669979078e-03
397 1.0902680222983e+04 3.2452530364375e+04 1.6820015877923e+02 2.9566443059904e-03
398 9.6651136145792e+03 3.1979703413970e+04 1.9372374374786e+01 8.5022515268974e-04
399 1.1051723242113e+04 3.1694735909503e+04 -2.3354063884541e+00 1.5002238040696e-03
400 9.2441869120407e+03 3.1795637688648e+04 1.0117703476078e+01 1.5203221136231e-03
401 1.1382905381691e+04 3.1501337355702e+04 1.7996247339273e+02 2.5004645731237e-03
402 8.7620362966942e+03 3.0687120205315e+04 -1.6880373018323e+02 8.1893606599398e-04
403 1.2904817438832e+04 3.1245129950661e+04 1.9553290618874e+00 3.4499301399139e-04
404 1.4919037088686e+04 3.1474852722590e+04 2.6587095481068e-01 2.6530577005547e-03
405 1.3837448269159e+04 3.1766873144267e+04 -1.7855595100989e+02 5.8501280785344e-03
406 1.4282875273687e+04 3.1592896174142e+04 -1.1090211444336e+00 5.7463159114477e-03
407 1.2568437304137e+04 3.1370910424377e+04 2.1222222218101e+00 2.7244447278402e-03
408 1.2124238254811e+04 3.1457376278913e+04 -2.5680334696453e+00 3.1176146350187e-03
409 1.3197977529624e+04 3.1298326131122e+04 -1.9116350796325e+01 9.8597803119905e-04
410 1.3537122218647e+04 3.1312048432836e+04 -6.4176867349367e+00 2.1776018586868e-03
411 1.2948963871907e+04 3.1340625489206e+04 -5.4699414032441e+01 1.9975031630816e-03
412 1.5461866278638e+04 3.1813878035339e+04 1.2778201146607e+00 5.6131964872260e-04
413 1.4850970610691e+04 3.1510270193895e+04 -1.6577918891834e+02 2.5107553987678e-03
414 1.4511909992554e+04 3.1298640097430e+04 1.9576094680435e+01 1.2361462168891e-03
415 1.4090378914841e+04 3.1326890669802e+04 1.8560866746261e+00 1.8306811442813e-03
416 8.2321882949804e+03 3.0907097795369e+04 -1.6152504254769e+02 9.7439419116970e-04
417 1.2148819828748e+04 3.1074964080803e+04 1.2643483355943e+00 9.5799425389540e-04
418 1.0187073490671e+04 3.1371565799780e+04 -1.4429358147132e+00 5.6045306281138e-03
419 9.2833173251856e+03 3.1338335647243e+04 -1.2866773154293e-01 3.0612376395991e-03
420 1.1801379961932e+04 3.0418430490028e+04 -1.6965536622721e+02 1.1663918544413e-03
421 9.3407381529708e+03 3.0378468014236e+04 6.2218841422599e+00 6.5568439383745e-04
422 8.1831303524273e+03 3.1138645338562e+04 -1.2664085849087e+02 2.9067742841422e-03
423 1.2572319217746e+04 3.1354241261313e+04 -1.7885342152306e+02 3.5938936221940e-03
424 1.4199976998923e+04 3.1286669671572e+04 -1.5525794672726e+02 1.0819454643263e-03
425 1.4520055961383e+04 3.1158858945344e+04 -6.0406451308764e+00 1.6143036229353e-03
426 1.6224218803224e+04 3.1109584668589e+04 2.2288023132480e+00 4.3976043137216e-04
427 1.3908912967217e+04 3.0590265600826e+04 1.0648188484674e-01 1.2563755719398e-03
428 8.9581448078135e+03 3.2029293557291e+04 6.4201844434194e-01 1.6511792181718e-03
429 1.2530939663262e+04 3.1958691924786e+04 1.2534630295585e+01 2.1981194849637e-03
430 1.1903025984443e+04 3.1741574415238e+04 -3.5215491487168e+00 3.1567171418843e-03
431 1.2363945702181e+04 3.1752492244133e+04 -2.7077323500729e+00 2.0550296854422e-03
432 1.4280352333536e+04 3.1696532091927e+04 8.5708177412903e-01 2.7381637981726e-03
433 1.2620008195245e+04 3.1280786612304e+04 -7.9159436744206e+00 1.4308440304734e-03
434 1.2974812123114e+04 3.2125310534629e+04 9.3350447352649e+00 1.7880663183637e-03
435 1.2883564291913e+04 3.0938287086390e+04 1.1393105680360e+00 2.0562316977519e-03
436 1.2262908503018e+04 3.0712297077783e+04 -8.2341963607738e+00 4.0030852433957e-04
437 1.2069423636833e+04 3.1915327221408e+04 1.0887297969908e+00 4.1869378931744e-04
438 1.1020056342982e+04 3.1096660330400e+04 5.7144245081229e-01 2.4674645862803e-03
439 1.4957328731486e+04 3.0680430980588e+04 7.7541995561436e+00 8.7636279831349e-04
440 1.6737783696732e+04 3.0990187082317e+04 1.0694510239080e+01 1.7788633307511e-03
441 1.0247627340781e+04 3.1118712332276e+04 -6.2398363888610e+01 2.6514967174630e-03
442 1.4172135316730e+04 3.0637883356579e+04 -3.5034449745516e+00 1.4610648474782e-03
443 8.9725983526037e+03 3.1620926074471e+04 1.1077736679298e+02 4.6355686285100e-04
444 1.5546718600572e+04 3.1223259748250e+04 1.1262002996553e+01 2.3199170508931e-03
445 1.1237086388028e+04 3.1449738281036e+04 -1.5764184768402e+00 1.3588371730866e-03
446 9.4446854388842e+03 3.1146745519897e+04 -5.0279480871538e+00 3.3922434316470e-04
447 8.7299895610752e+03 3.2250701305426e+04 -3.1219259963670e+00 2.0937037591732e-03
448 8.8310285586725e+03 3.1934082383252e+04 -7.4959638878086e+00 3.0952433485405e-04
449 9.9165136411907e+03 3.2030453188093e+04 1.7675408526754e+02 1.7512221069239e-03
450 9.6419641189296e+03 3.2096390566927e+04 1.3944769513599e+02 2.8229067002653e-03
451 1.4763227890457e+04 3.2589484252246e+04 6.3236067641488e+00 3.0320314904014e-03
452 1.3765314466242e+04 3.2408155937915e+04 -1.8260401756206e+00 4.7837316250822e-03
453 1.3759086095498e+04 3.1234738428614e+04 2.0609095908505e+00 8.2540076120448e-04
454 1.1538841208991e+04 3.1458671899264e+04 7.3973761513301e+00 2.8281171270986e-03
455 1.2526540667476e+04 3.0948339114754e+04 -5.0573465576862e-01 1.2037232321931e-03
456 1.3098772143675e+04 3.0759652168775e+04 1.4199022447190e+00 3.9646625980403e-04
457 1.4003798243763e+04 3.1534266124974e+04 1.0927341222568e-01 2.6667524103602e-03
458 1.4835068510915e+04 3.1549929051545e+04 -8.9527333426628e-02 3.8831930400522e-03
459 1.2919966192009e+04 3.1293748936111e+04 -4.4569841787723e+00 2.7113806516770e-03
460 1.1993536304274e+04 3.1829134004548e+04 -1.7335858166366e+02 3.0299317660687e-03
461 1.3703539663944e+04 3.2268684939511e+04 -6.6802082455943e+01 1.3168020912862e-03
462 1.2535847170454e+04 3.2037632478623e+04 1.0068939384957e+01 2.9522799675691e-03
463 1.5098537563544e+04 3.2115237120231e+04 6.3108859796963e-01 2.7492235329437e-03
464 1.6380757428692e+04 3.0661576898959e+04 -3.0914113325272e+00 1.0125519508736e-03
465 1.1664597403814e+04 3.1133683529363e+04 1.7360777145041e+02 1.0063418472076e-03
466 1.2468347363990e+04 3.1593250237795e+04 8.8625399594256e+00 2.6764540655686e-03
467 1.2984131969959e+04 3.1555428590919e+04 2.0166113139019e+00 3.0133837083717e-03
468 1.1815327759316e+04 3.1067605712427e+04 1.8271271172919e+00 2.2039274909105e-03
469 1.1737576780767e+04 3.1661368923502e+04 -6.8949279118694e-01 5.9733798041432e-04
470 8.5135286285633e+03 3.1276233826244e+04 -1.6152586631430e+02 5.3707913073220e-04
471 1.2308768094505e+04 3.1765129986774e+04 -7.9096437579814e+00 5.1837470164465e-04
472 1.3861111452638e+04 3.1281279073133e+04 -4.2875484158016e+00 6.8994671340007e-04
473 1.2615968893915e+04 3.1254325244013e+04 -2.2780549803713e-01 2.5675190972722e-03
474 1.2021678539030e+04 3.1257957925308e+04 -8.1800625251983e-01 5.8927718517010e-03
475 1.4412614383813e+04 3.1667707134261e+04 -4.9218309537065e+00 2.9602362061180e-03
476 1.1757469728297e+04 3.1372664605046e+04 -8.4513230189357e-01 3.7752729809450e-03
477 1.2082971095813e+04 3.0976568214249e+04 -1.7830616994659e+02 3.3072726887329e-03
478 1.2693442471479e+04 3.1110133933747e+04 -3.9662923298894e+00 2.2621884126227e-03
479 1.1265709999131e+04 3.1361603742783e+04 1.0752465908153e+02 2.9464881474487e-03
480 1.1243487938695e+04 3.1102175234824e+04 -1.7666324788876e+02 2.0601596982975e-03
481 9.6818872468991e+03 3.1652092349018e+04 1.6786050087131e+02 1.0001854448354e-03
482 7.8395019864552e+03 3.1287363614799e+04 -1.7801136219628e+02 3.0629177557810e-03
483 1.0324546996773e+04 3.1006342508405e+04 3.6923194016461e+00 2.2553438853471e-03
484 7.4308532400438e+03 3.0563044934497e+04 -2.6824817451178e+00 2.1396697438650e-03
485 9.4059264018354e+03 3.0877929933787e+04 -7.2234382682636e+01 1.9076556314552e-03
486 1.0718265691337e+04 3.0682320302457e+04 -1.6698556938676e+02 1.7954535808835e-03
487 7.6778281936839e+03 3.1346227078822e+04 -1.6732412816453e+01 8.7525723627729e-04
488 7.8182564304684e+03 3.0886089363387e+04 -1.7462017791581e-01 3.1642550147682e-03
489 8.4905622183692e+03 3.1124434700853e+04 -2.2107328117605e+00 2.1177960349003e-03
490 7.6048424197909e+03 3.1443867601633e+04 9.6955891212316e+00 1.4476840789056e-03
491 1.1780876864559e+04 3.0806149150545e+04 5.0579388641908e+00 4.5403889981714e-04
492 1.0288796368173e+04 3.0659622429688e+04 1.7094068730296e+02 3.5821307686569e-04
493 1.3942675910842e+04 3.1627729952422e+04 5.2308613515294e+00 1.7799808915364e-03
494 1.5999512215497e+04 3.1530060678087e+04 -2.1707433401713e+01 2.7495286701924e-03
495 1.5196527334498e+04 3.1495426804836e+04 2.1147386670643e+00 2.7658043932885e-03
496 1.7372534741617e+04 3.0691126111415e+04 -1.9209041672056e+00 2.2354058466515e-03
497 1.3522869530585e+04 3.1228193815071e+04 -1.6526849273955e+02 1.3236074826559e-03
498 1.5059777134445e+04 3.1349846812898e+04 3.1740326281039e+00 2.2471530701344e-03
499 1.2313810250361e+04 3.1654743188065e+04 1.0730457516723e+00 8.6418520940184e-04
