0 6.1256794347531e+04 2.5149766161730e+04 -9.5168795998616e+01 2.1750138310551e-03
1 6.1647019683766e+04 2.1362400488984e+04 -6.7990297408576e+01 2.0945470709171e-03
2 6.0024461812317e+04 2.9870816099336e+04 1.7170430180682e+02 2.1398716656939e-03
3 6.0721939414168e+04 2.9466624337472e+04 -5.2801881675219e+01 3.0915864625144e-03
4 6.1389151686444e+04 2.5700641063274e+04 1.6818188895912e+02 3.2225212657181e-03
5 6.1537128851495e+04 2.6204186446741e+04 -6.5904036131076e+01 3.2391392997458e-03
6 6.0952478309922e+04 2.5435872499551e+04 -8.3916064602084e+01 2.8404911505569e-03
7 6.1645611898440e+04 2.7999667902431e+04 -7.5411421446984e+01 2.8029171147473e-03
8 6.1676312204193e+04 2.5774538391214e+04 -8.0311715377702e+01 3.1633546168571e-03
9 6.1147114589879e+04 2.7361566335394e+04 -7.4172657294923e+01 1.6462450207345e-03
10 6.1294308107296e+04 2.3238321031606e+04 -1.0550182521726e+02 2.7248534184990e-03
11 6.0876441131129e+04 2.4133923404616e+04 -8.0986783192747e+01 2.4136130164573e-03
12 6.1307325198314e+04 2.2885867865807e+04 -1.0653486841380e+02 2.8625165765404e-03
13 6.1009201126418e+04 2.7554077255873e+04 -8.0857344487260e+01 1.6824717810551e-03
14 6.0479311089669e+04 2.6748175099039e+04 -1.5327823601545e+02 1.2674220677049e-03
15 6.0374119743428e+04 2.6165248297995e+04 -1.0663181435013e+02 1.6217098287162e-03
16 6.1044488319651e+04 2.5816980970796e+04 1.5261896674218e+02 2.9583810402372e-03
17 6.1258511034548e+04 2.6659190151811e+04 8.8606746415487e+01 2.5128521288843e-03
18 6.0685674184433e+04 2.5833195192509e+04 -1.0207809737677e+02 1.9114766751134e-03
19 6.1558091065414e+04 2.1496765634719e+04 -7.5046690397735e+01 2.8257985319979e-03
20 6.1679877860789e+04 2.5278359666921e+04 -8.5616753828856e+01 3.2024891942197e-03
21 6.1101062669943e+04 2.7150496271613e+04 -1.5482671984501e+02 3.1189898299421e-03
22 6.1898881078400e+04 2.1675253351207e+04 -6.8380932099772e+01 2.9437049261284e-03
23 6.1343211805747e+04 2.2691459850219e+04 -1.5021618411283e+02 2.7320639521517e-03
24 6.0413008020249e+04 2.4519386006887e+04 -1.2691873234475e+02 1.6694109311828e-03
25 6.0274310944419e+04 2.6253219248329e+04 1.2588296058843e+02 1.7136596646023e-03
26 5.9531925335158e+04 2.7444020513371e+04 -9.9847316565321e+01 7.3530911691010e-04
27 6.0583097985975e+04 2.7016710327680e+04 -1.0710891182565e+02 2.4186347184939e-03
28 6.0514867109408e+04 2.5425199099457e+04 -9.2037621640214e+01 2.0330081132072e-03
29 6.0108127924380e+04 2.4110243431190e+04 -9.2394347720475e+01 1.1543870045323e-03
30 6.0783215615417e+04 2.5691190127749e+04 -8.9389972774636e+01 2.4963474952373e-03
31 5.9506351151848e+04 2.6516215450089e+04 -8.7724166256347e+01 8.1734405528463e-04
32 5.9741751635728e+04 2.8172565410808e+04 -2.1289699735806e+01 1.2837384822801e-03
33 6.0364547565199e+04 2.6936995587073e+04 -1.7773928106026e+02 2.0819568796988e-03
34 6.1233688516692e+04 2.5177462458583e+04 -8.8814787140814e+01 3.0810674321689e-03
35 6.1185698191593e+04 2.4172482567170e+04 -1.0565645388166e+02 2.9364057508901e-03
36 6.1915844962341e+04 2.4633160897987e+04 -6.0595084334174e+01 3.2099551160234e-03
37 6.0015031789097e+04 2.3465518454294e+04 -8.2322292063674e+01 9.1024610769787e-04
38 5.8517567103706e+04 3.1081936283603e+04 7.8712820291398e+01 4.5754470646983e-04
39 6.0073705653650e+04 2.3662834934048e+04 -7.8627123396527e+01 8.9140127826551e-04
40 6.1241024335649e+04 2.4682978788766e+04 -1.7073613852213e+02 2.4842938288134e-03
41 6.0790874001423e+04 2.5218641899345e+04 -9.6314637617494e+01 2.0886576626074e-03
42 6.0741865157960e+04 2.8629851317588e+04 -8.0399771365435e+01 1.9807952246595e-03
43 6.1903130349085e+04 2.7718834647405e+04 -9.7143872718391e+01 2.0938809000884e-03
44 6.1682326449728e+04 2.7594359664250e+04 -9.4145541049536e+01 2.3410481679695e-03
45 6.0707798762935e+04 2.7056538159952e+04 -1.4523797735868e+02 2.1046808004201e-03
46 5.9998514422215e+04 2.8608172112917e+04 -8.0844773712683e+01 1.8270217772792e-03
47 6.0005691721919e+04 2.8559334430717e+04 -5.8421648147515e+01 1.8822545515647e-03
48 6.0322485920578e+04 2.7010673380676e+04 -5.9781912573530e+01 2.0717284828123e-03
49 5.9396371798071e+04 2.9250966171523e+04 1.0089071326317e+02 1.0175271299348e-03
50 6.0340062156993e+04 2.6093223796911e+04 -5.9913246436735e+01 1.9386930024364e-03
51 5.9619703037854e+04 2.8575793258899e+04 -8.5344519956177e+01 1.2798187092664e-03
52 5.9405649049369e+04 2.9603103138461e+04 1.5199090743452e+02 9.8779463346392e-04
53 6.0514987686469e+04 2.5848980459992e+04 -9.1752762657187e+01 2.0596550986098e-03
54 6.0062065620102e+04 2.9347481588956e+04 -7.5460683683553e+01 1.7207570151649e-03
55 6.0143889056371e+04 2.6131836693025e+04 9.5879890914409e+01 1.1188257570181e-03
56 5.9985749412855e+04 2.6616525164044e+04 -6.0039581094039e+01 1.4234618571275e-03
57 6.0046659240642e+04 2.8237604056441e+04 -1.1321369898872e+02 9.6928543618742e-04
58 6.0477550523787e+04 3.0613965478469e+04 -1.1255650609876e+02 2.0186205067181e-03
59 6.0345539601668e+04 2.3748611970366e+04 1.0091911196340e+02 1.4801605937081e-03
60 5.9124326091869e+04 2.5017729209882e+04 -9.3799221282748e+01 4.5756863591487e-04
61 6.0927260489528e+04 2.8256086121209e+04 -8.5457766163465e+01 2.3917854698984e-03
62 6.1415761548595e+04 2.5716124853163e+04 -9.0901990924699e+01 2.2358921955444e-03
63 6.1025360952635e+04 2.6101611631589e+04 -1.3629351225278e+02 1.4724838371431e-03
64 6.0652737610547e+04 2.6359186306148e+04 -6.1534588613732e+01 2.0882794301187e-03
65 5.9997423647378e+04 2.9064261232824e+04 -7.8575915873839e+01 1.9976254407515e-03
66 5.7196574259421e+04 3.1043281504008e+04 -1.1333453478002e+02 2.9968640888459e-04
67 5.9129462712334e+04 2.9933555181809e+04 -1.0997005577025e+02 8.5189414857099e-04
68 5.9087313135342e+04 2.7788114214750e+04 -1.2023389430961e+02 6.0566515596511e-04
69 5.9247728779712e+04 2.7356450926031e+04 -7.2902106695695e+01 6.9378044697528e-04
70 5.9658074052635e+04 2.6770008712877e+04 -8.5078940366304e+01 1.0322703465154e-03
71 6.0025774036145e+04 2.9977720543058e+04 -7.8901641574801e+01 1.8803706306717e-03
72 5.9706782402141e+04 2.3531714575386e+04 -1.0256028993428e+02 6.7912828280652e-04
73 5.6369407492422e+04 2.8593758231446e+04 -9.5804547795295e+01 2.9494462262260e-04
74 6.1119156142586e+04 2.7610472534422e+04 1.5877754744536e+02 2.0471939367663e-03
75 6.1465524444957e+04 2.5424220820536e+04 -1.0638174644344e+02 1.1995080066193e-03
76 6.1316976049892e+04 2.5106882124112e+04 -4.3351549950742e+01 2.8271887801087e-03
77 6.0739033844329e+04 2.5921190538994e+04 9.7041032928152e+01 2.1885679031335e-03
78 6.0838223988045e+04 2.5895060279796e+04 -1.1518092058746e+02 2.7493709537330e-03
79 6.1597151539781e+04 2.5466569913968e+04 -8.4123220991961e+01 3.1823000451273e-03
80 5.9442083463550e+04 3.0183594650244e+04 -1.6805984681240e+02 1.3097807594924e-03
81 5.9965282673223e+04 2.9514573970726e+04 -8.7516687677451e+01 2.0115493576206e-03
82 6.1557262590017e+04 2.7023822679866e+04 -9.6833325510456e+01 3.2101731252296e-03
83 6.0411496236134e+04 2.6559988258408e+04 -9.1843795556377e+01 2.1887493117843e-03
84 6.1477096243650e+04 2.7697728832725e+04 -1.0714407765130e+02 2.9854356186471e-03
85 6.2396608667711e+04 2.3445326651817e+04 -3.2962204490222e+01 2.7655454927165e-03
86 6.1526757061406e+04 2.5244149266267e+04 1.1974822995834e+02 3.0832478128198e-03
87 5.6856943550482e+04 3.0408577109898e+04 -1.0286824023246e+02 2.9566857708091e-04
88 5.3218270968873e+04 2.8082590517111e+04 -8.6905330854289e+01 2.9490432366585e-04
89 5.4142658004632e+04 3.0022244036568e+04 9.5108931808237e+01 2.9505318838751e-04
90 5.9484813628293e+04 2.8019153558853e+04 1.4631693513377e+02 9.9179376473092e-04
91 6.0140432161466e+04 2.6056780104594e+04 -9.3135937428596e+01 1.6014277268522e-03
92 5.9463904683298e+04 2.7366916042775e+04 -6.1839154556361e+01 8.8001429263009e-04
93 6.0728037039514e+04 2.6111226197456e+04 -7.7004150226735e+01 2.5544110717886e-03
94 5.4257041467821e+04 2.6368610128609e+04 -9.7802026198049e+01 2.9490431731297e-04
95 5.9935288824613e+04 2.8020450312253e+04 -1.5416814314384e+02 1.4476124521973e-03
96 6.0590323676830e+04 2.7107933103498e+04 -1.4205668028248e+02 2.3349544159385e-03
97 6.0319513990553e+04 2.5016831760029e+04 -6.8783627615489e+01 1.0246490169797e-03
98 5.9456156659010e+04 2.8342476156670e+04 -8.0786372783735e+01 7.6762654925450e-04
99 5.5629233315986e+04 3.1088979548051e+04 5.6240204567193e+01 3.0114461630077e-04
100 5.9465191007322e+04 2.9865169836174e+04 -1.5568885851985e+02 1.1030345063324e-03
101 6.0551230264749e+04 2.7373951084369e+04 -1.1794022327241e+02 2.0241193362171e-03
102 5.9229446714397e+04 3.0763941756284e+04 8.1116946708361e+01 8.6005914584681e-04
103 6.2527023287502e+04 2.6399535720259e+04 -7.1614824903937e+01 1.9566752176464e-03
104 6.0693166888729e+04 2.9031528585123e+04 -2.0418640729065e+01 3.0592666336968e-03
105 5.9019496850296e+04 3.0093162942913e+04 -1.1267379799024e+02 7.8025546229772e-04
106 6.0446238727774e+04 2.7506647248651e+04 -7.1160108670785e+01 2.0499625186668e-03
107 5.9949171941961e+04 2.7037878971991e+04 -8.0520666007604e+01 1.4445945436680e-03
108 5.7268478775873e+04 2.8616251731018e+04 -1.1099846864071e+02 2.9635129653675e-04
109 6.1021779325051e+04 2.9145047238794e+04 -7.0569702866336e+01 3.2431217550458e-03
110 6.0184008618382e+04 2.7414141386754e+04 -1.1632024345936e+02 1.6529026554992e-03
111 5.9359317510046e+04 2.7526190909721e+04 -1.6677920032850e+02 7.1774763250078e-04
112 6.1421164244674e+04 2.5178785664492e+04 -1.1112972551756e+02 2.0522175157322e-03
113 6.1196317465072e+04 2.8945253200049e+04 -7.9383640827826e+01 3.2274332615324e-03
114 5.9986119719247e+04 2.9549148989291e+04 -9.0448819999401e+01 2.0656276054128e-03
115 6.1027119567525e+04 2.7987975208984e+04 -1.0970082431993e+02 3.0979649491968e-03
116 5.9759210046339e+04 2.6273993336864e+04 -1.7327522560349e+02 5.9996650837516e-04
117 6.1557876514868e+04 2.6489652040463e+04 -1.0005974608510e+02 1.6032379732763e-03
118 6.0623701847280e+04 2.4831645395960e+04 -8.8248794707713e+01 1.2157344770208e-03
119 6.1531128433639e+04 2.4097725329473e+04 -1.0349584383875e+02 2.7476994879842e-03
120 6.1250980614453e+04 2.4560877911059e+04 -7.8699686233438e+01 2.3917727894220e-03
121 5.9833772979238e+04 2.8355627894052e+04 -9.6536160897211e+01 1.4840185010294e-03
122 6.0270220111087e+04 2.8575829142613e+04 8.5751983432441e+01 2.3324269322160e-03
123 6.0294262065672e+04 3.0167055193096e+04 1.1424531746642e+02 1.9630401317963e-03
124 5.9945760155256e+04 2.8231062787948e+04 -8.2146390162626e+01 1.1649827013793e-03
125 6.1262373727000e+04 2.5802771964738e+04 -8.2676438935978e+01 3.0347171112578e-03
126 5.9949779419411e+04 3.1768550907130e+04 1.3764501062150e+02 2.4777668624081e-03
127 5.9742290090594e+04 3.0745369755020e+04 -8.7709913952957e+01 1.9133239949418e-03
128 6.0576118057319e+04 2.8840587617081e+04 -1.7144808470077e+02 2.8767346612605e-03
129 6.0872551924799e+04 2.9069094349647e+04 -9.8318962572595e+01 3.1893742673085e-03
130 6.1131795236287e+04 2.5436527848600e+04 -5.7363940086252e+01 2.5517566141812e-03
131 6.0061996140960e+04 2.7601922534136e+04 -6.4999257830513e+01 1.3925402929683e-03
132 6.0648365090544e+04 3.1153286974137e+04 -7.4069739715295e+01 3.1608569626890e-03
133 5.9490308484418e+04 3.3678336594354e+04 1.7825865436463e+02 2.0972913143078e-03
134 6.0659168235281e+04 2.8461112153225e+04 1.5376656279590e+02 2.4793376664995e-03
135 6.0690538605899e+04 2.9678870518821e+04 -6.8380969689678e+01 2.4468568985207e-03
136 5.9914311256488e+04 2.9030769554946e+04 -1.7508276939479e+02 9.0065235840495e-04
137 6.2748031503698e+04 2.0128588019367e+04 -8.3301784922925e+01 1.7631590269666e-03
138 6.0344992524043e+04 2.5461915549103e+04 -1.6728204474663e+02 1.7535318498379e-03
139 6.0455903502721e+04 3.1362730063072e+04 -8.8864566872611e+01 2.6393442021211e-03
140 5.9829947853552e+04 3.0556326369740e+04 1.6916949177935e+02 1.8777458306104e-03
141 6.1963900748724e+04 2.7009371503420e+04 -5.3981222492213e+01 2.9532624135537e-03
142 6.1612132335532e+04 2.6230457341188e+04 1.4847301538069e+02 3.2403119094661e-03
143 6.0573306165913e+04 2.4544104496784e+04 -8.4357388822553e+01 1.3374880009483e-03
144 5.9394014655224e+04 2.1809895662399e+04 -1.3106818606827e+02 4.0350544199803e-04
145 6.1961633627818e+04 2.9074260823324e+04 1.3125543451543e+02 2.5050863742588e-03
146 6.1947264526503e+04 2.7650310739342e+04 -7.7352555932240e+01 2.8056305012906e-03
147 6.1344745740718e+04 2.8852085130436e+04 -7.2929672392657e+01 2.9343689416378e-03
148 6.1281774444057e+04 2.7485861109051e+04 -9.9435354958012e+01 2.7732027815983e-03
149 6.1449560846388e+04 3.0346406450299e+04 -7.1795272288183e+01 2.3867464539827e-03
150 6.0264587258353e+04 2.4645167674574e+04 1.7348385448612e+02 1.3213660777413e-03
151 6.1559065824113e+04 2.4021453803757e+04 -1.0823115453298e+02 2.7713331963013e-03
152 6.0074167481073e+04 2.3483255081951e+04 -8.9092485828280e+01 1.0486203522987e-03
153 5.9056308258862e+04 2.8387446465275e+04 8.1046417642058e+01 5.9054876174169e-04
154 6.0172952548301e+04 2.9412567432310e+04 -8.5621042839766e+01 2.2784121308529e-03
155 6.0555120959030e+04 2.9818190798624e+04 -7.8077763429768e+01 2.6842835559203e-03
156 6.0206749773742e+04 3.0973386270194e+04 -1.0897437155152e+02 2.2818002498332e-03
157 6.0726171117337e+04 2.6445484499338e+04 -9.3915935331128e+01 2.2402728428388e-03
158 5.9319170628229e+04 2.9348302312401e+04 -8.7542199014538e+01 8.2946965507409e-04
159 6.0601368693812e+04 2.5950756288388e+04 -7.5154684841586e+01 2.1045260222487e-03
160 6.1180406065684e+04 2.5007253759241e+04 -9.3469664548523e+01 2.8828402986523e-03
161 6.1155919878398e+04 3.0905004841125e+04 1.1736686089943e+02 3.1595627987099e-03
162 6.0650412427517e+04 2.8436796341662e+04 -7.6292228964639e+01 2.8593120504788e-03
163 6.1074500034318e+04 2.5545483437672e+04 -8.8031876250068e+01 2.8308746622905e-03
164 5.9783695982334e+04 2.8418517516335e+04 -1.5949688351926e+02 1.2106513702167e-03
165 6.1143425952299e+04 2.7078462375528e+04 -7.2970646645748e+01 2.7239420285846e-03
166 6.0140993735942e+04 2.8240224632169e+04 -8.2601654972354e+01 2.0649433334984e-03
167 6.0794505355599e+04 2.7465962175648e+04 -9.8953947181384e+01 2.8023039099150e-03
168 5.9647158722122e+04 2.9814998031386e+04 9.3087798089804e+01 1.5376345285939e-03
169 5.9961141171674e+04 2.8581003493931e+04 -8.7162595298218e+01 1.8125798093754e-03
170 6.1318536826661e+04 2.5043345728354e+04 -1.8673083179857e+01 2.9510733042317e-03
171 6.1999511742081e+04 2.3930198120442e+04 -8.0007714982759e+01 2.8259066624542e-03
172 6.0885335726976e+04 2.6522855035787e+04 1.1829666942445e+02 2.3996520199798e-03
173 5.9894361794257e+04 2.7445991353654e+04 -1.5753524999234e+02 9.1738000751491e-04
174 6.0728151784447e+04 2.7070112017610e+04 1.5634657239450e+02 2.3906777242996e-03
175 6.0172636821805e+04 2.7916509646751e+04 1.4110780653053e+02 1.7951558418878e-03
176 6.2292789994294e+04 2.5092663174445e+04 -9.6644700023843e+01 2.8312229661355e-03
177 6.0858562506480e+04 2.5127366517180e+04 -9.5401813336144e+01 2.5833163164121e-03
178 6.0657079694536e+04 2.5981540366264e+04 -1.1326546755293e+02 2.3669757765633e-03
179 6.1295356747260e+04 2.9606283658827e+04 5.2174822692865e+01 3.2128291711926e-03
180 6.0515284747215e+04 2.8469969439009e+04 -1.7185574199814e+02 2.6705481817269e-03
181 6.1992488655555e+04 2.6354026379940e+04 -1.2212004817287e+02 2.3984909017869e-03
182 6.0265636416236e+04 2.8889983577280e+04 -7.7975424162850e+01 2.3175134073043e-03
183 6.1023479347222e+04 2.7774600985140e+04 -7.9454966688124e+01 3.1795623753948e-03
184 6.0489977072583e+04 2.5847594747157e+04 -1.0807568006008e+02 1.0910257144217e-03
185 6.1683970489059e+04 2.6806194237239e+04 -5.7841314663904e+01 2.8967195263490e-03
186 6.1926721260665e+04 2.5781768400338e+04 -8.7513938103385e+01 1.4030009626569e-03
187 6.2216722013605e+04 2.6840905759922e+04 -8.2044167716628e+01 2.1781650520640e-03
188 6.1234298199314e+04 2.4580163534018e+04 -9.0544630615066e+01 2.8847340755880e-03
189 6.0866142359802e+04 2.5111848764567e+04 -8.6310927944694e+01 2.5752661029930e-03
190 6.0144461406253e+04 2.6444104014111e+04 1.4699600594152e+02 9.0610361817421e-04
191 6.1351394314351e+04 2.5518584629024e+04 -8.0647788650918e+01 1.9713650337426e-03
192 5.9281443024529e+04 2.8768528909884e+04 -1.0800150929444e+02 4.4674414759860e-04
193 5.9841846389075e+04 2.8657448832322e+04 -9.8057893147709e+01 1.5177850428566e-03
194 6.0572285819445e+04 2.6585062550567e+04 -8.0568124439485e+01 2.2278822525367e-03
195 6.0663370411507e+04 2.7291296548701e+04 -4.7350729463861e+01 2.5494787789687e-03
196 5.9995818215792e+04 2.8900248993679e+04 -8.6183509510537e+01 1.8868728817976e-03
197 5.9727792211808e+04 2.3547891537230e+04 -8.4025809991237e+01 5.8804169883141e-04
198 6.1175039004642e+04 2.8947481977485e+04 -7.7253624402255e+01 2.7826030023317e-03
199 6.0178610467160e+04 2.6783615483392e+04 -6.5483590500785e+01 9.9475245148766e-04
200 6.1258565009701e+04 2.7464626978515e+04 1.4917254308136e+02 1.1052665333634e-03
201 5.9459120154889e+04 2.6785575454827e+04 -6.0268291697896e+01 6.5521350449809e-04
202 5.9974171573021e+04 2.8868889393769e+04 -1.7174597933595e+02 1.8458771828958e-03
203 6.1140471773390e+04 2.5488414160253e+04 -1.1438379738237e+02 2.9408440283846e-03
204 6.0844451214759e+04 2.5978853959109e+04 -1.1082500806830e+02 2.7811596824644e-03
205 6.0215502132182e+04 2.6079869321607e+04 -1.0156838053995e+02 1.7368145645116e-03
206 5.9868798489539e+04 2.7333567064226e+04 -1.1513073961112e+02 1.3214689294239e-03
207 6.0788293492099e+04 2.6509965019042e+04 6.6089374656698e+01 2.5159567471415e-03
208 6.1548265699969e+04 2.2843418644259e+04 -7.0586574945257e+01 3.0797642506944e-03
209 6.0488457010671e+04 2.5600773405426e+04 -1.0489251242294e+02 1.5840009761472e-03
210 6.0698772513209e+04 2.5717227680591e+04 -9.7047376247334e+01 1.3563979517085e-03
211 6.1944124178471e+04 2.9347477025618e+04 -4.2506665799615e+01 2.1047970794362e-03
212 6.0665528330456e+04 2.7265121215223e+04 1.1785900469277e+02 1.8995581485655e-03
213 5.9664259816706e+04 2.7856221595604e+04 -9.0920658395674e+01 1.1588678513229e-03
214 6.0520644190734e+04 2.5451686475034e+04 -1.5342960621383e+02 1.7238072646170e-03
215 6.1423298065920e+04 2.3559010931079e+04 -8.3797518553897e+01 2.7766196807501e-03
216 6.0516755384685e+04 2.5126547310592e+04 1.1861646267439e+02 1.6966233754316e-03
217 5.9513779524240e+04 2.3278739839341e+04 -1.1289453887362e+02 5.2881869036744e-04
218 6.0227780637363e+04 2.5351480083575e+04 -8.7318012539433e+01 1.2991759750708e-03
219 6.0374185792789e+04 2.8917520400010e+04 -6.8132675020913e+01 2.4992363053909e-03
220 5.9550047278769e+04 2.5799823492411e+04 1.5058968862357e+02 7.7393886046931e-04
221 6.0482684047526e+04 2.5544853504010e+04 -8.4857758681596e+01 1.5441793480478e-03
222 6.0975607572896e+04 2.4926006012901e+04 -1.0269793147427e+02 2.1170648002041e-03
223 6.0953276642203e+04 2.5258124864667e+04 -8.5452539926035e+01 2.0716398144066e-03
224 6.0131301865762e+04 2.6330473999259e+04 -1.0731590795542e+02 1.5173698778179e-03
225 6.0338532090214e+04 2.4629963707424e+04 -1.2516045448898e+02 1.5895915904601e-03
226 6.1956774383634e+04 2.9069597573599e+04 1.7520362812073e+02 2.0076746554387e-03
227 6.1497737448142e+04 2.7168727540486e+04 -6.3859523609667e+01 2.6986844321560e-03
228 6.1003381340109e+04 2.7937664521028e+04 -1.7537775436686e+02 2.7860808474868e-03
229 6.1563751558515e+04 2.8122772243899e+04 -5.6881495078562e+01 2.3348553539212e-03
230 5.9646541647764e+04 2.5897075996118e+04 -1.1487667347692e+02 8.9725362356100e-04
231 6.0557635975776e+04 2.4706898671078e+04 -1.5046412480262e+02 9.6723312656666e-04
232 5.9928028896490e+04 2.9004875783682e+04 -1.1556511186651e+02 6.5449031111506e-04
233 6.1137724939551e+04 2.2626443806277e+04 -1.1193670214827e+02 1.6442154185104e-03
234 6.1287321418585e+04 2.3871599951321e+04 -1.1480442947294e+02 1.9761065580125e-03
235 6.0668776181848e+04 2.4759160448392e+04 -9.8091287109177e+01 1.6383083143927e-03
236 6.0759567225613e+04 2.3504933735604e+04 1.2603060339703e+02 1.8729776429072e-03
237 6.0780844898293e+04 2.2985024321108e+04 -1.1474003337403e+02 1.8220889078590e-03
238 6.1136947085466e+04 2.4031490591875e+04 -7.8535612139695e+01 1.6907809354133e-03
239 5.8064248976451e+04 3.0068775098276e+04 -7.9423935699762e+01 3.4314782985338e-04
240 6.0658551241753e+04 2.9406834299025e+04 -8.7877383980294e+01 2.8996563000645e-03
241 5.9547056018583e+04 2.9005087500437e+04 -8.1851264774787e+01 1.2064962433269e-03
242 6.0232006106568e+04 2.8170268365672e+04 -8.4390505066424e+01 2.1894802653607e-03
243 6.0708880037633e+04 2.7339130940513e+04 -8.6239410419805e+01 2.5825604915958e-03
244 5.9944125856261e+04 2.6035058390208e+04 1.5743970984926e+02 1.0562036002246e-03
245 6.0556263833434e+04 2.9396567020340e+04 -1.7924616619189e+02 2.3500163905655e-03
246 5.8788362509838e+04 3.0887265123597e+04 1.1246569843100e+02 5.1666530221838e-04
247 5.9927079739004e+04 2.8630052415445e+04 -6.3811104108250e+01 1.7751386103108e-03
248 5.9616953339105e+04 2.8292602655522e+04 -1.4685324838158e+02 1.0800840866487e-03
249 6.0877906890554e+04 2.6118397522066e+04 -6.4584012856872e+01 2.7548096011853e-03
250 5.8939789274290e+04 2.8933510435520e+04 -8.9196260419947e+01 5.7887702786541e-04
251 6.0041336148295e+04 2.6069053948609e+04 -7.5782369876222e+01 1.3194210139737e-03
252 5.9983970870130e+04 2.5756874799940e+04 -1.0528788738634e+02 1.2991243879774e-03
253 6.0280292584360e+04 2.6622577239656e+04 -9.0451894585068e+01 1.5615783555912e-03
254 6.0497978231067e+04 2.7392234525440e+04 -6.5253059295852e+01 2.2846740176303e-03
255 5.9972842854771e+04 2.8152134105084e+04 -1.0624865047766e+02 1.6319404666483e-03
256 6.0358194768314e+04 2.7222707277456e+04 -8.6433312115286e+01 1.8868709854484e-03
257 6.0088957435650e+04 2.5330287733688e+04 1.2452547501690e+02 1.2134045880886e-03
258 6.0667876266720e+04 2.4923793719332e+04 -1.0026020766864e+02 1.9174359845446e-03
259 5.6694848889331e+04 3.0297194741508e+04 -8.5175302822039e+01 2.9522028675411e-04
260 6.1793967672822e+04 2.7633113273752e+04 1.2193764924853e+02 2.1185418130462e-03
261 6.2137883966662e+04 2.4255771429469e+04 -6.2216668180183e+01 1.9051332255055e-03
262 6.1254191816940e+04 2.6827399479753e+04 -8.3160926142084e+01 2.1342094770994e-03
263 6.1545015114207e+04 2.4635056505975e+04 -7.5850418712644e+01 2.0773531042023e-03
264 6.0438430165105e+04 2.6430336098871e+04 -9.2359976702905e+01 1.4101428461200e-03
265 6.0401771934606e+04 2.5949752914853e+04 -9.8185433633120e+01 1.7934900186366e-03
266 6.1269486838535e+04 2.8268184326876e+04 -1.2818109755743e+02 2.9110604340330e-03
267 6.2134971239351e+04 2.8091714197085e+04 -4.4751338727103e+01 2.0351573447428e-03
268 6.1828096899858e+04 2.8099740426987e+04 -7.1865139319549e+01 2.0932220918800e-03
269 6.0977712045602e+04 2.8486396513972e+04 7.0034888674249e+01 2.8000879016758e-03
270 6.0588227581443e+04 2.8228583912943e+04 -8.8450292516438e+01 1.7016865148026e-03
271 6.0600995805588e+04 2.7579202033044e+04 -1.0374898535929e+02 1.8285891684700e-03
272 6.0553796695806e+04 2.9833942755566e+04 1.4619160190718e+02 2.9496537049380e-03
273 6.0667965173061e+04 3.0729692953623e+04 -8.2957473367525e+01 1.5953586149325e-03
274 6.0418373822302e+04 2.5898655199205e+04 1.3920610490668e+02 2.0335557550040e-03
275 6.0444792989317e+04 2.6172071328881e+04 -1.0586116852241e+02 2.1417482343408e-03
276 6.1077202068944e+04 2.8225519976923e+04 1.6289117466869e+02 3.2233583373724e-03
277 6.0836350481923e+04 2.9070651896217e+04 -1.4977797124667e+02 3.1723310735360e-03
278 6.1169840725358e+04 2.6429775450078e+04 -1.0415298869750e+02 3.1830112024518e-03
279 6.0703907302891e+04 2.3905236599879e+04 -9.1800650900200e+01 2.0694244016014e-03
280 5.9303909665068e+04 2.5032816459274e+04 -9.4034414102298e+01 5.3957689178371e-04
281 5.9550265224383e+04 2.9000735028593e+04 -1.5858877368484e+02 8.8580585968691e-04
282 5.9978442831107e+04 2.8697290943692e+04 1.1201205499709e+02 1.1680425695943e-03
283 6.2593244659486e+04 2.6200984738604e+04 -8.7150965014072e+01 2.0292119819698e-03
284 6.2450746218716e+04 2.5848108297634e+04 1.4581646078548e+02 2.2144428221256e-03
285 6.0903512107080e+04 2.7351896588709e+04 -9.4862255033774e+01 2.7073071660637e-03
286 6.0795306723616e+04 2.8179759719102e+04 -7.7110304969765e+01 2.9487892441750e-03
287 6.0031911779306e+04 2.9572805678051e+04 -8.6801505848287e+01 2.0088835840092e-03
288 5.9926955998162e+04 3.1597369788932e+04 -9.6445006267106e+01 2.2576910063968e-03
289 6.0789894045285e+04 2.8120946547409e+04 -1.2873227288258e+02 2.4773798054185e-03
290 5.9951107512612e+04 2.8934979042224e+04 -1.6939019946338e+02 1.6418658810660e-03
291 5.9946188252250e+04 2.8798047878497e+04 -1.1606651775021e+02 1.7586279220949e-03
292 5.9421528993609e+04 2.8402456060301e+04 -1.0170699974200e+02 9.8651890820814e-04
293 5.9031477673759e+04 2.8565063580650e+04 -9.7625997969215e+01 5.9116860439255e-04
294 5.9042808101746e+04 2.6570202090908e+04 -1.5504309350287e+02 4.8373224613789e-04
295 5.9246767198042e+04 2.8612203692473e+04 -1.0250985719174e+02 8.2985193424723e-04
296 6.0364754026263e+04 2.2850638683970e+04 -8.8681921578365e+01 1.3046703277666e-03
297 5.9358025887526e+04 2.7540480118713e+04 -1.1461262665459e+02 8.0818658079758e-04
298 5.9506349880589e+04 2.6344820355139e+04 -9.6335998622416e+01 8.0852032927336e-04
299 5.8870184564256e+04 3.0025451978864e+04 -1.0165977185320e+02 6.5171465608812e-04
300 5.9339816054076e+04 2.8454182977242e+04 -1.0544381032500e+02 8.7065553462270e-04
301 6.2017175129353e+04 2.6672118006582e+04 -1.0250320357029e+02 2.4844300829349e-03
302 6.1366381406823e+04 2.7320863133877e+04 -8.1150235665848e+01 2.6788474876688e-03
303 6.1995402903617e+04 2.6643335063538e+04 -8.2976090453872e+01 2.4189726000445e-03
304 6.0437327907395e+04 2.8092974855390e+04 -1.4726025901756e+02 2.1692133868089e-03
305 6.0256038422612e+04 3.0577700767070e+04 1.6936105359391e+02 2.3844209376745e-03
306 6.1112267250882e+04 2.9547274917192e+04 -7.1984373415295e+01 2.9847731657520e-03
307 6.1592986526685e+04 2.5003265974650e+04 -7.5581622188455e+01 2.5879818868766e-03
308 6.0559485027170e+04 2.7275941282287e+04 1.6148217811512e+02 2.2824788779966e-03
309 5.9886513200385e+04 2.8385937122696e+04 -9.0354500554250e+01 1.0808625065534e-03
310 5.9896748417353e+04 3.0856453001499e+04 -5.3523528304976e+01 1.4675599074208e-03
311 6.0871114735056e+04 3.0350792028295e+04 -9.2752351482030e+01 2.7355881440275e-03
312 5.9655726713483e+04 2.9402188646405e+04 -9.6429869342394e+01 1.3498229515042e-03
313 5.9735060954408e+04 2.5895818800973e+04 -1.0021519218143e+02 9.6090516581301e-04
314 5.9981937129661e+04 2.7605291337832e+04 -1.2223740082454e+02 1.5542821782711e-03
315 6.0911275374113e+04 2.9153838068616e+04 -1.5806980642633e+02 3.2057474316245e-03
316 5.9581868844960e+04 2.8454592531287e+04 -8.3186190323708e+01 1.2027387686980e-03
317 6.1760290551050e+04 2.5879169061564e+04 -7.4371934343713e+01 3.2124077188018e-03
318 6.0730400659741e+04 2.5364984829781e+04 -1.0047554675706e+02 2.4655745991217e-03
319 5.9394177877635e+04 3.0728107574804e+04 -7.2642666546144e+01 1.1661726314147e-03
320 6.2038311039856e+04 2.7307645145286e+04 -9.0772812632580e+01 2.0010945736195e-03
321 6.1830079458001e+04 2.4442852181770e+04 -8.4838988317438e+01 2.1695487001285e-03
322 6.1560047995359e+04 2.6543993620812e+04 1.3949705534388e+02 2.7091418647949e-03
323 6.1692423914878e+04 3.1028060849634e+04 4.8798004996639e+01 2.5006301155024e-03
324 6.1412276861879e+04 2.6089416703429e+04 -8.3935651967223e+01 3.2382587741458e-03
325 6.0888756222667e+04 2.7420115276548e+04 1.7043124187245e+02 2.9898822838610e-03
326 6.2461748560673e+04 2.5629319215671e+04 -8.3202843053184e+01 2.3189996933586e-03
327 6.3005904319716e+04 2.4966416335944e+04 -6.8731055304514e+01 1.5011656833562e-03
328 6.1668265534867e+04 2.6282780352383e+04 1.3564675567582e+02 2.8830446316507e-03
329 6.0829587475889e+04 2.5225294721909e+04 -1.6319093827060e+02 2.4978842125605e-03
330 6.1397710142018e+04 2.7170808709123e+04 -1.0303723932075e+02 3.2439410021349e-03
331 6.0776614312679e+04 2.7128037116655e+04 -1.3920688857764e+02 2.8763751078124e-03
332 6.1386027400603e+04 2.6285719420704e+04 1.3463377916650e+02 3.2144556534978e-03
333 6.0770804456815e+04 2.7303684726927e+04 1.6823571048343e+02 2.8912115387705e-03
334 6.1526716680565e+04 2.7169417257896e+04 -7.9637093590148e+01 3.2415546857470e-03
335 6.1266081042755e+04 2.8074050096722e+04 -6.6243389697462e+01 2.8536575085493e-03
336 6.1572847758367e+04 2.8006730941222e+04 9.2558266272763e+00 3.0414642451799e-03
337 5.9622949565621e+04 2.5909163427565e+04 -1.2899748262272e+02 8.3640156727101e-04
338 6.0634118356562e+04 2.5439298415654e+04 -8.0607516606815e+01 1.7422486864415e-03
339 6.0025321601581e+04 2.8335709549616e+04 -1.4434581934965e+02 1.6194082497261e-03
340 6.1641311169739e+04 2.7753316502374e+04 1.1186872960449e+02 2.9598736980724e-03
341 6.1330521490627e+04 2.7136389634350e+04 1.4192166877695e+02 3.1018886224482e-03
342 5.9953704342548e+04 2.7733064468105e+04 -5.7350499478215e+01 9.8732462272084e-04
343 6.1384497768290e+04 2.5382361323102e+04 -8.4162374718416e+01 3.1217667865803e-03
344 6.0849490606320e+04 2.8076691109317e+04 -1.3013042126660e+02 3.0161308018307e-03
345 6.1297523682171e+04 2.8293232072268e+04 1.6240399538345e+02 3.1981119720906e-03
346 5.9297831447016e+04 2.6589288406350e+04 -9.8567820443732e+01 5.3897763843054e-04
347 5.7790397292068e+04 3.1988716467661e+04 -3.5964850831849e+01 3.6331232670870e-04
348 6.0868857019573e+04 2.6047052148629e+04 -1.0532058313364e+02 1.8381629005906e-03
349 5.9702984922421e+04 2.8621394522158e+04 -1.2024057548011e+02 9.7398067568914e-04
350 6.0991390859410e+04 2.6023422377669e+04 -1.1839332759285e+02 2.6437614719170e-03
351 6.0681903514359e+04 2.3518123657065e+04 -1.2251228539190e+02 1.3903251934230e-03
352 6.2083954075777e+04 2.4906369204296e+04 1.2176388226978e+02 2.2370805901107e-03
353 6.1001770472297e+04 2.6955065862054e+04 -1.0294164560308e+02 2.4771119060505e-03
354 6.2017590559828e+04 2.6186100332126e+04 -1.0377844221863e+02 2.6519297775780e-03
355 6.0793479651129e+04 2.7114857812849e+04 -1.2332249446981e+02 2.1670451277424e-03
356 6.1170075548069e+04 2.5565852898476e+04 -7.2722208384464e+01 2.4431816320109e-03
357 6.1804021078050e+04 2.6407945048427e+04 4.9849442850129e+01 1.2475786486916e-03
358 5.8667077948095e+04 2.9074515132515e+04 -1.1899308431323e+02 4.6731683165795e-04
359 6.0239491615616e+04 2.6965984590335e+04 -9.0799422313456e+01 1.9411717654543e-03
360 6.1138295267607e+04 2.7216872948860e+04 1.4925015247974e+02 3.1822019167917e-03
361 5.9399450289359e+04 2.8633942415004e+04 -9.2205500324858e+01 9.9217005153035e-04
362 5.9482566866836e+04 2.6538818964397e+04 -1.0024738642099e+02 8.1172707188966e-04
363 6.0346386163091e+04 2.6340128410196e+04 -9.6091550095801e+01 2.0232135413828e-03
364 5.8745068447206e+04 2.7734481206587e+04 1.7266700847377e+02 4.3911206088437e-04
365 6.0082153726773e+04 2.8782991463362e+04 -9.6006096457244e+01 2.0887282331796e-03
366 6.0330667516814e+04 2.3849742457576e+04 -8.8554709865278e+01 1.3859245858288e-03
367 6.0122640165660e+04 2.6274755853056e+04 -9.7634469184296e+01 1.5654761900440e-03
368 5.9503920782986e+04 2.7446274066316e+04 -1.2224990466330e+02 9.4969695277602e-04
369 5.9136553882892e+04 2.8944317004361e+04 1.1472201509086e+02 7.6563880322301e-04
370 5.9770289159715e+04 2.5401207912774e+04 8.9229720164727e+01 9.5228553611943e-04
371 5.8999013478767e+04 3.0080357854780e+04 1.1114660196997e+02 7.0053442216677e-04
372 6.1167444228464e+04 2.7958736244076e+04 -7.6447864064951e+01 1.6639794231691e-03
373 6.0877168744672e+04 2.9662865091205e+04 1.4091047539034e+02 2.3891873495512e-03
374 6.1560374238891e+04 2.8699966968778e+04 1.0948220688348e+02 2.3166740713345e-03
375 5.9567970717390e+04 2.4613300966706e+04 -9.5735336055381e+01 6.5648702749306e-04
376 6.0806744538004e+04 2.9507090933359e+04 -1.0105670336251e+02 2.7770531787001e-03
377 6.0287437142919e+04 2.9910254015277e+04 -1.4922438816499e+02 2.3012654738373e-03
378 6.0189372111065e+04 2.7959302855183e+04 -8.7423910691157e+01 1.9670722918775e-03
379 5.9733758066436e+04 2.8725388996792e+04 -1.2308045674973e+02 1.2860959261874e-03
380 6.0766307131635e+04 2.4878758412050e+04 -8.6878147107689e+01 2.1650265654625e-03
381 6.0521178499154e+04 2.6450153820472e+04 -8.0055539640185e+01 1.9446484889418e-03
382 6.0141908340572e+04 2.6463379991572e+04 -8.8589705433309e+01 1.6923638310729e-03
383 5.9853451676738e+04 3.0178047454333e+04 1.3604718348112e+02 1.9872870400244e-03
384 6.0808968741753e+04 2.7744091021910e+04 -1.0543745227420e+02 2.9940836720253e-03
385 6.1468391787011e+04 2.7397109504337e+04 -1.6082504477554e+01 2.7046769068231e-03
386 6.1371848994529e+04 2.6494282376934e+04 -8.4142571592662e+01 2.9654499051520e-03
387 6.1601139835536e+04 2.6950386596749e+04 -8.9614639300461e+01 2.5043047134021e-03
388 6.0907056274622e+04 2.8188636234099e+04 -3.6201128931945e+01 1.9094157857958e-03
389 6.0424838221518e+04 2.6436917854941e+04 -2.1073660934794e+01 1.6698003343294e-03
390 6.0540829104110e+04 2.6952562818392e+04 -1.3136393270328e+02 2.0458405328075e-03
391 6.1001433382970e+04 2.3406607846101e+04 -8.3218583608123e+01 1.9680422627951e-03
392 6.0041546733360e+04 2.9932197005254e+04 1.1267702279574e+02 1.9490314423295e-03
393 5.8964346711483e+04 2.6835976521460e+04 -9.9550690465839e+01 4.4229077444790e-04
394 6.1344807607777e+04 2.5348713707456e+04 -8.2212035806140e+01 1.3886501077239e-03
395 6.2140787334125e+04 2.5537966445955e+04 -5.2743060192872e+01 2.7878510799399e-03
396 6.1471697460731e+04 2.2542614399539e+04 -1.5796356361689e+02 2.9080015071670e-03
397 6.1113384042708e+04 2.1918411762752e+04 -1.6326264142128e+02 2.2961004679952e-03
398 6.1588447916786e+04 2.5362758373172e+04 -7.0612996693204e+01 3.2439410021349e-03
399 6.1673784531276e+04 2.3357251868419e+04 -9.6840451892775e+01 3.2327091102306e-03
400 6.1206691921508e+04 2.3859977845857e+04 -8.0096121954976e+01 2.8539108979354e-03
401 6.1613405048782e+04 2.6162100144252e+04 -1.1024248183869e+02 3.2434009932710e-03
402 6.1325764582883e+04 2.6959052871942e+04 -9.5049327491784e+01 3.2437660713452e-03
403 6.1886741968155e+04 2.4796978117901e+04 -1.4068610758080e+02 3.1422635345890e-03
404 6.2243941931133e+04 2.7338597534987e+04 -5.6303056380615e+01 1.2770483353225e-03
405 6.1158687342401e+04 2.6493221516681e+04 -1.3405067056425e+02 1.0346751297730e-03
406 5.9581214129161e+04 2.8827157555773e+04 -1.2313766099109e+02 1.2683968698339e-03
407 6.1208750503791e+04 2.9900227776391e+04 -9.0390809075644e+01 3.2291930097765e-03
408 6.1153514650909e+04 2.8933716557398e+04 -8.9577325601240e+01 3.2390136862508e-03
409 6.0725788727465e+04 3.0131091730120e+04 6.4193787575036e+00 2.8378647603379e-03
410 6.0432483560431e+04 2.9130460733488e+04 -1.5047132628398e+02 2.4557020719965e-03
411 6.1190018807848e+04 2.5979346252421e+04 -1.1470039029132e+02 2.6143548558620e-03
412 6.1979268654726e+04 2.9260455059664e+04 -7.3954286690057e+01 2.0629304378458e-03
413 6.0052269758953e+04 2.8144015860840e+04 -6.6045941644238e+01 1.5253363591346e-03
414 6.0316881051880e+04 2.5573900090765e+04 1.5763452863028e+02 1.4926065741538e-03
415 5.9009826213102e+04 2.7519657863584e+04 -1.2401284760666e+02 4.3636888030423e-04
416 5.9866162282461e+04 2.6080515920774e+04 -8.0690070131843e+01 1.0770582498930e-03
417 6.1210789917622e+04 2.6422464897101e+04 -5.8592250511426e+01 2.9856994539026e-03
418 5.9517121475721e+04 2.4177166921827e+04 -7.4911615004123e+01 5.9254226561853e-04
419 6.0164617157070e+04 2.5490248069385e+04 -9.8981243479538e+01 1.4454884495988e-03
420 5.9212975265589e+04 2.6502155428376e+04 -6.6764370314716e+01 5.8684067409148e-04
421 6.0072438989269e+04 2.6061020943498e+04 -6.8892165439304e+01 1.3976443763055e-03
422 6.0316587994661e+04 3.0059673744929e+04 -1.2580069100405e+02 2.7383564312357e-03
423 6.1114115260035e+04 2.9127409369663e+04 -9.4578215322999e+01 3.1838800261698e-03
424 5.9001404042940e+04 2.8483070550613e+04 -9.1000444070973e+01 6.1614960272852e-04
425 6.1540384804569e+04 2.6650595690459e+04 -6.9754863612136e+01 2.9460159075089e-03
426 6.0460659452311e+04 2.6294406308221e+04 1.2255097702553e+02 2.0051218124491e-03
427 6.0442810232223e+04 2.5526899084948e+04 -1.3674655003136e+02 1.8778376245089e-03
428 6.2578422433714e+04 2.6065720512123e+04 -1.1132061126335e+02 2.0612066831515e-03
429 6.1388077203456e+04 2.4337698641190e+04 -1.0055022861729e+02 3.1100027719581e-03
430 6.0871283715658e+04 2.4629254782627e+04 -5.5744236141725e+01 2.5360290437912e-03
431 6.1862887597884e+04 2.4926480328091e+04 1.5619142626900e+02 3.2280441722626e-03
432 6.1592650965998e+04 2.5879605597765e+04 -1.0623694044149e+02 3.2439410021349e-03
433 5.9151086576278e+04 3.0063833842740e+04 6.8169953986008e+01 6.2591006409943e-04
434 6.1182092385302e+04 2.7787934816863e+04 -1.0828439330927e+02 2.6027836723322e-03
435 6.1540386951241e+04 2.5896706217887e+04 9.8517378492641e+01 3.2299302292685e-03
436 6.2581343039744e+04 2.2291071945709e+04 1.6413861003723e+02 2.8993300118866e-03
437 6.1472793188045e+04 2.6805871061657e+04 -7.1766902056450e+01 3.1729943925441e-03
438 6.1180336583417e+04 2.7070287211431e+04 -9.9383075523727e+01 3.1124798697921e-03
439 6.1153827019174e+04 2.5295045970386e+04 -8.3480348633813e+01 3.0079606939231e-03
440 6.0166448237187e+04 2.7859034791918e+04 -7.9709588063440e+01 2.0360375575058e-03
441 6.0401683169097e+04 2.5937865131980e+04 -1.4886840395816e+02 2.0319377543317e-03
442 6.0760807678505e+04 2.7869750733283e+04 1.3830630755162e+02 2.9408469706004e-03
443 6.1217767209466e+04 2.6865094617081e+04 -6.1989807705416e+01 3.2271565306181e-03
444 6.1196599781118e+04 2.7845325357118e+04 -6.9932207149838e+01 3.1085760218804e-03
445 6.1069473120629e+04 2.5767958681322e+04 -9.9361832466784e+01 2.6451978223530e-03
446 6.0195002512374e+04 2.6674194210578e+04 -7.8245968672709e+01 1.6432541817248e-03
447 6.0692451745922e+04 2.7812623248632e+04 -4.1391597610485e+01 2.3690058376363e-03
448 6.1140182925261e+04 2.6357974861168e+04 1.5663021391178e+02 2.0237451297233e-03
449 6.3113194761387e+04 2.9225758814530e+04 1.7492837788205e+02 7.5578350937294e-04
450 6.0671560785176e+04 2.3906333107596e+04 -8.2864755778073e+01 1.0373792072760e-03
451 5.9936106016142e+04 2.7583680184090e+04 -1.0958039932062e+02 1.5623913817077e-03
452 6.0216822701710e+04 2.6822429942161e+04 -1.0326567740705e+02 1.7912188448603e-03
453 5.9794400990672e+04 2.8580825123223e+04 -1.1252708705350e+02 1.5233074218550e-03
454 6.0432503684764e+04 2.6601192961801e+04 -7.2031030932266e+01 2.1635540265983e-03
455 6.2242318548696e+04 2.8363531778915e+04 -1.2748647587012e+02 1.9192417032953e-03
456 6.1116657677193e+04 2.8463822577808e+04 -8.1177194915687e+01 2.1415337303772e-03
457 5.9909846871463e+04 2.7168791707206e+04 -1.4148140583155e+02 1.1359254909313e-03
458 6.0774976834355e+04 2.7448414312096e+04 -6.3571096842888e+01 2.4097129181297e-03
459 6.0638495817120e+04 2.8655293388733e+04 -1.0075129834007e+02 2.9479559690147e-03
460 6.0736261999720e+04 2.9551067643254e+04 -7.4513750348638e+01 3.1499765121628e-03
461 5.9725745017028e+04 3.0142967139464e+04 -1.5294513628146e+02 1.7500663413357e-03
462 6.1166270196752e+04 2.8167306319322e+04 -8.7363970128210e+01 3.1183939415714e-03
463 6.1325338739033e+04 2.6616212067255e+04 -9.1061277916191e+01 3.1841161626869e-03
464 6.2157272064664e+04 2.6061300165611e+04 -8.3178122556192e+01 2.3964547470377e-03
465 6.1090682822334e+04 2.5831737116554e+04 -1.5371817157812e+02 3.0472538028569e-03
466 6.1699383650541e+04 2.5236219743497e+04 -7.3293287818832e+01 3.1501887125606e-03
467 6.1155055510603e+04 2.7750093495975e+04 -1.5340289913308e+01 3.2216671519541e-03
468 6.0055095606563e+04 2.6848775578888e+04 -9.1592308154076e+01 1.6241130179546e-03
469 5.9815213725799e+04 2.8107101990669e+04 -9.3239875085565e+01 1.4850923683854e-03
470 5.9989745254952e+04 2.8300425144271e+04 -4.5715800799289e+01 1.7161540792987e-03
471 5.9692596074904e+04 2.6735707107573e+04 -2.3703813750399e+00 9.9563803661635e-04
472 6.0173405235721e+04 2.7287775477020e+04 1.3916452981460e+02 1.9229574034983e-03
473 6.0614898363150e+04 2.6630289072299e+04 -1.2610240654617e+02 1.9907416705768e-03
474 5.9949791115703e+04 3.0212147299983e+04 -1.2864367255969e+02 1.8929951638164e-03
475 6.0281776451948e+04 2.9960309749461e+04 -7.4685828787899e+01 2.2907023700113e-03
476 6.0912077086119e+04 2.6383719463803e+04 -1.2650453619131e+02 2.6779774609510e-03
477 6.3131871515826e+04 2.6657891804203e+04 -8.8603406147817e+01 1.1029367685767e-03
478 6.1298626571919e+04 2.9348368988677e+04 1.1063285321309e+02 3.1172672697541e-03
479 6.0037731914239e+04 2.8743889124694e+04 -9.9611398160671e+01 1.9251718487127e-03
480 6.1498750425819e+04 2.2879654677180e+04 -9.2895316677057e+01 1.7642488736400e-03
481 5.9669589984190e+04 2.8470967284320e+04 -8.9171137703748e+01 1.0811483103455e-03
482 6.1392823431839e+04 2.6752536861160e+04 -1.2064550985942e+02 2.7954463866880e-03
483 5.9280402732420e+04 2.7754138042604e+04 -1.1030908432834e+02 6.0373708770131e-04
484 6.1492937949690e+04 2.6854673669169e+04 1.2064463502830e+02 3.1046944758073e-03
485 6.2632403974898e+04 2.4868107547373e+04 -9.2707078839715e+01 2.1105600040076e-03
486 6.2627516926849e+04 2.3894505448790e+04 -1.2132519406685e+02 2.5409301484648e-03
487 6.2170087832576e+04 2.5614446724202e+04 -7.5140575564282e+01 2.6794261134954e-03
488 6.2172305510223e+04 2.5631426470791e+04 -8.4698356834832e+01 2.5136421537171e-03
489 6.2999511218677e+04 2.0699510764717e+04 -9.7411538615989e+01 2.2343147416681e-03
490 6.2938532239999e+04 2.2329148072984e+04 -8.6819840355413e+01 2.3473403005929e-03
491 6.1648266302796e+04 2.8481433577027e+04 -7.5297653434462e+01 2.3976883574697e-03
492 6.1250363016245e+04 2.6035734939921e+04 -3.1354126293184e+01 3.1695410095208e-03
493 6.1921518086387e+04 2.5271833041797e+04 -7.8115843151714e+01 3.0771884422745e-03
494 6.2699985967993e+04 2.3827137223416e+04 -1.0709197917531e+02 2.4062340594236e-03
495 6.1184610832262e+04 2.0690689289887e+04 -9.3087204441625e+01 1.6937625381722e-03
496 6.0795241129591e+04 2.4072318951857e+04 -1.3176650231186e+02 1.5052248412378e-03
497 6.2372677920567e+04 2.6096495670461e+04 -1.0238387104610e+02 2.4407839070603e-03
498 6.2304492052828e+04 2.7106369919524e+04 3.8993875590292e+01 2.2943320762378e-03
499 6.0420410645975e+04 2.6014930479170e+04 -9.6488408918611e+01 1.5829716207977e-03
