0 5.4810615023457e+04 1.4759665679717e+03 -1.4894777007492e+02 3.0031580003573e-03
1 5.5606389994716e+04 2.3773711776267e+03 2.5454141031828e+01 2.1781348731803e-03
2 5.3737205602991e+04 4.6373187524936e+03 -1.5148575627216e+01 5.8448808541347e-04
3 5.4267237328827e+04 1.5180164302701e+03 -2.1198972162234e+01 2.5363388665431e-03
4 5.2481236158677e+04 1.4662537963937e+03 -1.2791697721031e+02 4.9919382383492e-04
5 4.9081555083524e+04 2.6708781113586e+03 -1.6434618811276e+02 6.4825792304513e-04
6 5.0135424996591e+04 2.8534010501734e+03 1.6584499614438e+02 2.1766351677767e-03
7 5.0365853537144e+04 5.2490448245289e+03 1.3102679213642e+02 3.7583996799427e-04
8 5.3533289361394e+04 3.6706425829330e+03 1.3547066384705e+02 1.3774534102513e-03
9 5.2858917867019e+04 8.2520410774492e+02 -4.1146904610268e+01 1.2954763270516e-03
10 5.0231325811593e+04 1.9379207956329e+03 -1.7899701683732e+02 1.8106158505172e-03
11 5.0725747906063e+04 1.5761212180806e+03 -3.8783596616569e+01 2.7506666144171e-03
12 4.9691947459839e+04 2.6310051006557e+03 1.6423281752364e+02 1.7721390283402e-03
13 4.9106352749527e+04 2.6555405465141e+03 -1.6711148001764e+02 8.9759684047573e-04
14 5.3453677487767e+04 1.9625505136416e+03 -1.5493419128979e+01 3.3373649449076e-03
15 5.0927370566438e+04 2.3388510633125e+03 1.1738114461492e+02 3.7524912538025e-03
16 5.0705484605722e+04 2.5723637024643e+03 1.1199297502703e+02 9.7463728472467e-04
17 5.2117632511648e+04 1.2263603860810e+03 1.7961648523054e+02 2.6987875610313e-03
18 5.2255173513709e+04 3.2027629902506e+03 1.2918138176019e+02 2.4371053373906e-03
19 5.4057031241872e+04 3.2359940487013e+03 4.8930403525683e+01 1.1570543700237e-03
20 4.9272396684685e+04 3.4978568463793e+03 9.5576447601828e+01 9.6898946787564e-04
21 4.7512880823799e+04 2.7299108654541e+03 -1.5478575938492e+02 2.7490061518718e-03
22 4.5525016826697e+04 4.2598936208768e+03 1.6548783014422e+02 6.0551503626208e-04
23 6.0804666795710e+04 1.5018194878339e+03 -4.5144977047580e+01 1.2908535196795e-03
24 5.7167392068794e+04 3.7277662511807e+03 1.4148728661264e+02 1.7899528725824e-03
25 5.8296091858904e+04 1.6386874490168e+03 -1.5966921376817e+02 2.7277956499360e-03
26 5.9338991704303e+04 2.8478371421961e+03 1.6494625859308e+02 3.4255591640871e-03
27 5.6881651045494e+04 3.6563171292620e+03 1.5363016225696e+02 1.4792585583005e-03
28 5.8470313845763e+04 1.8240384546876e+03 -4.8360735783688e+01 2.5537422918002e-03
29 5.7800745552146e+04 1.4988612034446e+03 -1.1629426960096e+02 2.2048914552593e-03
30 5.5465338325172e+04 2.1972694778564e+03 -1.7236886512489e+02 1.1880364660182e-03
31 5.5726367192892e+04 2.8354271238973e+03 1.7325075332140e+02 5.8412556764217e-04
32 5.5727105826734e+04 2.8214684952096e+03 1.7492964132713e+02 3.1484311867471e-03
33 5.6002196731365e+04 3.4053061056312e+03 1.4678125413278e+02 2.1574419318558e-03
34 5.6781449594572e+04 1.9557970702660e+03 -1.3842940831950e+02 3.6307730527360e-03
35 5.5336270133478e+04 3.2021549504205e+03 1.3804785248806e+02 2.6839604213300e-03
36 5.5053354810485e+04 3.8759456677809e+03 1.7738213856220e+02 3.6363588518728e-03
37 5.8782758919435e+04 2.8898564996001e+03 1.5662620663697e+02 3.0609905220089e-03
38 6.0434662798098e+04 2.0368511374681e+03 -5.5955982832372e+01 3.4419918452531e-03
39 5.9991194972637e+04 2.6417705618899e+03 7.9173140388325e+01 3.5969052513030e-03
40 5.8778401111150e+04 2.8296222598897e+03 1.4425194226917e+02 3.6105944260001e-03
41 5.4012848782829e+04 3.1099556945295e+03 1.7627257229079e+02 1.7504451484528e-03
42 5.2268792775270e+04 3.7223326772333e+03 1.6437799467584e+02 8.2852908886411e-04
43 5.7272995975098e+04 1.4954246710324e+03 -2.6032086333172e+01 1.5060733433289e-03
44 5.5067010396707e+04 3.5014978134781e+03 1.5502219170211e+02 2.1862132310608e-03
45 5.6443880361299e+04 2.5720638145725e+03 -4.8345600554422e+01 3.6729754654715e-03
46 5.5596875878547e+04 4.4396526184737e+03 1.6083599014211e+02 6.2006739829718e-04
47 5.1939670259514e+04 2.5859344975314e+03 -3.0354981178209e+01 1.3869285156172e-03
48 4.7370290090443e+04 4.1802029686618e+03 1.7109283465273e+02 5.9084864288672e-04
49 4.5932829731870e+04 3.3468854466893e+03 1.4942544045873e+02 5.7348570494779e-04
50 4.8107213123322e+04 1.8031318552985e+03 1.6259456243878e+02 1.9282902868933e-03
51 4.9370636133810e+04 3.0832250062481e+03 1.2798099293712e+02 2.5523746074569e-03
52 4.8198414437455e+04 2.2711595357907e+03 1.3254349772974e+02 2.9116495278469e-03
53 5.1583473743974e+04 1.1499247665495e+03 -4.2520687170665e+01 6.6866211322067e-04
54 4.6147206410266e+04 1.5369024130949e+03 -1.7901762528003e+02 8.8606144900250e-04
55 4.8260002792954e+04 2.3548134387070e+03 1.3271780072317e+02 2.5471402884782e-03
56 4.5438291431567e+04 1.0953255331738e+03 -7.5995890039331e+01 2.5608166979089e-03
57 4.4938088096780e+04 6.5241745269676e+03 1.6476353448719e+02 3.4377408481525e-04
58 5.4187135663450e+04 2.0660820780460e+03 -1.7672132670038e+02 3.5376603508366e-03
59 5.6836642791867e+04 1.5136428590273e+03 1.6298588015484e+02 1.6807015724832e-03
60 5.6222765481389e+04 1.4901894091646e+03 1.2845123983034e+02 2.5482324626238e-03
61 5.6128340924676e+04 5.6448045525447e+02 -1.8171644439777e+01 1.1524491153866e-03
62 5.2688857139507e+04 3.7108144784242e+03 1.3416849357371e+02 8.7323314753736e-04
63 5.5572857119457e+04 1.5226238831050e+02 -2.3510662081564e+01 6.0411341920219e-04
64 5.3872545140096e+04 2.7882660329277e+03 1.4306646934612e+02 2.7912741318181e-03
65 5.2664082606832e+04 1.9876860012574e+03 -4.4739674598412e+00 3.7613083291230e-03
66 4.9541881019455e+04 2.7370627027011e+03 1.6284821141285e+02 1.3200847350995e-03
67 5.5647845782930e+04 2.0861731425986e+02 -8.1974544842130e+01 8.0738160138904e-04
68 5.4784103300859e+04 2.7476437707206e+03 1.1781964986377e+02 3.4435350392001e-03
69 4.9078460506080e+04 3.1957630179108e+03 1.6214607779485e+02 1.6202912712466e-03
70 4.7010956366077e+04 3.8508020441760e+03 1.4363420316265e+02 8.0387940776555e-04
71 4.8449618454119e+04 1.5869314284839e+03 -1.5623969668343e+02 3.3190278005192e-03
72 5.1299294847284e+04 2.6326968767376e+03 1.5942978416959e+02 3.2743406098684e-03
73 5.0971475630638e+04 2.8630374320909e+03 1.5004195314759e+02 3.0392014886382e-03
74 4.8826517602465e+04 2.2575854528389e+03 -1.7052455013238e+02 2.6484439001855e-03
75 4.9229423376435e+04 2.0245921210239e+03 -1.3833749339858e+02 2.9307287421501e-03
76 4.9320662556339e+04 1.9725692197825e+03 -1.6453005330762e+02 2.4645389268848e-03
77 5.4400292169799e+04 2.9726368188011e+03 -3.7941762008860e+01 2.6569330466020e-03
78 5.6069966386497e+04 2.0012200016707e+03 -2.1905151098605e+01 3.1134205355309e-03
79 5.4451986770720e+04 3.4266515619710e+03 -6.8159263673066e+01 1.5376605009211e-03
80 5.1182837110671e+04 3.9763118208502e+03 1.6567564266564e+02 9.8929428669031e-04
81 5.4124803347418e+04 3.3406335789304e+03 1.7333716694940e+02 2.1845528879470e-03
82 5.1713406616103e+04 2.6607537715998e+03 1.6227729974053e+02 3.5219208086405e-04
83 5.0496301039889e+04 4.9587932028598e+03 1.6013436382667e+02 3.6337818772623e-04
84 5.5526314257598e+04 2.6504842070625e+03 -3.8453127569911e+00 2.3643294214588e-03
85 5.4262283457956e+04 3.1243878782491e+03 1.4998274397676e+02 2.0162575777173e-03
86 5.3558950637191e+04 2.7795824897590e+03 -1.7854411014387e+02 3.0016040798674e-03
87 5.2505638859432e+04 2.8264477894609e+03 -4.4611006781360e+01 2.3550433494090e-03
88 5.6321526314547e+04 1.0474756795356e+03 -2.9385139970012e+01 1.9119599307955e-03
89 5.3986582137954e+04 1.8077514017246e+03 -1.7774727192477e+02 3.0588525455826e-03
90 5.4515936198328e+04 2.3830622270380e+03 1.3947037317521e+02 2.7151837541016e-03
91 5.6105852837450e+04 3.5303622507320e+03 -1.7837991141086e+02 8.1223230700716e-04
92 5.9257519675273e+04 1.1851547844475e+03 -1.5584779397980e+02 2.0259308623229e-03
93 5.8192233955740e+04 8.9178442363369e+02 -7.9446284660417e+01 1.3452279391980e-03
94 5.3832965824563e+04 3.4609574471424e+03 1.6915658103355e+02 3.5023046757035e-04
95 5.3788129384602e+04 -3.2857528184325e+02 -5.0496082376819e+01 5.0151232935254e-04
96 5.1316567471321e+04 1.7385016726359e+03 1.3936569123230e+02 3.6322738125343e-03
97 5.1251748432164e+04 1.3091360882503e+03 9.6780276163512e+00 2.5630683126644e-03
98 4.8864650473402e+04 1.7158547946932e+03 -1.5642420554684e+02 5.3633900466337e-04
99 5.1181918983380e+04 4.6675700729881e+03 1.3400210503716e+02 4.9723251886945e-04
100 5.0296949140607e+04 7.2690154906559e+02 -1.7776572184911e+02 6.0003301210569e-04
101 5.2407467874246e+04 2.5929602681914e+03 1.3035359816008e+02 3.4899811287307e-03
102 5.3014517239683e+04 2.7584386077447e+03 -6.7165248362355e+01 3.4096567129927e-03
103 5.5129173166007e+04 2.7381500946875e+03 -7.0774594147966e+01 3.5693228283498e-03
104 5.3827521073388e+04 3.0869753716727e+03 -1.9131223546961e+01 2.2932245586937e-03
105 5.4839379180406e+04 2.2166669169572e+03 -6.2100629835203e+01 2.4772304625459e-03
106 5.2002764832303e+04 2.9475598401942e+03 1.5196313614870e+02 2.1326519876891e-03
107 5.2781370370885e+04 2.1364565532382e+03 -1.1866513890057e+02 1.3019525698120e-03
108 5.2832361804343e+04 3.4831435402071e+03 -5.7028859523238e+01 2.0362325165670e-03
109 5.5508289117048e+04 -2.2794491876120e+01 -2.7434057167454e+01 5.8388170701839e-04
110 5.6705675487304e+04 9.8730952059519e+02 -3.7035671223780e-01 1.0340117068121e-03
111 5.3674199790779e+04 3.5480134134510e+03 1.5460230670631e+02 8.2339901930063e-04
112 5.4477666692697e+04 3.3243240412357e+03 1.6163316434184e+02 2.2850272979860e-03
113 5.4724943852073e+04 2.4410117765733e+03 -1.7274392795300e+02 1.0524202927028e-03
114 5.7516519959740e+04 1.7278514280947e+03 -5.9163602461310e+01 1.1042644554927e-03
115 5.7575126622679e+04 2.6439015691466e+03 -5.2406592693678e+01 3.7166288613432e-03
116 5.4533427911562e+04 1.1455994143911e+03 -1.1874188028601e+02 1.7881047930991e-03
117 5.4873925636036e+04 1.6496445944400e+03 1.3221188350404e+02 3.1287463446812e-03
118 4.9815559444134e+04 2.7036973375404e+03 1.6753542116165e+02 1.0315281641446e-03
119 4.9651446819927e+04 3.2436238306761e+03 1.5916891376713e+02 1.6486146874788e-03
120 5.7368247246189e+04 2.0578130059598e+03 6.5930640795911e+01 3.4407391169734e-03
121 5.5773208384214e+04 3.3369466111570e+03 1.4548524409313e+02 2.5045450828686e-03
122 5.3302894692400e+04 2.4210912159595e+03 1.5648114562974e+02 1.8129605887442e-03
123 4.8267388252913e+04 4.9291829793786e+03 1.4416924860295e+02 4.0727604828365e-04
124 5.2655692199633e+04 1.4942971228921e+03 -1.1639744654740e+02 2.2293459889861e-03
125 5.5106864092686e+04 1.5043780600230e+03 -1.7755868492270e+02 1.4229243601274e-03
126 5.4623738364169e+04 2.7727582868234e+03 1.4810886659674e+02 3.4006122728028e-03
127 5.1994470420889e+04 3.8960139431047e+03 1.5768272337927e+02 1.0715897538714e-03
128 5.4064172100698e+04 4.2333896884889e+03 1.4308862427509e+02 7.8652806063521e-04
129 5.5718618020887e+04 2.5778760039701e+03 1.6878367759829e+02 3.1251633777535e-03
130 5.6439046176205e+04 1.0253533735691e+03 -1.5399108693320e+02 5.8894025528217e-04
131 5.6330987009748e+04 1.3244591480293e+03 -1.5339794501678e+02 2.5223361400286e-03
132 5.3913474728344e+04 2.0643650009509e+03 -1.6016786985032e+02 1.4106348484201e-03
133 5.6624947097510e+04 2.5537905071499e+03 -1.7078854085500e+02 3.7171020288248e-03
134 5.4172761017986e+04 2.3743514646577e+03 -4.7156115948792e+01 1.4420651233714e-03
135 5.4251316958087e+04 3.9505432419200e+03 9.1537917696487e+01 9.3144017266015e-04
136 5.6306073677874e+04 3.2478182938193e+03 1.1888577863469e+02 2.1313571800227e-03
137 5.5829056830627e+04 2.1338095836538e+03 -2.4133261655809e+01 3.6435633424218e-03
138 5.3569928767116e+04 3.0276723376820e+03 1.4213187297988e+02 2.2833219948038e-03
139 5.5440297803225e+04 2.2492300978178e+03 1.3297455892274e+02 3.5439110823151e-03
140 5.3792320729867e+04 2.0673319134568e+03 -7.9518952530767e+01 3.6088526949882e-03
141 5.2925916666106e+04 2.4922539187948e+03 -1.5409996796511e+02 1.6638926765569e-03
142 5.5736925518692e+04 2.5410221151187e+03 1.5729768173348e+02 3.7340392817991e-03
143 5.4271259212398e+04 3.6665435474997e+03 1.3424185740059e+02 1.5126425470137e-03
144 5.3211043885008e+04 3.6848517960526e+03 1.4146406002514e+02 1.4220266480576e-03
145 5.4484626940955e+04 2.3506536980316e+03 1.5214354160927e+02 1.1613114099682e-03
146 5.2712764330585e+04 3.0784071214560e+03 1.6036496394162e+02 2.6012564672547e-03
147 5.5169363832704e+04 1.9438494874822e+03 3.5921360319461e+01 3.6063776350572e-03
148 5.3795837488351e+04 2.7141451394481e+03 -4.2795479096647e+01 3.1013340953021e-03
149 5.3669243516280e+04 3.5302849847467e+03 7.5796665065896e+01 1.2497401519394e-03
150 5.5575739956027e+04 3.6458465789463e+03 -1.4858640615676e+02 4.6204023615544e-04
151 5.6879040164447e+04 3.1277969938404e+03 1.1554239161079e+02 9.8498284430454e-04
152 4.9738817229766e+04 4.2652521886030e+03 -1.7851896115318e+02 5.5073509898244e-04
153 5.1326862650275e+04 3.0897664385595e+03 1.7290589126485e+02 6.7211636778347e-04
154 5.4262681881886e+04 2.6517393369168e+03 -7.5879735593338e+00 3.2225724561677e-03
155 5.6270391353397e+04 4.2172037721209e+03 1.1149505610020e+02 7.5734469157090e-04
156 5.6909030888862e+04 2.4152826324417e+03 -2.2642469876456e+01 3.4588616098294e-03
157 5.7301276312276e+04 1.1930947725974e+03 -4.5585519280952e+01 2.2559662020791e-03
158 5.1284454898549e+04 3.8423750048237e+03 1.5552112764572e+02 1.2248513666845e-03
159 5.3857814950725e+04 2.4239578120408e+03 5.2476797992395e+01 3.6250347938812e-03
160 4.9515961553055e+04 1.9578714583453e+03 1.7110346798755e+02 2.3913492496240e-03
161 5.2607502773490e+04 2.7006451384731e+03 1.4982757834070e+02 3.2312334895148e-03
162 5.6948105170564e+04 6.2482754875856e+02 2.9020632535505e+01 1.2151212797628e-03
163 5.0226225958439e+04 4.8515258010594e+03 1.2317142786669e+02 4.4062653054916e-04
164 4.8808383409773e+04 3.2639345870380e+03 -8.4345353082605e+01 1.3718009295379e-03
165 5.6430566239474e+04 1.6623319404875e+03 -3.7393823359785e+01 9.1669992556734e-04
166 5.5049787394981e+04 1.9826637332361e+03 1.6426329911498e+02 1.0281682901397e-03
167 5.8226732814020e+04 1.7993044915527e+03 -1.7055910813576e+01 1.6551826543159e-03
168 5.7410671607241e+04 1.6854902549303e+03 -3.2213047930435e+01 2.2275601313618e-03
169 5.5899917631401e+04 2.7768965336276e+03 1.5227262343781e+02 2.2803980992357e-03
170 5.6749561082419e+04 2.2353703952828e+03 1.6265976422795e+02 3.5966735294411e-03
171 5.6727124752474e+04 8.6893611978540e+02 -1.2844960145078e-01 1.6158951675850e-03
172 5.4597737941290e+04 5.2972224888654e+02 -5.2509274222732e+01 4.4834562035401e-04
173 5.2218587585717e+04 1.3762873691059e+03 -1.2962474518314e+02 3.0412047461335e-03
174 5.3171780449040e+04 2.7156960380129e+02 -3.9818589999322e+01 8.3959248552694e-04
175 5.3847211407698e+04 2.1837207044040e+03 -7.5127826389935e+01 2.0231632030110e-03
176 5.5744109488862e+04 2.9194464334739e+03 -2.1515059625548e+01 3.3542708629433e-03
177 5.3050961452026e+04 2.3187838285117e+03 -1.5857704611364e+02 1.1689326618573e-03
178 5.5280711277359e+04 3.7685675846415e+03 1.5514831233739e+02 1.0733874240015e-03
179 5.4674046503943e+04 2.2873349948181e+03 -1.5630704186839e+02 1.1060411011057e-03
180 5.6423532892966e+04 2.4319486953402e+03 -3.8058094328587e+01 3.7815048480114e-03
181 5.7853395878157e+04 2.1289920746687e+03 -2.7167720455906e+01 2.6575054075959e-03
182 5.7302017986670e+04 1.6786998632341e+03 -1.6824131719511e+02 3.1729533243655e-03
183 5.1193203567945e+04 2.7435622522453e+03 1.7169429659374e+02 1.6728215242987e-03
184 5.3513716512195e+04 2.7670253894087e+03 -3.8376128251008e+01 3.1136490786129e-03
185 5.4881883355077e+04 1.6150882566928e+03 8.7764647572969e+01 2.5741397226405e-03
186 5.0630518652547e+04 3.5771321552543e+03 -1.6541658540002e+02 1.4836298741683e-03
187 5.3009564754915e+04 2.8445806112316e+03 1.7774861868391e+02 2.4974987220734e-03
188 5.3926684394401e+04 2.4572251224314e+03 1.5570263166656e+02 3.6978473450450e-03
189 5.4245020173414e+04 1.9545702118440e+03 -1.4614772464498e+02 3.5679110876385e-03
190 5.3798250244859e+04 2.1608339331623e+03 -7.3431933696783e+01 1.5317361284006e-03
191 5.6343425058975e+04 1.2634521816215e+03 1.7250765487101e+02 2.1456223430006e-03
192 5.7564594960879e+04 6.8545448287586e+02 -1.1837689185909e+02 1.1716974527544e-03
193 5.7141036187848e+04 2.2377226764801e+03 1.5699824958299e+02 3.7135696555643e-03
194 5.8437063593997e+04 2.3332577698048e+03 -3.1332965695172e+01 2.5874385315952e-03
195 5.2240870226327e+04 4.1947224310228e+03 1.2370788595211e+02 5.8326823212376e-04
196 5.3841751970713e+04 1.8630437800600e+03 -5.3008108625757e+01 1.3008533300893e-03
197 5.3451628944442e+04 1.8540621905218e+03 1.3618134822242e+02 3.3391918704019e-03
198 5.0516461078142e+04 3.4171141325366e+03 1.5154001728903e+02 1.4550649770996e-03
199 5.2158179530790e+04 8.9725153051558e+02 -1.0986996510177e+02 1.1604689138431e-03
200 5.7683040959309e+04 1.5165507636198e+03 -4.4460669906799e+01 2.3090277045022e-03
201 5.5351775355773e+04 2.8929154985743e+03 6.6851945813729e+01 2.6980029602593e-03
202 5.4525681219516e+04 2.1295732315541e+03 -1.6312583568455e+02 3.4250230410591e-03
203 5.2240778525564e+04 2.8709849763269e+03 1.6578186713925e+02 4.4891384124742e-04
204 5.1146590631259e+04 2.6834239664918e+03 1.4196503659049e+02 1.5425134689124e-03
205 5.3578191633708e+04 3.0048098731537e+03 1.4821758593714e+02 2.8441039495640e-03
206 5.5234396755450e+04 1.8009548341234e+03 1.5298434894046e+02 3.2245724312593e-03
207 5.3090698745538e+04 3.7281747233907e+03 1.6209562655912e+02 9.8661873141787e-04
208 5.5492867571433e+04 3.3394386571437e+03 -7.5698790943672e+01 2.3798080487725e-03
209 5.1169035881151e+04 3.2000024086370e+03 1.7602035905555e+02 2.1021219034077e-03
210 5.5147659852710e+04 4.2827154204258e+03 1.2297550251015e+02 5.6722069679603e-04
211 5.8141539578985e+04 2.4520652732935e+03 2.0501674787112e+00 3.3014020907425e-03
212 5.0503240674332e+04 3.2115717861472e+03 1.2404263164963e+02 1.2342137304078e-03
213 4.8098457747383e+04 1.7166722086148e+03 -1.7265829172647e+02 1.6109892916305e-03
214 5.1015398103219e+04 -2.1388685108018e+02 -8.3410594965263e+01 3.9609176279801e-04
215 5.2152563665536e+04 1.7349345783915e+03 1.6605060100260e+00 4.2154318534850e-03
216 4.8008285743945e+04 1.4134688626867e+03 -1.3748216665055e+02 3.4574295069926e-04
217 4.8983270231888e+04 1.8606966661744e+03 1.6198800410657e+02 3.8744633831181e-04
218 4.7254727678323e+04 3.2227515740797e+03 1.5615858460697e+02 1.2016451408400e-03
219 5.2574159506867e+04 8.6646802096297e+02 1.5041297377020e+02 1.9900044745424e-03
220 5.0650364692868e+04 2.3267277505199e+03 1.7268868752254e+02 1.7770214245519e-03
221 4.7427266925762e+04 3.2186218999585e+03 1.6695971849510e+02 1.2985895622001e-03
222 5.0685884668567e+04 4.1786959576960e+03 1.4216565183599e+02 5.6254434020820e-04
223 4.7751247539303e+04 1.9191846730778e+03 1.7856684823353e+02 3.2914946127205e-03
224 4.8167648857726e+04 2.3594454903744e+03 9.4054215093605e+01 2.2956726530482e-03
225 4.5606370647111e+04 2.7033763310856e+03 1.7017635444350e+02 1.8969134093169e-03
226 4.6881377164835e+04 3.6929546710781e+03 1.3853663631158e+02 1.2275990198028e-03
227 4.8598860967474e+04 2.2421659816597e+03 1.4522584779721e+02 2.9769711465954e-03
228 4.9396407178800e+04 3.5615849376765e+03 1.2048938227310e+02 6.9770237571275e-04
229 4.6850266219965e+04 2.6282679009688e+03 1.7023828455998e+02 3.1788573275861e-03
230 4.9649165719327e+04 2.4200792440295e+03 1.5928270825862e+02 3.6273780362687e-03
231 4.5844249955451e+04 3.0031286880120e+03 1.3054549911082e+02 1.9566301707162e-03
232 4.3692331295457e+04 1.7595996412980e+03 -1.3127520905801e+02 8.0307968603126e-04
233 4.3602449844996e+04 1.8700119490978e+03 -1.2962146368254e+02 2.2148520129773e-03
234 4.9638117611671e+04 3.8826831747508e+03 1.5990772956971e+02 9.6542939473183e-04
235 5.2974401678931e+04 9.6917877744581e+02 -1.5264298425028e+01 2.0660353909318e-03
236 5.0573233926478e+04 2.3650638225411e+03 6.8845748428865e+01 3.5738657139297e-03
237 5.0588312234276e+04 1.7308009549077e+03 -5.4962492086173e+01 3.6254648392645e-03
238 5.4388492827078e+04 2.1270097560240e+03 -4.0177498529292e+01 2.9499811762006e-03
239 5.0666802754974e+04 3.0466863607528e+03 1.4991737997706e+02 1.3724901431241e-03
240 5.1071847420708e+04 2.2684220408804e+03 -4.7588535616071e+01 7.9031954997982e-04
241 5.4109515332267e+04 2.0628452051370e+03 -4.4509075117221e+01 3.6983861120208e-03
242 5.4137953082348e+04 3.7459715006675e+03 1.1385601114769e+02 1.2220978563556e-03
243 5.2923404804775e+04 4.0747931050909e+03 1.1221093544960e+02 1.0399297829810e-03
244 5.2278685844440e+04 1.0024724026823e+03 -1.3039171435916e+02 2.0510318433949e-03
245 5.2862583936351e+04 2.1190942940810e+03 5.9889658310205e+01 2.3288972607603e-03
246 5.0801896196461e+04 1.8378156346503e+03 -1.6197781343974e+02 2.5889325500326e-03
247 6.0306161463692e+04 1.2314845597093e+03 -1.6505017214033e+02 1.1639275473093e-03
248 5.9612738568948e+04 2.5515836396124e+03 1.7547242487931e+02 3.9777747128046e-03
249 6.1607003487962e+04 1.8045991739497e+03 -1.7179007909037e+02 2.9284258649133e-03
250 5.8027436173282e+04 1.8806673330707e+03 -1.4520279576828e+02 1.1686136387405e-03
251 5.6725332353342e+04 2.8057173552423e+03 -1.7041135341549e+02 1.3796549187793e-03
252 5.8816069703932e+04 1.9235428048752e+03 -1.4508687145849e+02 3.0769379644245e-03
253 5.7542473865503e+04 2.3649061258975e+03 1.5997681965433e+02 3.1992453217214e-03
254 5.5569389882474e+04 3.3119914934348e+03 1.5187139214208e+02 1.9357582463956e-03
255 5.7820390278346e+04 1.1637926187133e+03 -1.7182899088513e+02 4.4719960735731e-04
256 5.9964816052402e+04 3.2901629668396e+03 -5.8378196635880e+00 2.9893250339876e-03
257 6.0802289526757e+04 2.8303462929483e+03 1.5675159519057e+02 3.1504052727392e-03
258 6.4019245780764e+04 1.3969002516667e+03 -1.2296501933854e+02 1.9328164880006e-03
259 5.8349159338115e+04 4.7326318035597e+03 1.3064493685802e+02 5.3356778251627e-04
260 5.6332300806815e+04 2.6727833880835e+03 -1.6535018363239e+02 1.6420761502969e-03
261 5.8050191057469e+04 3.7993229211469e+03 -8.3048114151979e+01 1.3212589006747e-03
262 5.0874802386473e+04 1.9103394183573e+03 -1.5584758927617e+02 8.2911655958333e-04
263 5.0480759261024e+04 2.1528256703335e+03 -1.7289537983706e+02 1.2383218674460e-03
264 5.4503503427853e+04 3.6603082112003e+03 -1.7314050162007e+02 1.2885465240319e-03
265 5.3759738534492e+04 1.3944397023337e+03 1.6821396999272e+02 1.0457732271392e-03
266 5.4761188315128e+04 2.2423363944789e+03 1.5446411043130e+02 9.2825969415007e-04
267 5.7544112552043e+04 1.9713767219495e+03 -1.6336279530637e+01 4.5728039285128e-04
268 5.6296280863103e+04 2.2469515631922e+03 2.6693724139071e+00 3.6502068535494e-03
269 4.8661066445966e+04 2.9211369735102e+03 -1.6387940125432e+02 2.3270433997422e-03
270 4.3842865234810e+04 3.0563764070913e+03 -1.2546912011953e+02 9.3171338762135e-04
271 4.5937977693769e+04 3.9804949456306e+03 1.5181015082980e+02 7.0055280970490e-04
272 4.5066373150720e+04 2.5948876572285e+03 1.6819641988096e+02 6.6830911678205e-04
273 4.5407257554307e+04 3.3083483432766e+03 1.5884176207252e+02 7.1758118927054e-04
274 4.7281139461804e+04 2.9630323699119e+03 1.6036181555722e+02 2.3516490356883e-03
275 4.7782841563672e+04 2.7723481446318e+03 -1.6473035723884e+02 3.0361497321791e-03
276 5.4928099585853e+04 3.7912963484763e+03 -1.5022167273116e+02 9.8128635789027e-04
277 5.6821461114433e+04 8.7797178473583e+02 -8.5777609712716e+01 1.5947443503922e-03
278 5.4892521220658e+04 2.2892337277167e+03 1.6638790101557e+02 3.0708123645915e-03
279 5.3871021651548e+04 2.9440012543833e+03 4.4114487197740e+01 2.4599267575229e-03
280 5.1381318835778e+04 4.0538445749406e+03 1.3802824374541e+02 9.4484376264701e-04
281 5.0310366094174e+04 3.2974771491855e+03 1.4839358034591e+02 1.8705434354089e-03
282 5.2163742288078e+04 1.8960014522582e+03 -2.8605588456348e+01 2.0600547700710e-03
283 5.4358882576801e+04 1.7666156403304e+03 1.5193918181948e+02 2.9264425694840e-03
284 5.6065771745322e+04 6.6051807035978e+02 -1.0350725542447e+02 6.8034142269909e-04
285 5.7512182715862e+04 9.1428903117562e+02 -3.6701472408123e+01 1.4057775058922e-03
286 5.3607522229210e+04 2.2687991151752e+03 1.6177717112235e+02 2.8619008842067e-03
287 5.3465433255596e+04 2.5992595011338e+03 1.5733078607481e+02 3.6340702001989e-03
288 5.3706660395375e+04 2.6165793148526e+03 -1.6126715089196e+02 1.9759197680318e-03
289 5.4189190237381e+04 4.9449699997565e+03 1.4978264393972e+02 4.6135752672801e-04
290 5.9300516163220e+04 3.4930272632657e+03 7.7917838131715e+01 1.3326305553979e-03
291 5.2699534399080e+04 2.5772968656239e+03 1.3241560451101e+02 3.2748763631578e-03
292 5.8413441441093e+04 2.2134789923603e+03 -1.9733779543413e+01 7.4731413358445e-04
293 5.4458879519848e+04 3.0527431398533e+03 1.6738780465465e+02 2.9553225878712e-03
294 5.5619522767139e+04 2.7284987481782e+03 -5.6954947810296e+01 2.6194938260418e-03
295 5.4317329368877e+04 3.9019030175674e+03 1.3904843168243e+02 7.8704301622121e-04
296 5.7586583518797e+04 2.6703571584197e+03 1.5595941811352e+02 1.1467990508690e-03
297 5.4172989306978e+04 3.2377875847287e+03 -2.7284912264556e+00 2.2276311224389e-03
298 5.2269459804685e+04 3.2382069394738e+03 1.6343371507088e+02 1.0720590252291e-03
299 5.2807352218555e+04 2.0437130583122e+03 -5.4280217480860e+01 1.4425487427806e-03
300 5.1644232370069e+04 3.7520000343811e+03 1.1589674438298e+02 1.2598840068193e-03
301 5.0633803659611e+04 2.8012126751869e+03 -1.0975646610219e+02 2.0029151482534e-03
302 5.2067777372153e+04 4.3236003798525e+03 1.5037930725525e+02 7.3432390682043e-04
303 4.9626070420813e+04 1.7509579351306e+03 1.7912919862029e+02 3.4510459283163e-03
304 4.9896212451997e+04 2.1068764648752e+03 1.5568463040009e+02 3.7815048480114e-03
305 5.1119583448582e+04 3.2555413493912e+03 2.8205258645842e+01 2.3501332078241e-03
306 4.7559728579438e+04 3.6308148964299e+03 1.3625352899380e+02 1.3677342727689e-03
307 4.7277355741110e+04 2.4565645166437e+03 -1.3806889772540e+02 3.3698884481498e-03
308 4.6533503110208e+04 3.8835193849968e+03 2.4744544196188e+01 5.3836189508994e-04
309 5.4387762164769e+04 2.0907725844115e+03 1.4107838065352e+02 8.5186972003413e-04
310 5.5180256395682e+04 2.7123349258935e+03 1.4791261264763e+02 3.3950041098890e-03
311 5.1655511144941e+04 2.2103011113435e+03 -1.4471305119050e+02 9.0155738606157e-04
312 4.7586147866412e+04 3.2962424393397e+03 -1.7436678313283e+02 6.5150125320362e-04
313 5.4724339878436e+04 3.0116331246822e+03 1.3919330678352e+02 2.0136612582959e-03
314 5.7129994809620e+04 2.5739770326832e+03 1.2707159323752e+02 1.7120004629025e-03
315 5.3655144033998e+04 3.5687299315997e+03 1.3635695914273e+02 1.8463118931718e-03
316 4.8116250005141e+04 2.0141022328714e+03 -1.2276240418095e+02 2.2700182886619e-03
317 4.7713457410238e+04 2.2938083583681e+03 1.4590303568722e+02 3.4380711078375e-03
318 4.5864245808639e+04 3.4072082436396e+03 1.0536146200450e+02 7.7691293884806e-04
319 4.6285927819084e+04 2.2032953178306e+03 -3.4669092226907e+01 1.5017569116776e-03
320 4.7291963789670e+04 2.9415514794761e+03 -3.6310587189342e+00 8.2024599891745e-04
321 4.7359121646855e+04 2.2005299116758e+03 -4.3115720572519e+01 3.7207772550225e-03
322 5.8468591792149e+04 1.9738640847913e+03 -1.4084238518360e+02 3.2085203125894e-03
323 5.7353904933871e+04 2.4818529208642e+03 -5.6023112950450e+01 2.0335133643531e-03
324 5.6921126813515e+04 3.2910195366765e+03 -1.6878992677178e+02 4.3200600287184e-04
325 5.8435883044772e+04 2.3621269144628e+03 1.3965574157758e+02 3.5767855407457e-03
326 5.6515733560684e+04 2.7688966336706e+03 3.4246676599562e+01 3.5901409557566e-03
327 5.4016606376179e+04 2.0643204817747e+03 1.4553702230345e+02 2.3932472776681e-03
328 5.5975351799327e+04 2.6084966425007e+03 -3.5969911973819e+00 1.9708500130870e-03
329 5.2692601280311e+04 2.4753282758468e+03 6.2433402774454e+00 2.8625373258207e-03
330 5.2153122804412e+04 3.1109096437891e+03 1.2837334327180e+02 1.4171194629713e-03
331 6.0522943953103e+04 2.1887224332189e+03 1.5636083021326e+02 2.3265938172486e-03
332 5.4646342171994e+04 2.4186881991936e+03 1.5400398507028e+02 3.7674775072547e-03
333 5.3215740542808e+04 3.9621134166129e+03 1.0421941964552e+02 1.1466237864340e-03
334 4.8084610816100e+04 3.2740659705161e+03 1.3560200063792e+02 1.5694982102940e-03
335 4.6953297475278e+04 3.4506393380647e+03 1.6145404220727e+02 1.2819516967064e-03
336 4.8255079460736e+04 3.0737958867288e+03 -1.0544797749639e+01 1.9697748938323e-03
337 5.3164257660885e+04 1.3718411107782e+03 -1.3440920407379e+02 2.5055244089367e-03
338 5.0752793410888e+04 2.5595649001199e+03 1.7215979262272e+02 1.8617739122680e-03
339 5.0475856562133e+04 7.7743817743120e+02 -2.8503071817692e+01 1.9853862169219e-03
340 4.9131404798963e+04 3.6127656615101e+03 1.5336515223028e+02 8.6275842122992e-04
341 4.7373853958429e+04 2.6926218765248e+03 1.1743771664035e+02 3.1681666908800e-03
342 5.2290257516549e+04 3.6062140465330e+03 1.6410853182010e+02 1.3658752181676e-03
343 5.4108697377121e+04 2.6660942668992e+03 -1.7957666334808e+02 3.6087764625203e-03
344 5.2405279536043e+04 1.7302632122490e+03 -6.0048767897281e+01 3.3673596758044e-03
345 5.3871945685617e+04 1.8718756828098e+03 -3.9405963154049e+01 2.2924155057340e-03
346 4.8586111339844e+04 3.4629383467403e+03 -1.7104959826157e+02 1.3386691306035e-03
347 5.2745155360840e+04 2.3155351835462e+03 1.4863050827519e+02 3.4617535439632e-03
348 5.1932988992003e+04 2.1926980618759e+03 -1.6718816633688e+02 3.6858168754331e-03
349 5.2779973491631e+04 2.4930163998013e+03 -1.7463906883199e+02 3.6603281722489e-03
350 5.1866115069277e+04 2.0674119802616e+03 1.7223650335262e+02 3.3974562271230e-03
351 5.4230133440796e+04 1.6237650804797e+03 -9.3548832942978e+01 3.3310601099578e-03
352 5.1448445477588e+04 3.8118181904885e+03 1.3135463362720e+02 1.3307649360581e-03
353 5.4313447372459e+04 -2.7570756302379e+02 -7.6999683840590e+01 5.2161828843919e-04
354 5.3983294447996e+04 1.7506439778879e+02 -2.1638366102103e+01 6.1112056494237e-04
355 5.3085595842723e+04 1.7537984257282e+03 -1.3129383019804e+02 2.0081080425622e-03
356 5.3772713947386e+04 2.4588721637673e+03 -8.7068113293232e+01 2.6910007953464e-03
357 5.5484252726237e+04 2.2679263611832e+03 -1.3571029511928e+01 2.9613224094105e-03
358 5.3712378844383e+04 2.9865421364555e+03 1.5951429521601e+02 3.0052340970580e-03
359 5.3478991187171e+04 4.0457035016844e+03 1.2841663134571e+02 1.1176442020175e-03
360 5.4783905081122e+04 3.4998060887814e+03 1.4916222977753e+02 1.5685254734592e-03
361 5.6645586268115e+04 2.6909768367011e+03 1.5179567833837e+02 3.3267061669090e-03
362 5.5808007420248e+04 1.9285753282482e+03 -1.2040647122510e+01 3.4993927586286e-03
363 5.3021077960374e+04 3.8461710422963e+03 1.4371180283268e+02 9.3326435159556e-04
364 5.3815832181643e+04 4.1414362483162e+03 1.7274358061645e+02 8.6982840093859e-04
365 5.5233346844471e+04 1.9138676967360e+03 -4.8414864916519e+01 3.5995946746321e-03
366 4.7464637405249e+04 3.4349737930888e+03 1.3411261470851e+02 3.6765406405889e-04
367 5.5575335439835e+04 1.9102533892538e+03 -4.3159271337385e+01 2.9312157381390e-03
368 5.2826353668283e+04 2.3517794591405e+03 -1.7884730795967e+02 3.5746496603241e-03
369 5.4141076111530e+04 2.5459433686411e+03 -1.5061222137736e+02 3.6561037479112e-03
370 5.4465172857425e+04 1.1911415710987e+03 1.7954611306940e+02 2.1514303472945e-03
371 5.3747204366307e+04 1.1758463786042e+03 -1.2985679933128e+02 2.4945228482416e-03
372 5.1040861670020e+04 5.1506148756615e+03 1.5665812952809e+02 3.5644488327220e-04
373 5.4999042015999e+04 3.0643058177468e+03 7.0292266546074e+01 2.6371494984534e-03
374 5.2185904056797e+04 3.9705628750437e+03 1.5371602588950e+02 6.4351625563407e-04
375 4.9632946228599e+04 4.5363265856789e+03 1.5057088379104e+02 3.4566562968074e-04
376 5.0670605870453e+04 1.7751661804681e+03 1.6680172892746e+02 3.4788005549028e-04
377 5.2042184567952e+04 2.9525045279433e+03 1.7929781667618e+02 2.7927208956365e-03
378 5.1617965593977e+04 2.1452714823512e+03 -1.4990968896235e+02 3.0271431201403e-03
379 5.0182107753689e+04 3.5614795891126e+03 1.3168882149354e+02 1.6405057392984e-03
380 4.7491577685054e+04 3.3942661391243e+03 1.5700057571829e+02 1.7450490415175e-03
381 5.0898716835642e+04 1.2422146526919e+03 -2.3776033624584e+01 2.1671996238040e-03
382 4.9814129756443e+04 1.2514898945849e+03 -1.6102541772762e+02 8.1432466779415e-04
383 4.9454753959575e+04 3.0918128722910e+03 1.5604230609959e+02 7.0411861555370e-04
384 4.8548505557573e+04 4.4639867452203e+03 1.5750601715490e+02 5.4457725135264e-04
385 5.1946363611574e+04 1.8924807060811e+03 1.6811797385813e+02 1.2766126658047e-03
386 5.2542553328264e+04 2.9328469902403e+03 1.4653010000072e+02 2.5533480328927e-03
387 5.3354855551144e+04 2.9161906028015e+03 1.3049974933455e+02 3.1739235541842e-03
388 5.3264485512273e+04 2.7266110018586e+02 -1.5496100558904e+02 8.8032122075700e-04
389 5.4345230082655e+04 1.8975630661797e+03 -3.3885305551362e+01 3.4917955919854e-03
390 5.2336494604643e+04 2.5364731959795e+03 1.7154254923700e+02 2.0620384714271e-03
391 5.0921047795277e+04 1.3354226996712e+03 -1.4191131579226e+02 8.7421678684349e-04
392 5.2638564966472e+04 2.6051207849547e+03 1.6017268273280e+02 3.0851343621003e-03
393 6.0288129090820e+04 2.1447895984084e+02 1.6209106771425e+02 5.4653800410031e-04
394 6.1126497062395e+04 9.3757430433647e+02 -4.1406868840196e+01 1.3743691399076e-03
395 6.1315750863359e+04 1.3159403510595e+03 -1.6096195078813e+02 2.1542182663484e-03
396 5.7409828515130e+04 2.6633759196048e+03 -1.5124867330072e+02 2.0501951567629e-03
397 5.9828656632627e+04 2.6414316068247e+03 1.6108702038390e+02 3.7690133413435e-03
398 6.0641512027394e+04 1.4670647414081e+03 -1.1298409069303e+02 2.4025923311199e-03
399 5.9171157355664e+04 2.7861811609813e+03 -9.6618224413049e+01 3.6831999191979e-03
400 5.4749574694389e+04 1.8204059172236e+03 -1.3791155598596e+02 1.1372969191992e-03
401 5.9821381156877e+04 4.0926892591168e+03 2.4070241658404e+01 8.2074160664142e-04
402 6.0251952224346e+04 2.6932153394358e+03 8.7743894281065e+01 2.8773152859983e-03
403 5.5949110808132e+04 2.7895886848504e+03 1.5034984452347e+02 3.1136786191051e-03
404 5.5350200459695e+04 2.3832953342313e+03 -1.7261381898686e+02 3.4914249095109e-03
405 5.3983921668523e+04 4.2652932518933e+03 1.5562431188145e+02 6.9322675509197e-04
406 5.6715455356580e+04 1.9495082756977e+03 1.5045144645542e+02 2.1977041266151e-03
407 5.6630094023337e+04 1.2292433417117e+03 -1.1692481788520e+01 1.4567704201308e-03
408 4.9544584874020e+04 4.9009169001715e+03 1.4379137467937e+02 3.5691172991357e-04
409 5.3094875956930e+04 2.7675868854251e+03 9.7666047579926e+01 2.7399960575366e-03
410 5.0268701475546e+04 3.0127473098094e+03 1.2440710300667e+02 2.5428723783963e-03
411 4.8379292570264e+04 2.8404248789854e+03 1.6903634010730e+02 9.9997542065115e-04
412 5.3738417503589e+04 2.5418995176141e+03 1.7713373900954e+02 7.3568823979074e-03
413 4.8583025946542e+04 3.5864641782133e+03 -1.7192497353009e+02 4.4989650116462e-04
414 5.4501529409033e+04 1.8918470899899e+03 8.3754164887885e+00 2.8951583502745e-03
415 4.9553336382445e+04 3.6608108586264e+03 1.6451269753241e+02 5.5007247060672e-04
416 5.1824356549482e+04 2.7152795971160e+03 -4.8332061465580e+01 3.1998703966477e-03
417 5.1061756897413e+04 3.1379070933066e+03 1.3859268712513e+02 2.3534448899665e-03
418 4.9313304919269e+04 1.5573185976678e+03 -1.7404973589548e+02 1.8832208442385e-03
419 4.6094496564253e+04 3.0109660448366e+03 1.4734516632368e+02 3.6012829448776e-04
420 4.8672792255738e+04 2.9732542946157e+03 1.4249241990607e+02 1.5837681791031e-03
421 4.9198736481636e+04 3.0303570434216e+03 1.3702761550333e+02 2.1823377075413e-03
422 4.8675256612719e+04 2.8853232201212e+03 -1.6778009675105e+02 2.6204269602510e-03
423 4.5468117086284e+04 3.5783089843728e+03 1.6159601073045e+02 6.0460042023061e-04
424 4.4380040451736e+04 3.6899485282681e+03 1.5666326737347e+02 3.5866019588098e-04
425 4.7779833348891e+04 3.4256168559387e+03 1.3698008836920e+02 1.7351359935921e-03
426 4.8535355443041e+04 1.6209026991545e+03 -1.7693647990102e+02 2.9877823398061e-03
427 4.8433260931580e+04 -3.2423717279496e+02 1.6343865041466e+02 5.1259230759918e-04
428 5.6983537589718e+04 1.9327354903584e+03 3.2856796424745e+01 3.3734381292496e-03
429 5.0615960989084e+04 7.0589760087482e+02 -1.3510952377792e+02 3.5260715098862e-04
430 4.8174479756562e+04 2.9418390496474e+03 1.6178616455049e+02 8.0728313658762e-04
431 5.1295259462385e+04 1.8175921234305e+03 -2.0115890664710e+01 3.7063048723944e-03
432 4.7005145455694e+04 2.7443551218681e+03 1.6007769716567e+02 5.6434181763666e-04
433 5.2668180162593e+04 2.1657476615781e+03 -9.4732682467306e+01 3.7807046259627e-03
434 5.2645663950254e+04 1.9191222220236e+03 -5.8400623677005e+01 3.7028238315467e-03
435 5.3455667895811e+04 1.5207107906497e+03 -9.2768931496646e+01 2.0942979303656e-03
436 4.8880565932410e+04 4.1491735341487e+03 -1.7551383836298e+02 5.0972645219720e-04
437 5.2982362597226e+04 5.8106827395877e+02 -1.6503932211836e+02 7.3014776977263e-04
438 5.3317207778497e+04 2.5675041105282e+03 -2.3091310095773e+01 3.3518986025666e-03
439 5.0383264256128e+04 1.8652510147778e+03 -2.6406968799759e+01 4.4343233868094e-04
440 5.2497082926374e+04 2.6409425796946e+03 -1.6728281517427e+02 2.5597537844163e-03
441 5.4116349494362e+04 2.3876813458216e+03 9.1618529017742e+00 3.1475685520263e-03
442 5.7341357724233e+04 2.9211432025640e+03 -1.1663224589989e+01 2.6907037548313e-03
443 4.5080229711898e+04 3.4014709935745e+03 -1.2891127585251e+01 8.2897400044051e-04
444 4.2278791513812e+04 5.3228200499041e+03 1.5607230385572e+02 3.4779808483442e-04
445 4.8411094834315e+04 2.3024691317434e+03 -1.7925355890201e+02 1.7925013148493e-03
446 5.1891556461557e+04 2.7944307622495e+03 -1.3242668620760e+02 1.6780772222702e-03
447 5.5467967136380e+04 2.8214277681701e+03 -1.1639050460949e+01 2.2280984374073e-03
448 5.6255970843462e+04 1.6186824299304e+03 -9.6106497552896e+01 2.3441200742412e-03
449 5.4662098263948e+04 1.9320826253139e+03 -2.3270441795768e+01 3.6775248962144e-03
450 5.2140408557606e+04 3.4079694614577e+03 1.5575418735735e+02 1.6191274483701e-03
451 5.2456472082059e+04 3.7363958758932e+03 -5.4766013479928e+00 1.2830729653165e-03
452 4.9414897740676e+04 3.0887203040298e+03 1.5725012428462e+02 1.6198361636868e-03
453 5.5466323774666e+04 2.3309465163162e+03 -5.9706383388704e+00 2.2789328905442e-03
454 5.3487270201416e+04 3.2867879677858e+03 9.2978283879102e+01 2.0345609671152e-03
455 4.9112799418291e+04 1.7773385037518e+03 -1.5624882730358e+02 4.5146937940464e-04
456 5.0501507444811e+04 3.2046383520691e+03 1.4966460146748e+02 1.7928296742532e-03
457 4.4642999365309e+04 3.7018809277197e+03 1.5814341042146e+02 5.1225238374026e-04
458 4.7535866764947e+04 4.2939263372828e+03 1.2697494075563e+02 6.0985254005529e-04
459 5.0325215313714e+04 1.5176074251702e+03 -1.3653074146646e+02 3.3900799966227e-03
460 4.9656617781340e+04 1.3482463918535e+03 -6.3695041666710e+01 1.4983681322841e-03
461 5.5714896646450e+04 2.8290890415377e+03 1.5436468631425e+02 3.4672377723438e-03
462 5.4683523911933e+04 3.0039178198657e+03 -5.8166399559077e+01 2.7384566837316e-03
463 5.4485264421854e+04 3.0761487062112e+03 -1.9022754688234e+01 1.6292187357790e-03
464 5.2039581832170e+04 1.6036574686267e+03 -1.5035136625669e+02 3.3552083868509e-03
465 5.8154974977757e+04 3.1332110800677e+03 1.2973871046012e+01 2.7661992990606e-03
466 5.8234939756504e+04 2.0305597065033e+03 1.5311708385155e+02 3.6380997300822e-03
467 5.5574271035702e+04 2.4915256322191e+03 1.7830993112148e+02 2.5722766873466e-03
468 5.9159530646890e+04 1.2492314614789e+03 -2.4331798902379e+01 1.6014577655364e-03
469 5.7066157451926e+04 2.0023342261933e+03 1.6558742482332e+02 1.6811077125340e-03
470 5.7631772110332e+04 2.7164466056224e+03 -7.5067371009003e+01 3.3541641165698e-03
471 5.7044583733890e+04 3.2014200394976e+03 2.3356962821424e+01 2.9392783239217e-03
472 5.4353709651162e+04 4.5055722993725e+03 1.5896843377300e+02 5.1345449755344e-04
473 5.7373258893095e+04 2.4062506144627e+03 -3.3255814272260e+01 7.6742259118175e-04
474 5.2378908738095e+04 3.5603950198438e+03 1.7660857486768e+02 4.9526048724099e-03
475 5.8339082947170e+04 3.4042705701491e+03 1.6281786729340e+02 1.1799953482037e-03
476 5.5768672157132e+04 3.2102901519854e+03 -7.3363801999539e+01 2.3217648822389e-03
477 5.6023426060443e+04 1.9582654407502e+03 -1.7033285398883e+02 1.8853506149541e-03
478 5.2117952625686e+04 2.4183548636699e+03 -1.1913979013705e+02 4.8281737977749e-04
479 5.9732994391495e+04 2.5020100938479e+03 2.4495034895957e-03 6.6225062050578e-04
480 5.5035829375799e+04 3.8948196083417e+03 1.6341340469984e+02 1.4314599687529e-03
481 5.4304540889480e+04 3.1154222543620e+03 1.7627323181164e+02 8.3196856457454e-04
482 5.1601335172953e+04 4.3624833750056e+03 1.6077960426024e+02 4.7701973327886e-04
483 5.8309064328971e+04 2.7347098675433e+03 -5.5429173025625e+01 7.3804897040650e-04
484 5.7016611715615e+04 3.1429351382618e+03 -6.8624131453445e+01 2.7795875459720e-03
485 5.1887493684345e+04 2.7979920609329e+03 -4.9933436078660e+01 3.0888340673706e-03
486 4.8685133977617e+04 2.5263601059606e+03 -8.0314561237622e+01 2.7071342665373e-03
487 5.0359923453415e+04 2.2724552516327e+03 1.7103835060761e+02 2.9792047511664e-03
488 4.9811056090477e+04 2.9326839882106e+03 1.7228964972458e+02 2.0422759311424e-03
489 5.0659348741787e+04 2.6256590275333e+03 -1.2501908300879e+02 3.2569060861497e-03
490 4.8747567392914e+04 2.9644195858488e+03 -1.6860523926825e+02 5.8632741668129e-04
491 5.2627097390525e+04 2.0159437522046e+03 -8.3769676831753e+01 2.6400461701617e-03
492 5.2306167024411e+04 2.3832017433997e+03 -6.2720289125799e+01 1.1443804525091e-03
493 5.1360162497623e+04 3.5956950327212e+03 1.5222490655783e+02 1.3691026393329e-03
494 5.3222679773451e+04 1.8493837826138e+03 -5.7349576847373e+01 3.5880673171435e-03
495 5.4473888101020e+04 1.0700961111275e+03 -4.3300331865354e+01 2.1867889606538e-03
496 5.3439752936849e+04 1.8137022489373e+03 -2.4988202834950e+01 3.5037770282472e-03
497 4.7411348419411e+04 2.4262099988132e+03 1.5944873731645e+02 6.1172331063355e-04
498 5.1461692698029e+04 1.2462326906593e+03 -2.6987788861635e+01 2.7343675955644e-03
499 4.9841155374739e+04 4.0432630720896e+03 -1.5445052500440e+02 6.7981402553535e-04
