0 3.1267015464623e+04 1.4761917181361e+03 1.5913846150107e+02 3.4016640596572e-03
1 3.3742580404443e+04 1.5897078414106e+03 1.7036835843730e+02 3.0331227700240e-03
2 3.1108695121567e+04 1.7722017242114e+03 1.0137848809109e+02 3.3513128781842e-03
3 2.8825288236383e+04 1.8487711804266e+03 1.6495416593904e+02 5.1202965099417e-04
4 3.1020120002825e+04 3.2583701177666e+03 1.3665446160011e+02 7.0148007620836e-04
5 3.4536037428346e+04 2.1707457005150e+03 2.1070806063360e+01 2.7433299827568e-03
6 3.2099287325510e+04 3.8300371935695e+03 -3.5542499459273e+00 5.0564216316621e-04
7 3.1895542224149e+04 2.9739981532427e+03 7.0210827517528e+01 1.1381417579777e-03
8 3.4052686035835e+04 7.2357680137083e+02 3.4833820915507e+01 3.0866646441093e-03
9 3.3559008534555e+04 4.2527084715591e+02 -1.6851349149897e+02 2.5555212500436e-03
10 3.4446991592261e+04 1.6175401371421e+03 -4.4293557663476e+01 2.8041612157558e-03
11 3.3779235970367e+04 2.1494039189593e+03 8.4419840995866e+01 1.9833038870430e-03
12 3.9609204740991e+04 3.3851668418054e+03 1.6588583185577e+02 8.6232917951112e-04
13 3.7814142907245e+04 3.6511650145978e+03 1.4049284434319e+02 6.0775507921083e-04
14 3.5430970546065e+04 1.2144663035866e+03 1.6738655865598e+02 3.4649927740017e-03
15 3.7015407451391e+04 7.2492558590468e+02 -1.0369143963663e+01 2.1885714990552e-03
16 3.4992574296593e+04 1.9327418165962e+03 9.3511889482759e+00 1.2312261768489e-03
17 3.3681523029805e+04 1.0653818133646e+03 1.7989830793631e+02 2.6379396562537e-03
18 3.3231116873223e+04 2.0677216706394e+03 1.5206664780499e+02 2.6751918257218e-03
19 3.3788253694897e+04 2.8934850834848e+03 1.6334201061999e+02 5.7395839125073e-04
20 3.5268224875350e+04 9.9300515120202e+02 1.7586520001771e+02 3.3827308727222e-03
21 3.6890480664174e+04 2.5275718176311e+03 -4.8854918132525e+01 2.2583475147330e-03
22 3.9201451936200e+04 1.2664363413495e+03 1.3235596306919e+02 3.9327523972485e-04
23 3.4296734037365e+04 1.8500387590182e+03 1.6199211516486e+02 7.9305572663073e-04
24 3.3419662418375e+04 2.2879293622483e+03 1.5849243134461e+02 1.1916280117458e-03
25 3.3984550644456e+04 7.1847812407037e+02 1.6157577709249e+02 3.0845208045867e-03
26 3.4931445021371e+04 1.0949675278804e+03 -1.1623353117517e+01 2.0153130913889e-03
27 3.5184497859954e+04 4.2254236322422e+02 -1.6672965252269e+02 1.7714152207514e-03
28 2.9942785943102e+04 4.9127603750875e+02 -3.2941647010781e+01 2.7049999782727e-03
29 2.7366635552622e+04 1.1580155670464e+03 8.7830813997754e+01 3.0731129100529e-03
30 2.7585714435328e+04 2.2656808528867e+03 4.0147341891296e+01 2.2634718793116e-03
31 2.8864055971164e+04 1.1004795761014e+03 -5.4776461102785e+01 3.4430554250659e-03
32 2.7750659383332e+04 1.3158287201462e+03 1.5921078840792e+02 1.0973100396709e-03
33 2.6520838820018e+04 6.4747311560892e+02 1.7621200611060e+02 3.3741634458948e-04
34 2.5826242850680e+04 4.0730402944147e+02 -1.5170470447814e+02 1.3694644626129e-03
35 2.5266900246189e+04 2.7341737154672e+03 1.4649571307291e+02 1.1499562344010e-03
36 2.4090023161898e+04 1.0878775279205e+03 1.5750742709167e+02 8.1519286457264e-04
37 2.1481865924058e+04 2.3352751384128e+03 1.6396596602741e+02 1.5598436222565e-03
38 2.5016385754798e+04 2.0243338858098e+03 1.7142942915625e+01 3.6949782885241e-04
39 2.0271352996222e+04 2.9695548534933e+03 1.5717691574868e+02 6.5510167267722e-04
40 2.4349484684959e+04 2.3978480835955e+03 1.6515510347042e+02 1.0921038173954e-03
41 2.5403824788218e+04 9.4812194557432e+02 -4.1737357585189e+01 3.0245667667603e-03
42 2.0385629693389e+04 1.4359338924364e+03 1.4194242791762e+02 4.7370526668697e-04
43 1.9246098547069e+04 1.6427720114901e+03 1.0816701500420e+02 1.2090569086185e-03
44 2.1981557041750e+04 4.1260067717290e+02 1.6280917559324e+02 2.9183614135293e-03
45 2.1484135927894e+04 1.2105613460022e+03 9.5893462398158e+01 3.4072551069192e-03
46 1.9728147807937e+04 1.2946465345285e+03 1.6690082912523e+02 5.1684105408461e-04
47 1.8590694896273e+04 2.3885369899415e+03 1.7951695392785e+02 7.4589240068832e-04
48 2.4668594735799e+04 2.2072028947247e+03 3.9554463208928e+01 8.7260685868951e-04
49 2.8893637764885e+04 1.2238830577287e+03 1.0619819584945e+02 3.2950872833095e-03
50 2.4929001227047e+04 1.5436053468663e+03 1.7525966627853e+02 5.8113523652256e-03
51 2.5504197130529e+04 2.2405964929238e+03 1.4363271257436e+02 1.6540313918914e-03
52 2.9076400081207e+04 1.0705463093136e+03 1.3553087735821e+02 2.7342230998070e-03
53 3.0915085995413e+04 1.4762939476633e+03 -1.5385811605071e+02 1.9400929418082e-03
54 2.8267487227963e+04 2.9493128025914e+03 -8.2227280688743e+01 1.1119623241846e-03
55 2.8102530136313e+04 1.7727392456690e+02 -1.2862064388567e+02 4.8041478143242e-04
56 2.7134655438533e+04 1.0145280050442e+03 1.7844650081556e+02 2.3644471170738e-03
57 2.8414322833126e+04 7.6504270929456e+02 -1.2984232489474e+02 3.1657356035182e-03
58 2.5612876861350e+04 5.9502831814090e+02 -8.7586094807953e+01 1.1579891669408e-03
59 2.9769106162489e+04 2.3960552923343e+03 1.3345837666565e+02 1.7887577002507e-03
60 2.8837730101610e+04 2.0122979471477e+03 -1.7375651576765e+02 5.3983246676714e-04
61 2.9886377144563e+04 7.0618262085128e+02 -8.9238353042619e+01 1.1190087083151e-03
62 2.9742548124230e+04 1.7904925140785e+03 4.7969372359092e+01 2.0629564371450e-03
63 2.8821496921938e+04 1.6512856513359e+03 -1.4302618492411e+02 3.2895994415592e-03
64 2.8923973581591e+04 1.1085384363685e+03 -1.6597902057220e+02 3.2638661614522e-03
65 2.6202217061399e+04 2.4564960381960e+03 1.6887098240477e+02 3.4002237092978e-04
66 2.8114104617548e+04 2.9637862672563e+03 1.4228586292324e+02 1.0263781870414e-03
67 3.0357151105586e+04 1.7196419589848e+03 -1.5239248828161e+02 3.3720659813693e-03
68 2.6318231626897e+04 5.4469787245906e+02 1.5874138799587e+02 9.1317410713778e-04
69 2.3894763499764e+04 3.3275089133940e+03 1.2505762277334e+02 5.6752898426347e-04
70 2.5447806916228e+04 1.6746403652689e+03 1.5118318223890e+01 3.1965758878812e-03
71 2.5871560055271e+04 1.5001551298958e+03 -1.1849627030216e+01 3.1935474191774e-03
72 2.8154994101700e+04 1.4131237802804e+03 -1.5774701039488e+01 1.2406378110293e-03
73 2.6186891397068e+04 1.1844362262489e+03 -6.4754103868494e+01 3.3612320115917e-03
74 2.4481648503957e+04 1.4255757076688e+03 -1.6623544306710e+02 1.8559033965487e-03
75 2.6917630047870e+04 2.9152805772760e+03 1.3846310984339e+02 1.0961541802385e-03
76 2.7775648825177e+04 3.2069134385109e+03 1.6477080103243e+02 5.4991823853332e-04
77 2.3927019717689e+04 1.7470905504001e+03 1.5362370737369e+02 2.9789184426483e-03
78 2.3647230848783e+04 1.3855905201439e+03 1.6965512459314e+02 1.4610746891942e-03
79 2.3936877437046e+04 1.3614842665613e+03 -1.6684141813457e+02 2.0981284571219e-03
80 2.3575811650820e+04 9.9172004696951e+02 -1.7463339763840e+02 2.2597193800051e-03
81 2.3574221866307e+04 7.0041975250334e+02 -1.1853837937434e+02 3.1146985335207e-03
82 2.3133165240576e+04 1.3256175344250e+03 -1.7494242337189e+02 3.3541179246715e-03
83 2.0742396445609e+04 2.8053314154136e+02 -9.8417521236718e+01 3.2112104644891e-03
84 2.0342904236587e+04 1.2708187857523e+03 4.8157111628969e+01 3.4385921308051e-03
85 2.3653417222887e+04 1.7166981586490e+03 1.6962667837715e+02 2.2115032043155e-03
86 2.8088996512253e+04 1.3395067191787e+03 9.9558736285277e+01 1.0291106559266e-03
87 2.4260573206050e+04 7.8054099299302e+02 -3.9805899717474e+01 3.5141606923098e-03
88 2.4176202147214e+04 5.6834901692888e+02 -1.6408467799190e+02 3.4234158043337e-03
89 1.9566492785603e+04 2.0673660260242e+03 1.4702807460520e+02 1.1150816045162e-03
90 2.1625298807964e+04 1.6915954198725e+03 -1.7413855329996e+02 3.4613181093125e-04
91 2.0933092217818e+04 1.9212840982889e+03 -1.3006450946390e+02 8.6736136202167e-04
92 2.7457842316913e+04 3.5963762016624e+02 -1.9343931128970e+01 2.8840594688664e-03
93 2.2270606140054e+04 1.9061345696664e+03 -1.5529080153445e+02 1.2710630642512e-03
94 2.3885378705601e+04 2.0847185144470e+03 1.2754017067939e+02 2.2350259938850e-03
95 2.2073800572911e+04 3.0714585162985e+03 1.6716487621410e+02 6.5825599609379e-04
96 2.6364663536315e+04 1.2983680131569e+03 -1.2606302705173e+02 2.1440578346796e-03
97 2.3489943465646e+04 1.7085835447010e+03 1.5553019434634e+02 8.8890975439268e-04
98 2.3313248521830e+04 1.9759066685358e+03 1.5582649927134e+02 1.5084495830840e-03
99 2.4350409349173e+04 8.4213918815667e+02 -1.7843179408987e+02 2.2620786751889e-03
100 2.3546826318582e+04 1.2334338872396e+02 1.7391593489823e+02 2.1571438644088e-03
101 2.4231490013801e+04 1.4717020387304e+03 1.5965682643028e+02 1.5474163826892e-03
102 1.7670429503058e+04 1.5429026502409e+03 -1.9389871380260e-01 5.5392651785398e-04
103 1.9376389325395e+04 3.0211626212868e+02 -6.4025033242763e+01 2.7758637063903e-03
104 1.8948498202502e+04 8.5541756500381e+02 1.7694928341656e+02 3.0124302713599e-03
105 1.4358756241914e+04 2.1999273483653e+03 1.5506575241666e+02 1.3522642679987e-03
106 1.6409953557698e+04 1.9102564624663e+03 5.2254231588559e+01 1.8819269390301e-03
107 1.5144100243882e+04 5.9272941824517e+02 -2.0280758387859e+01 3.5603601661977e-03
108 1.2430817775539e+04 1.5073485705649e+03 -1.0013578785510e+02 3.8315153712591e-04
109 2.5917522466250e+04 2.4650703941848e+03 1.4297773154334e+02 1.5483362166480e-03
110 2.6766070278660e+04 2.4621971181215e+03 1.4677130912343e+02 1.8290064456998e-03
111 2.8884144323210e+04 1.6250516870419e+03 2.1049166366497e+01 2.8645511228434e-03
112 2.7001791008582e+04 5.3096858225619e+02 -5.3283605681767e+01 3.0978145047323e-03
113 2.5777519049679e+04 2.6954618127062e+03 1.3364611100177e+02 1.1834949025135e-03
114 2.5708588664242e+04 1.8262637784256e+03 -5.6751865834349e+01 2.8347437378366e-03
115 2.5538340341588e+04 -2.7668105802523e+01 -1.7044404179879e+02 7.0501323223702e-04
116 2.2823146645257e+04 1.3328022749728e+03 -1.1536863912325e+02 2.6135909188786e-03
117 3.1182970267921e+04 2.6510005006498e+03 9.5576936672656e+00 4.3029475280398e-04
118 2.6408478227208e+04 2.7182669129058e+03 -1.1203132132417e+02 6.8672296244711e-04
119 2.8675037231921e+04 1.2808106683950e+03 -2.9759371537245e+01 3.2142365805486e-03
120 2.7724395546644e+04 2.2733756507663e+02 -9.1422281737458e+01 2.6678863410469e-03
121 2.5504569143144e+04 1.5877809150269e+03 -2.5561901949408e+01 3.1429217128776e-03
122 2.2298913339906e+04 2.5017807231509e+03 1.5878453687949e+02 1.4301005387807e-03
123 2.3183777790681e+04 2.0475537064544e+03 -1.7814104491362e+02 2.0761747838259e-03
124 2.2630537160643e+04 1.6991081143667e+03 -1.6051998074697e+02 2.0253091015613e-03
125 2.3679465329256e+04 7.7301375625993e+02 1.7678007217965e+02 7.1544036431722e-04
126 2.3895604651525e+04 7.6019431108863e+02 1.6940709427981e+02 2.3402893824570e-03
127 2.6010063455143e+04 9.4307968349584e+02 -1.7317597390731e+02 3.0030819641783e-03
128 2.5595503155602e+04 1.8142378379940e+03 1.5751388380910e+02 2.0751372888562e-03
129 2.6025201407709e+04 1.9572796204687e+03 1.3981993944019e+02 2.6732200239177e-03
130 2.2381786955677e+04 2.5297391008939e+03 1.6420082436669e+02 4.8965974212779e-04
131 2.7797208557442e+04 -7.4545950687599e+02 -3.4314047244057e+01 9.6915374653714e-04
132 2.5835971989011e+04 6.7540000265916e+02 1.7827424176754e+02 2.3872216263145e-03
133 2.3441245633404e+04 1.5882084934893e+03 1.5792765561704e+02 3.2014490058158e-03
134 2.3586475380508e+04 1.8522116948013e+03 1.8647126393313e+00 2.2692791077258e-03
135 2.0575998764000e+04 1.2443912459293e+03 -1.7015032677495e+02 1.3929251733389e-03
136 2.3262776295513e+04 2.9650239219710e+02 2.8812535619296e+01 2.6856156254528e-03
137 2.6597491609413e+04 1.0966501556545e+02 -4.9629742364567e+01 2.4110967399581e-03
138 2.4639135071910e+04 1.6406695432526e+03 7.5098535195936e+01 2.8640014377943e-03
139 2.4160442776327e+04 1.4512499565374e+03 1.6003673258882e+02 3.4090688457416e-03
140 2.0207782330614e+04 1.7364832839128e+03 1.7749133318937e+02 3.9555295127837e-04
141 2.0471235483808e+04 1.1212707905783e+03 -1.7581655586553e+02 2.3366161549275e-03
142 2.2852010201197e+04 1.0782644827919e+03 1.6896155041479e+01 3.5434313505118e-03
143 2.3129771790502e+04 1.1478727999979e+03 9.7158273165625e+00 3.5935509387434e-03
144 2.4369990517020e+04 -3.0873795208473e+02 -9.1899832839705e+01 1.8868182778271e-03
145 2.0103474143370e+04 9.1794042789158e+02 1.7825865936678e+02 9.1601255368835e-04
146 2.0983888581360e+04 2.4005882429494e+03 1.4832253085788e+02 6.3345631842744e-04
147 1.6728543936895e+04 1.9705337192980e+03 1.7603132123057e+02 3.9296945752780e-04
148 2.1157481401572e+04 4.1844115477367e+02 -2.9215461399588e+01 2.5065635939520e-03
149 2.3157651549535e+04 3.3591250406858e+03 -1.5994957399230e+00 5.4011346816464e-04
150 3.1746614103775e+04 3.6993952359277e+01 -4.6545835961395e+01 1.6699388446407e-03
151 3.0042190047713e+04 2.0289598547886e+03 -1.5594175121426e+01 5.1728301038182e-04
152 2.8917561414782e+04 2.2608918826454e+03 7.1725564992916e+00 2.2386801191734e-03
153 3.0372577470495e+04 2.0002711897096e+03 1.1450863927788e+02 2.3557414033759e-03
154 3.1844637555020e+04 1.4344106682427e+03 -2.4894577382364e+01 1.0252312899745e-03
155 2.8051475010920e+04 2.4636104015566e+03 8.5564956338106e+01 1.9028322365720e-03
156 2.7849252820521e+04 2.0746844092335e+03 -1.1198447594332e+02 5.9308321020439e-04
157 3.1433816468263e+04 1.2003961795242e+03 1.7428488949259e+02 6.5230622436941e-04
158 3.0568964616789e+04 3.6254265139467e+03 1.3238265458847e+02 4.9116099485031e-04
159 3.2915535434915e+04 1.7330687141098e+03 6.5619238499897e+01 1.0612625043003e-03
160 3.0399662216166e+04 -2.0238497775915e+02 -1.0696672754399e+02 3.7568039123630e-04
161 3.0948305710971e+04 -4.4597844339779e+02 1.7861392830881e+02 1.1867137638890e-03
162 3.4143786979059e+04 1.0121003333814e+03 8.0017991727191e+01 2.5923448012733e-03
163 2.8728375653111e+04 1.6110180307596e+03 -1.7187847641442e+02 6.3687105240039e-04
164 2.8801625889662e+04 1.9909391259808e+03 1.4156692629577e+02 6.4854091756120e-04
165 3.3581199917948e+04 1.7063965497638e+03 1.2509709670616e+02 1.5358421148881e-03
166 3.5177458102123e+04 -2.9757617967694e+02 -2.6729985971660e+01 1.0453893560673e-03
167 3.2494179331656e+04 1.3087209704319e+03 1.5922362009015e+02 3.6107299382915e-03
168 2.9294648386608e+04 2.1198123253125e+03 1.7896273529962e+02 3.2962385341514e-04
169 2.9775701794122e+04 9.9742144694348e+02 -6.2767698923143e+01 2.4975230322966e-03
170 2.5117197202540e+04 3.9935235062245e+03 1.6915203372035e+02 3.2924240697483e-04
171 3.1696274118828e+04 1.9720978847601e+03 1.3287877624963e+02 2.2613356468561e-03
172 2.9891959454665e+04 2.0554279612773e+03 -1.0866399343984e+02 2.8709392115922e-03
173 3.1368091262313e+04 1.2050607253544e+03 -5.0420437602880e+01 3.3225712263793e-03
174 3.0510156839095e+04 2.3516200688488e+03 1.5298888207973e+01 1.3864281875945e-03
175 2.7989963352248e+04 2.1909812662798e+03 -3.8236387134417e+00 1.8614358896377e-03
176 2.8169984537037e+04 3.1337961833917e+03 1.5245207695674e+02 9.0648512989411e-04
177 3.4525349981244e+04 2.4545491287631e+02 -5.2619270638052e+01 1.8663943486335e-03
178 3.0604862193177e+04 2.0652326317886e+03 -3.9271230646284e+01 2.3978307972552e-03
179 3.0186677049206e+04 1.1416816140029e+02 -1.1599743477913e+02 6.8278745504808e-04
180 3.1032033877678e+04 1.1718921343994e+03 -4.3311668085874e+01 3.4311116942696e-03
181 2.9692034846307e+04 1.9297663917545e+03 -8.9384418445139e+01 3.0705075435469e-03
182 3.2005309214283e+04 1.5480467057345e+03 -3.5608324942218e+01 8.5942018941619e-04
183 3.0890385588502e+04 2.4707865971209e+03 9.8487080322774e+01 5.3310574296807e-04
184 2.9366905454746e+04 2.6685991094598e+03 1.7497510060947e+02 5.1695680379038e-03
185 2.6846615040956e+04 1.4603444391388e+03 -1.7878215313646e+02 2.8925122082714e-03
186 2.8155926484520e+04 4.0219436141037e+02 -3.5693802304839e+01 2.1515046030487e-03
187 2.8683569586808e+04 2.4712038660271e+03 -7.7836260536606e+00 4.1240839518849e-04
188 2.4657930154226e+04 1.3577447331842e+03 1.4047881686248e+02 3.2451957076420e-03
189 2.5106010897760e+04 1.6099223576299e+03 1.7615619581464e+02 2.8233366912713e-03
190 2.6123754477506e+04 -2.8539009325036e+01 -6.9727111180657e+01 2.2771319166995e-03
191 2.5348440923405e+04 1.9453989922308e+03 1.3391634049054e+02 2.6705240050391e-03
192 2.4366621343781e+04 2.2786087165491e+03 9.4305066320105e+01 1.6472051613946e-03
193 2.4905815574391e+04 1.8245624370123e+03 1.7483819270848e+02 2.6186957424543e-03
194 2.5084417907744e+04 1.4534959134821e+03 -1.4298961173852e+02 2.3417517603408e-03
195 2.6557964673558e+04 5.5653932749018e+02 -9.3654643931587e+01 1.9649009024075e-03
196 2.3499838611925e+04 7.7432890942356e+02 1.6313882606192e+02 1.1996136188216e-03
197 2.0255460882133e+04 1.6714447898805e+03 -1.4720911977162e+02 9.3945478285351e-04
198 2.0285160732793e+04 2.4231265838550e+03 1.4049903282492e+02 4.9150322048871e-04
199 2.3187354389623e+04 8.5636478749562e+02 -4.5064061070452e+01 3.2974464545893e-03
200 2.1895023097657e+04 1.9476954853297e+03 1.5285410607505e+02 2.3674002290124e-03
201 2.1523075216427e+04 1.7053752126841e+03 -4.9644041475733e+01 2.7277070499563e-03
202 2.1937389428876e+04 2.2458790436703e+03 1.5777881728480e+02 8.8392357246647e-04
203 2.0603463407044e+04 2.7138510995689e+03 1.7429401808256e+02 4.8139160466087e-04
204 1.9345385103551e+04 2.7210644296674e+03 1.4338330668865e+02 4.5517757534375e-04
205 2.3608265412758e+04 1.1286643374231e+03 -1.9869583490274e+01 1.3694863856410e-03
206 2.1623430683790e+04 2.1709798735668e+03 1.7111872651309e+02 8.0411688241776e-04
207 2.1562109809280e+04 1.5651881262488e+03 -1.8611875463375e+01 1.9262547330303e-03
208 3.3690922573347e+04 2.5530266451185e+03 1.7924691124391e+02 9.4845685030153e-04
209 3.5614711786747e+04 2.5705606033143e+03 1.7989948827019e+02 2.0004366065831e-03
210 3.3500785588356e+04 2.1321584651438e+03 1.6903180582089e+02 2.5821754067439e-03
211 3.3267750105877e+04 1.3139234639536e+03 -4.5989876571781e+01 1.9833419784103e-03
212 3.4037772071697e+04 2.0265586231278e+03 9.2805854711245e+01 1.7998854618562e-03
213 3.4302225583457e+04 8.1675570972403e+02 -1.6287331053331e+02 2.1748436234092e-03
214 3.5034947348637e+04 1.8378699251561e+03 1.0038721979430e+02 3.2502827682067e-03
215 3.4733849910867e+04 5.7604065397017e+02 -2.9903588889025e+01 2.1070520694019e-03
216 3.1488552549349e+04 1.9446001718046e+03 1.1088636620985e+02 3.4039085440606e-04
217 2.6185280547594e+04 2.2916671090609e+03 1.7335328915698e+01 1.6342784696716e-03
218 2.7471329041297e+04 1.5826087877655e+03 -9.8381900315025e+00 2.1646814585359e-03
219 2.7401273949395e+04 2.6938801955736e+03 1.2081041956341e+02 1.4539273333212e-03
220 2.2746076691685e+04 1.8025403245579e+03 4.5567512534831e+01 2.1550862669573e-03
221 2.5127536021152e+04 1.6086129656056e+03 6.2825612501225e+00 3.7030718273949e-03
222 2.1366212995263e+04 3.1723850581579e+03 9.2411601354144e+01 5.3051822806270e-04
223 3.5448709709192e+04 1.2601356579095e+02 -1.7227334101334e+01 1.0705686345868e-03
224 3.4351243489645e+04 2.7685034811988e+02 -3.2758293639832e+01 2.1234339466844e-03
225 3.5430326914167e+04 -1.8541699406534e+02 -8.6798200405048e+01 1.3095911495560e-03
226 3.4684763426723e+04 2.1237394653536e+03 -1.3362482673530e+02 2.6257102280447e-03
227 2.7945974892687e+04 1.4727729163174e+03 -6.6468926962354e+01 3.5194688712064e-04
228 3.0031677393287e+04 9.2928490258228e+02 1.5162232377360e+02 7.7400839507716e-04
229 3.4701875929719e+04 1.5134497350534e+03 -1.4425449110317e+01 3.5723585505073e-03
230 3.3108302261748e+04 1.9193821212303e+03 1.7983162390967e+02 2.6196289720939e-03
231 3.2116021660226e+04 2.1421245811487e+03 -7.5234446600450e+01 2.3481557268856e-03
232 3.4269385924446e+04 2.4317799503420e+03 1.5103557700515e+02 2.4986380131902e-03
233 3.4541056382147e+04 3.3174749233946e+03 9.5031587956235e+01 7.4148732369947e-04
234 3.4002944011936e+04 2.3852795585525e+03 1.7746302983840e+02 2.4078467509566e-03
235 3.3625789602083e+04 3.1605733185687e+03 -2.8500414418036e+01 7.0513530976958e-04
236 3.1364757748054e+04 2.6663437693745e+03 1.6437084937923e+02 1.6110423209316e-03
237 3.3078840116304e+04 1.9462744592194e+03 1.5649187047051e+02 3.0607081066779e-03
238 3.3534793959444e+04 1.3105321045931e+03 -1.7782913531414e+02 3.3310067196607e-03
239 3.2572816693473e+04 1.9500446713908e+03 -9.1607868477473e+00 2.8916102506040e-03
240 3.1282404519029e+04 1.4979598379485e+03 1.2355426478778e+02 2.2399532088569e-03
241 2.9880877788991e+04 1.6980785187891e+03 1.5479992189833e+02 4.3727275630143e-04
242 3.2736658663267e+04 3.4234702332453e+02 -8.5585857400315e+01 9.0597426185940e-04
243 3.1076087137069e+04 1.2921605171517e+03 -3.6558940646656e+01 2.7793135079847e-03
244 3.2422205489967e+04 4.2861174986408e+01 1.1267482251441e+02 1.5856307896830e-03
245 3.1015440621453e+04 2.0933994624422e+03 -1.0443756511371e+02 9.7747786728132e-04
246 3.3850119664634e+04 1.5609337418701e+03 3.7931171204230e+01 3.2170195219612e-03
247 3.5518942920384e+04 7.5598268915450e+02 -1.3076675232046e+01 2.5170294098432e-03
248 3.3958035645315e+04 1.4562278324732e+03 -1.4172536429318e+02 3.1327426289491e-03
249 3.3238046862402e+04 1.4624510821799e+03 -4.0561700858275e+01 1.8188066260604e-03
250 2.7639412450742e+04 1.9889574838942e+03 1.7086268218365e+02 9.0346783132539e-04
251 3.1491374815461e+04 1.5581411507201e+03 1.6486697067904e+02 3.5339566710948e-03
252 2.7442525768906e+04 2.1355019550307e+03 1.7512351045709e+02 3.9759957728513e-03
253 2.7203787974097e+04 2.8742412100843e+03 1.6589925841105e+02 1.0743545176690e-03
254 2.9946548374189e+04 2.8869262266667e+03 1.4196733020863e+02 5.9651326109573e-04
255 3.0321773953748e+04 2.8813216956711e+03 1.5086547204046e+02 8.2761864949434e-04
256 3.0473944340875e+04 1.7003459437220e+03 -3.2888126597054e+01 3.3816839200129e-03
257 3.2144741768735e+04 9.3421912984335e+02 -1.0431540744847e+01 3.1658177079858e-03
258 3.2873271678968e+04 7.0969587520348e+02 -2.4635788080629e+01 2.9402747539425e-03
259 3.1811305807335e+04 2.8325933273319e+03 1.4193978708365e+02 1.3124634703328e-03
260 3.2167844664890e+04 2.2185089134041e+03 -9.6879673932405e+01 2.6043045560179e-03
261 3.2179723023450e+04 2.9109151718929e+03 1.5949065649373e+02 6.6603293194992e-04
262 3.1897462580036e+04 2.4969534182500e+03 -9.6717452102294e+00 1.8203966009873e-03
263 2.8469139586138e+04 1.3102559960172e+03 -6.4626598782195e+01 3.2824917005922e-04
264 2.9604284179963e+04 2.1598714988441e+03 1.7915175359708e+02 2.5025164168324e-03
265 3.2793915275449e+04 1.9157164062603e+03 1.2256329550042e+02 3.0392126317007e-03
266 2.8972587164497e+04 3.1332299666829e+03 1.6486447172655e+02 9.3419784269940e-04
267 3.4068316040410e+04 4.9806927696794e+02 -3.0818336183472e+01 2.3438410822289e-03
268 2.9829320146776e+04 1.3302121157033e+03 2.9517576697109e+01 3.6103410175505e-03
269 2.8689483877780e+04 1.4533684123462e+03 1.3660656005467e+02 2.9577056234159e-03
270 3.3355446958574e+04 2.8501437149935e+03 -1.1468747621473e+02 1.4492134223042e-03
271 3.2013505538683e+04 1.8772762254249e+03 1.3769138919277e+02 3.2782580198104e-03
272 3.0821135358954e+04 2.2374518326152e+03 1.7689046137641e+02 2.1260670133919e-03
273 2.5351222817905e+04 5.2103443755701e+02 -5.7917294759631e+01 2.6314936781897e-03
274 2.2869697047540e+04 2.4171516727590e+01 -6.1993991835056e+01 2.2299697988779e-03
275 2.3460604129862e+04 2.5918999012607e+02 -1.5215988580793e+02 2.3977693868387e-03
276 2.0146274296174e+04 2.3457117983379e+03 1.2994839390054e+02 9.6501282600662e-04
277 2.1559096253216e+04 1.4750384626897e+02 -1.7739128554503e+02 4.0273889572841e-04
278 2.4316464329648e+04 8.6331366419918e+02 2.7380280152128e+00 3.4389310309448e-03
279 2.5062438594223e+04 6.6729788375720e+02 1.7681946230073e+02 3.3819948589282e-03
280 2.0741469568069e+04 1.3556855505312e+03 1.7464549366727e+02 5.1894199495148e-03
281 2.2550676418432e+04 1.3119250525543e+03 -5.0863762555359e+00 3.0182526867020e-03
282 2.3368873798385e+04 6.7779006921642e+02 -2.7352907016838e+01 1.0279749372290e-03
283 2.1823200243973e+04 -3.6461568846001e+01 -1.2853415099807e+02 2.3548165918698e-03
284 2.2832946907424e+04 1.2141049892543e+03 1.3966282917237e+02 3.4339660852227e-03
285 2.0169226415946e+04 2.5108306465480e+03 1.4725718122569e+02 7.4684977175792e-04
286 1.9118457206406e+04 2.8633745188336e+03 1.4204989806142e+02 6.9530930253372e-04
287 2.0823221946649e+04 6.7937824849401e+02 -1.1953180743677e+02 3.4281265098749e-03
288 2.0385557118363e+04 1.2882001465464e+03 -1.5910705069675e+02 2.9597618833372e-03
289 2.3090213485532e+04 2.4129042701461e+03 1.0020957825007e+01 1.0469633787803e-03
290 2.5143771623191e+04 2.2357841291351e+03 -1.5038510776104e+02 1.3590577225158e-03
291 2.4604934979627e+04 2.1270828224410e+03 1.7692575393295e+02 2.2462128177538e-03
292 2.3821476130443e+04 2.6619130228131e+03 1.4751602968385e+02 6.0274622674508e-04
293 2.2832089407690e+04 2.4352863061728e+03 -1.7576136494256e+02 7.9397564425193e-04
294 2.5457537205787e+04 2.5058511486518e+03 1.4651400644112e+02 9.9717783772001e-04
295 2.4408361995858e+04 6.7832199976434e+02 -1.1970907176596e+02 6.9348955408058e-04
296 2.4730609241230e+04 1.9184275935578e+03 5.8973853987097e+01 2.5333963411334e-03
297 2.3634541787199e+04 2.0529825665999e+03 -1.7249788761277e+02 5.7018619258443e-04
298 2.8113410355118e+04 2.5919540953587e+03 1.6349367807531e+02 1.3071317488625e-03
299 2.1003194323276e+04 3.5730014919668e+03 1.6576033229228e+02 3.5398656786758e-04
300 2.7034409080518e+04 1.2585874068032e+03 1.7717171672947e+02 3.6350269474102e-03
301 2.6838501030932e+04 1.7738556446114e+03 -2.4560992527181e+01 2.4111603523472e-03
302 2.8034011194872e+04 1.2102770295595e+03 -6.8844214737307e+01 3.3243180649892e-03
303 2.8197980229322e+04 1.9583926420273e+03 -1.2568209857222e+02 2.8835424893161e-03
304 2.8919607437303e+04 2.4473132640118e+03 5.4727519606389e+01 1.8897131587350e-03
305 2.6081609783112e+04 3.6684519689207e+03 1.1818663565193e+02 4.7466455724652e-04
306 2.5377839749868e+04 1.5797325591715e+03 1.1685657219919e+02 3.3253293214651e-03
307 2.7093251461126e+04 1.7352905625417e+02 -4.1342230105277e+01 2.6116552054426e-03
308 2.3147245717092e+04 2.1888086569455e+03 1.7525830233570e+02 4.3160414535723e-03
309 2.9725532820388e+04 1.4269421323458e+03 1.3208239035631e+01 3.3432317176963e-03
310 3.0019896573362e+04 1.3490625817492e+03 7.8444994301019e+00 3.5111319582869e-03
311 2.9823611003215e+04 2.5919413163781e+03 1.6519086648696e+02 1.7971917580187e-03
312 3.0294540325850e+04 1.7904052282878e+03 1.4653420865715e+02 2.6991323813565e-03
313 3.1017766106771e+04 1.6899040808378e+03 7.2985697923145e+00 2.5401445646193e-03
314 2.9044689691832e+04 2.9840533024993e+03 -1.6963957964615e+02 8.1368976368664e-04
315 2.9732855205938e+04 1.6277741980141e+02 1.5951605932816e+02 2.0230847822705e-03
316 2.9497411777352e+04 1.7985388973176e+03 7.3750305335495e+01 2.7663947252421e-03
317 3.1135271598125e+04 1.0321085705479e+03 -2.0931593881677e+01 3.0189808206542e-03
318 3.4415395606364e+04 -6.1503394787354e+02 1.6794150690067e+02 6.4527114639945e-04
319 3.1841450035441e+04 1.3397059260772e+03 -5.2388026966353e+01 3.6107299382915e-03
320 3.1231311525651e+04 2.6623646635992e+03 1.8006265855863e+01 1.7963483553476e-03
321 3.4268913785509e+04 2.0050510409237e+03 -7.2489308869319e+00 2.9190223135540e-03
322 3.0572878950547e+04 1.4080124704222e+03 1.7061059960971e+02 2.2820603850866e-03
323 3.0737385342569e+04 1.6779042834294e+03 1.7075984420816e+02 2.4668723150258e-03
324 3.0913998209265e+04 2.7144755651703e+03 1.0117396352385e+02 1.2148402476177e-03
325 3.4937519276992e+04 9.3425189508713e+02 1.3229672755986e+02 3.2704926114479e-03
326 3.3402934877473e+04 1.9531936535733e+03 6.2837281600232e+01 2.1515691749092e-03
327 3.2240300245756e+04 1.0455394045038e+03 -1.7772447490490e+02 7.4411214717512e-04
328 2.7149470387952e+04 4.3832034482168e+03 1.1114425941461e+02 3.5043561044049e-04
329 2.9465689008329e+04 1.9450703843343e+03 6.7461562173285e+01 3.0279806954770e-03
330 2.7174800545852e+04 1.5573562177124e+03 1.6632887662573e+02 2.3653574494963e-03
331 2.8314770945441e+04 2.3442778179226e+03 1.3051257505317e+02 9.3760528765152e-04
332 3.0663951919514e+04 2.6315057532562e+03 -1.6992379353975e+02 1.5427026922948e-03
333 3.1014573158959e+04 1.8438082027998e+03 -1.1731945107374e+02 2.8595113913281e-03
334 2.9449373911150e+04 2.2049446223529e+03 1.7607946920649e+02 3.0407625547289e-03
335 3.0528278983909e+04 7.1653870554361e+02 -1.5024025690079e+02 1.0289980234479e-03
336 3.1326479296753e+04 1.8820700922200e+03 9.1400572415269e+01 3.2238335179779e-03
337 2.9617054210294e+04 2.5961031295681e+03 1.4021302846698e+02 1.0172996525383e-03
338 2.9959015801164e+04 4.7641194187664e+02 -7.6181497846150e+01 1.8188541536698e-03
339 2.2342453902890e+04 3.4484506330900e+03 1.6926884454840e+02 3.3781554754277e-04
340 3.0324146186418e+04 1.0294139648488e+03 1.5569971808444e+02 3.3326193910349e-03
341 3.1817472081858e+04 5.2518629848660e+02 -3.6891952991634e+01 2.6849228623962e-03
342 2.8382671673972e+04 2.3824307780300e+03 1.3061858922279e+02 5.8305665032586e-04
343 3.2357193499236e+04 1.2903087574600e+03 1.4296011001085e+02 2.4089585794015e-03
344 3.1732165097574e+04 -4.9995576000040e+02 -5.7984439492461e+01 1.0822519455935e-03
345 3.0866014003273e+04 1.8393649410351e+03 1.3564365621910e+02 2.4731116103952e-03
346 3.0692045016025e+04 8.8526570537721e+02 1.7907272217049e+02 3.2175845625680e-03
347 3.2727645139083e+04 1.1248761973147e+03 -2.9475958676367e+01 3.5609654972453e-03
348 3.1123264892121e+04 1.4426464580397e+03 -1.6252204728669e+02 3.2807428688867e-03
349 2.6306477506639e+04 2.2520210489996e+03 -1.6698465825094e+02 8.3902421914448e-04
350 2.7409321630533e+04 2.1837950341465e+03 -1.6194542179815e+02 2.2081882497500e-03
351 2.7474512507789e+04 3.1836778288302e+03 1.7236406516302e+02 7.9528764987177e-04
352 2.8925834271203e+04 2.3537632058134e+03 6.5751317941911e+01 1.6834132135353e-03
353 2.9672142744729e+04 1.5704980175591e+03 7.1154314917193e+01 3.5108162667041e-03
354 2.9848241366641e+04 1.8281625751822e+03 -3.4537140188817e+01 3.0579726183156e-03
355 2.9522052016730e+04 1.8639102942968e+03 1.5382540624802e+02 2.3724542055565e-03
356 2.9813041917435e+04 1.5031395534621e+03 -3.9498045331719e+01 3.5104280475587e-03
357 2.8879216866833e+04 1.0101137125495e+03 -1.4827686956091e+02 3.3101287001598e-04
358 3.0973770531287e+04 2.6509550231797e+03 1.3732305560642e+02 9.6163017190532e-04
359 3.2252769371893e+04 1.1527021510458e+03 6.7553538441356e+01 3.2361381347120e-03
360 3.1077727937225e+04 1.1699706546706e+03 1.5756493462291e+02 2.8468316472449e-03
361 3.0470215712831e+04 2.3749035380986e+03 1.1899437628863e+02 2.1673984886962e-03
362 3.0460024952920e+04 1.7376615505726e+03 1.3008802947462e+00 1.5480290267291e-03
363 2.6909456759052e+04 9.6523891316090e+02 -1.7699809169344e+02 4.0611991427112e-04
364 2.8842201087819e+04 4.0099096887452e+02 -1.7810266830855e+02 7.4992564159900e-04
365 3.1711294086834e+04 2.1206435642169e+03 1.6258205252414e+02 2.0886545182225e-03
366 2.9634880805224e+04 1.2618419288252e+03 -1.4639558533652e+02 3.4191967675054e-04
367 3.1702217515599e+04 2.4078796418868e+03 8.9739095766234e+00 8.6137483531859e-04
368 3.2099775577960e+04 2.6466432590824e+03 1.4530491839049e+02 1.8039540392622e-03
369 2.7654456881963e+04 2.1393732557144e+03 1.6037695437973e+02 2.3339850234162e-03
370 2.8635607671842e+04 1.2671566509980e+03 -1.4631088095146e+02 3.3028777239624e-03
371 2.8140095607860e+04 2.7650716896070e+03 1.1325154101732e+02 1.3683509661968e-03
372 2.5895439014796e+04 3.0926405254000e+03 1.6505327453185e+02 7.6505976265023e-04
373 2.8048584900542e+04 2.0007603595524e+03 -6.1991139444321e+01 2.3197935491441e-03
374 3.2273845745128e+04 1.7976734735244e+03 1.2964001002003e+02 2.4759306460915e-03
375 3.2091687885619e+04 2.1265442851854e+03 1.6297277693848e+02 2.3723921290150e-03
376 2.9380716285798e+04 2.6457153429108e+03 1.6051926937568e+02 4.2759493562656e-04
377 3.0111626313699e+04 1.3275403848850e+03 1.7141462935339e+02 1.9792102930710e-03
378 2.9706225436465e+04 1.8938671495363e+03 1.4192236407199e+02 1.9104404147781e-03
379 3.1130360739886e+04 1.8033392142355e+03 1.3140213499359e+02 3.0574611928626e-03
380 3.0148032091622e+04 1.9269290058259e+03 1.7210616206477e+02 1.5814935640711e-03
381 3.2756021753451e+04 3.0600344997412e+03 -1.7159788620147e+02 5.6685222453029e-04
382 3.2501451345637e+04 4.2245031589449e+03 1.5387838409936e+02 3.5901134375367e-04
383 2.8673789397277e+04 3.3807055445458e+03 1.5603386917735e+02 4.1977739862222e-04
384 3.2909045542812e+04 2.4076560608486e+03 1.7128681192196e+02 2.4218717121830e-03
385 3.4936131694218e+04 9.9089610029390e+02 -3.5924492028909e+01 2.6687284534468e-03
386 3.5140360280536e+04 2.8389530509872e+02 1.2283703572222e+02 2.0152151232880e-03
387 3.2390925393408e+04 2.0952167681698e+03 -1.5736807188765e+02 2.9716911159638e-03
388 2.6583166748462e+04 1.2705206474216e+03 -1.3425986928636e+02 3.0483860517297e-03
389 2.4223076273953e+04 2.3471316573845e+03 1.7563620574953e+02 4.2088596098092e-04
390 2.6846550070452e+04 2.3716191810992e+03 1.6555760398259e+02 1.8417182361163e-03
391 2.5564343960235e+04 2.1176387267562e+03 -1.4852453558761e+01 1.6499399163276e-03
392 2.9112414057157e+04 1.2295724289754e+03 1.7199337099641e+02 3.5682659154224e-03
393 2.8979259496035e+04 1.4325800646079e+03 9.5177858318157e+01 3.3184094532614e-03
394 3.0492931627435e+04 1.7999634600670e+03 1.6406279875042e+02 3.1017756042151e-03
395 3.1260126734076e+04 1.1141493406686e+03 1.6407693450573e+02 6.3931551915607e-04
396 3.8085296910988e+04 2.1109915663329e+03 1.7341296857621e+02 3.2026592759238e-03
397 4.0116214509728e+04 1.5532687279628e+03 1.6165930500706e+00 3.4461936691556e-03
398 3.8781899748845e+04 2.7290993024542e+03 1.5697783026261e+02 1.8406036100586e-03
399 3.6511290089687e+04 2.2119573038692e+03 -8.0233684188274e+01 2.5141832437443e-03
400 3.7156525721498e+04 2.7389971038511e+03 9.4312844790979e+01 2.0638397740338e-03
401 3.9000705258822e+04 1.5975539863771e+03 -1.3862337660551e+02 3.1344665452304e-03
402 3.8512880959557e+04 3.9940917438357e+03 -1.1977369893502e+02 5.6289391933433e-04
403 4.0637477248658e+04 1.7371500985192e+03 1.5294339797978e+02 3.2459372421333e-03
404 4.1290404325504e+04 1.0185413495779e+03 1.4899200798038e+02 2.0884517992544e-03
405 3.9434077147062e+04 1.4848814777452e+03 1.4770694234348e+02 3.1396758628747e-03
406 3.9431615385436e+04 9.4078387816648e+02 -8.2993751491819e+00 2.1103038245481e-03
407 3.7316194127186e+04 1.3987504479245e+03 4.4846747274685e+01 7.5740845377653e-04
408 3.8213432503666e+04 1.3325919855980e+03 -1.4278209240146e+02 3.2811291173017e-03
409 3.7912973447851e+04 1.9218544946154e+03 1.2183932518438e+02 1.9571310734849e-03
410 3.7536776439670e+04 1.6166897954407e+03 -1.7865380278407e+02 3.0460959132823e-03
411 3.6998431376764e+04 2.0241596450941e+03 1.5874677717797e+02 2.6529455960643e-03
412 3.8305849401729e+04 1.1567438579279e+03 -1.6270364392085e+02 2.7716085856990e-03
413 3.3709160257947e+04 1.2300657327158e+02 1.7144866099475e+02 1.8992111735780e-03
414 3.3993685698979e+04 6.2911349362096e+02 -1.3815457309293e+01 1.2826451733222e-03
415 3.5427532363606e+04 2.2777430847900e+03 1.3098564017364e+02 1.3291789818775e-03
416 3.6081830136361e+04 8.7445901927603e+02 -1.7437000085908e+02 2.5758084130665e-03
417 3.5706058315208e+04 1.3466910274329e+03 1.5549819593461e+02 3.0041739988811e-03
418 3.6006445626123e+04 1.3750826488958e+03 -8.0981062932441e+00 3.5304724097071e-03
419 3.5050335673162e+04 1.2813572887407e+03 -1.7709278059174e+02 3.5198262021086e-03
420 2.9930197880148e+04 2.2928515408575e+03 2.2708007448350e+00 1.8856243765144e-03
421 3.3104642296150e+04 -5.7700780565285e+02 -2.6405943510179e+01 9.2104162197266e-04
422 3.3500532741731e+04 -5.1659528534182e+01 -1.2315766312313e+02 1.1746615448796e-03
423 3.3905657649862e+04 5.6654812413984e+02 1.9552641308621e+01 2.5283822572832e-03
424 2.7664974510567e+04 1.2647240190083e+03 1.3827412623494e+02 2.4520912957374e-03
425 2.5490584688151e+04 1.1731576664914e+03 1.5357453655872e+02 2.8895992087699e-03
426 2.1879567448950e+04 1.4203466064125e+03 -1.6081315066677e+02 1.7746103457456e-03
427 1.9814109652327e+04 2.5353880229097e+03 1.6502742137042e+02 4.3126431801508e-04
428 2.4226436252704e+04 6.1551441797278e+02 -1.7915414124369e+02 1.3634447673643e-03
429 2.1969850783663e+04 1.5296058205020e+03 1.2459772067079e+02 3.1988307244319e-03
430 2.3477260387686e+04 6.7998393184006e+02 -1.0798291386738e+02 3.5274367600211e-03
431 2.4075239819503e+04 2.1312187165189e+03 1.4320116345517e+02 1.2379843618665e-03
432 2.4925249421571e+04 -1.5628146871037e+02 -5.7172898095804e+01 1.9742004667284e-03
433 2.4880231241309e+04 3.7997863867774e+02 -5.3940504860915e+01 2.9232639261155e-03
434 2.4026718890050e+04 1.1343708343848e+03 1.7163773682189e+02 3.3407101405726e-03
435 2.3710704074418e+04 7.6769209275123e+02 1.3363944806765e+02 6.5956297541327e-04
436 2.2586427211695e+04 8.8897311398441e+01 -9.3178324044402e+01 2.7730341808870e-03
437 2.1332088318138e+04 1.1079554188966e+03 1.5232673129488e+02 3.5783625062537e-03
438 2.1631864534121e+04 1.2895361139228e+03 1.3970225285405e+02 3.4396918113654e-03
439 2.3050257777569e+04 -7.3574164231484e+01 1.5732254256040e+02 2.4595621037626e-03
440 2.5251606383921e+04 2.8916786621643e+03 1.6071013728067e+02 6.7117427106181e-04
441 2.7303194579877e+04 1.7043538228352e+03 -1.7464050238439e+02 3.2631840747545e-03
442 2.9578236090808e+04 2.0272141748343e+03 -1.6958042294361e+02 2.6215809333699e-03
443 2.6606493484643e+04 1.9963662867949e+03 -1.7268614492495e+02 2.6754874274059e-03
444 2.9112510948593e+04 -2.4172388268793e+02 -6.8178620675106e+01 3.8151400816737e-04
445 2.7909254800574e+04 1.9173530259355e+03 1.2525923638985e+02 2.4568376168181e-03
446 2.8204854688748e+04 1.7702859053407e+03 -1.7658589984052e+02 1.7183389105600e-03
447 2.7360694471538e+04 1.9486127422767e+03 1.6572105963051e+02 2.0352628934844e-03
448 2.7815257468934e+04 3.4394265661036e+03 5.3253297305900e+01 5.4428096127834e-04
449 2.8244863118724e+04 2.9313972227327e+03 6.3087828904267e+01 7.4275059454061e-04
450 3.3003809713454e+04 3.5622755147682e+03 3.5266931550351e+01 6.9446745934586e-04
451 2.4787969314366e+04 1.3817504052921e+03 1.5259641290209e+02 3.6525341445653e-04
452 3.0490746129423e+04 1.7891225265984e+03 1.4276554165597e+02 3.0506320747003e-03
453 3.1062630134253e+04 1.5687731115213e+03 1.6098316852900e+02 2.6657722978018e-03
454 2.4777378251197e+04 2.4281617356303e+03 1.7880664169507e+02 9.9787295026523e-04
455 2.6039759579200e+04 3.3830449083665e+03 1.3934157915931e+02 6.1367198811270e-04
456 2.5958472481997e+04 2.2509981984059e+03 1.6889245380874e+02 1.5792374692949e-03
457 2.4883672792586e+04 1.9949588526016e+03 1.4667617988403e+02 1.5539931586127e-03
458 3.4681619190932e+04 1.0193943469897e+02 -1.1932596110111e+02 1.2536711738553e-03
459 2.5126906203081e+04 4.6949186312553e+02 -1.6636534444675e+02 6.6059948648789e-04
460 2.5267746732344e+04 2.2246717071007e+03 1.6077227371784e+02 1.9653325241198e-03
461 2.5334850943091e+04 1.7850159508183e+03 1.4937723700286e+02 1.5414902564202e-03
462 2.8474698407398e+04 1.3528827869834e+03 1.6094147192279e+02 2.3350397747815e-03
463 3.1009244012826e+04 1.4239789272292e+03 4.3931190156746e+00 5.7461600673812e-03
464 2.9821320919113e+04 8.4872426390231e+02 1.4467782482725e+00 3.0709114519709e-03
465 2.8525030262508e+04 1.5829199899185e+03 1.2537611216463e+02 3.2029516003207e-03
466 2.9178399816733e+04 -3.2143942977509e+02 1.7321982931285e+02 1.1961011453522e-03
467 2.4325537293012e+04 2.1238445765561e+03 -9.4409167130589e+00 1.6858755199534e-03
468 2.2771420412138e+04 2.1275135945737e+03 1.6247004749760e+02 1.7783309243569e-03
469 2.4479425730990e+04 5.6050359222415e+02 -1.2954818886848e+02 1.3632355985040e-03
470 2.5288337098783e+04 2.0372794127237e+03 -7.3643428682231e+01 1.8468350849612e-03
471 2.2270420421917e+04 1.9949251416576e+03 1.2976633155507e+02 1.8916469191284e-03
472 2.4230893611662e+04 1.2148622748039e+03 -1.7288656548822e+02 3.2263149169066e-03
473 2.1255917142841e+04 1.1051490105207e+03 1.6728730659358e+02 1.6110400479565e-03
474 2.3494705268007e+04 1.9406514112712e+03 5.2979135188296e+01 7.4382117133164e-04
475 2.2245219228809e+04 1.0489029856451e+03 1.7319475572199e+02 2.1270782460051e-03
476 2.4611442411998e+04 8.3150474620940e+02 1.5155895940449e+02 3.0328831285592e-03
477 2.3590883506120e+04 1.3159930893645e+03 1.6441052992574e+02 3.0240489959351e-03
478 2.7179004497507e+04 7.2769422315572e+02 3.0434393027752e+01 3.3232606730137e-03
479 2.4495471535525e+04 2.0292107129013e+03 1.4929272179671e+02 2.3353994877603e-03
480 2.4608860783155e+04 1.2517665017518e+03 -4.2376763351113e+01 2.5636649398673e-03
481 2.6093805132715e+04 7.3907547324600e+02 1.3422268224933e+02 3.5137910956062e-03
482 2.4478314643334e+04 -2.0210133328616e+02 -3.4420632831642e+01 1.2028511573707e-03
483 2.6780537463127e+04 2.4126242714969e+03 -2.7030943726644e+01 8.9678297902123e-04
484 2.3380141919836e+04 3.0110415490541e+03 1.3117360895062e+02 8.2451189322468e-04
485 2.5252832308963e+04 1.2055882033500e+03 -1.4947447352085e+01 3.6052167112559e-03
486 2.4283570334085e+04 2.1861329614048e+03 1.7935636238743e+01 2.1608310518893e-03
487 1.9539158106245e+04 1.3420596150001e+03 -4.2371890610438e+01 3.2819961630123e-03
488 2.0773583678296e+04 1.3983931801025e+03 -4.5646930950497e+01 2.2288114290953e-03
489 2.3901678620736e+04 1.8710538626305e+03 -5.4116619201583e+01 2.5591406588384e-03
490 1.9493164196873e+04 1.4922512077222e+03 -4.4501912802426e+01 1.9035833534080e-03
491 2.0353403351757e+04 -1.4885997422032e+02 -1.5669733930269e+02 1.9227122980087e-03
492 2.3053338309667e+04 4.5099928633696e+02 -1.9784413214948e+01 3.2677373486436e-03
493 2.1994281682975e+04 2.7618403307130e+03 1.5118800359556e+02 1.0235198254638e-03
494 2.3017493091503e+04 1.6562918680905e+03 1.6677260784531e+02 1.7514935065228e-03
495 2.3809499384750e+04 7.8386486717333e+02 -1.6023624777059e+02 7.7782658509465e-04
496 2.5484200998744e+04 1.0612091526072e+03 6.5224313049299e+01 2.5733478698317e-03
497 2.1878154214644e+04 1.1461450445887e+03 1.7900416365929e+02 3.4326091533947e-03
498 2.0654922276723e+04 8.1523540049768e+02 1.1818050727430e+02 3.5696892928384e-03
499 2.1533868098456e+04 3.0465866880584e+03 1.4545255386360e+02 3.8043362345669e-04
