0 3.0863483356389e+04 2.1858134512599e+03 4.1274610776854e+00 6.0975393600281e-04
1 3.1933933910619e+04 9.9975335837127e+02 1.5261615372240e+01 1.7146541679305e-03
2 3.4190918358094e+04 1.1541305044508e+03 -8.5870037875152e+01 2.9457360724804e-03
3 3.2570232211052e+04 1.1774882021429e+03 -1.4363689330723e+02 3.0165078142612e-03
4 3.3962504439657e+04 2.2725300334129e+03 1.6964467890375e+02 1.4987826012702e-03
5 3.6250141233449e+04 2.2486613175747e+03 -1.1342069408899e+01 2.2115853146580e-03
6 3.2563635535933e+04 3.0858101844640e+03 1.6927415734966e+02 7.4993890428815e-04
7 3.1802037010281e+04 1.6100850472350e+03 1.6010914895662e+02 1.6735553180018e-03
8 3.2751794927470e+04 6.9414422403134e+02 -7.2896070985118e+01 2.5330062491648e-03
9 3.3418641287907e+04 1.8537343551032e+03 1.7182679009263e+02 2.7859985670807e-03
10 3.4557826375182e+04 1.7815743748552e+03 -1.6949555210828e+02 2.4228528401759e-03
11 3.9580887368197e+04 2.3134550232196e+03 -1.0181274359394e+02 1.9771434783634e-03
12 3.7075865678385e+04 2.4543212071179e+03 1.6945560339935e+02 1.9679746315984e-03
13 3.7634547058638e+04 7.9187327761903e+02 -1.2381995122584e+02 1.8796739148498e-03
14 3.7302243068397e+04 1.4726465842914e+03 -1.3410762459483e+02 2.4046257618356e-03
15 3.7482241333240e+04 2.0837192015234e+03 -1.7994018541950e+02 2.4050988272521e-03
16 3.6560763237634e+04 2.0797537360022e+03 1.7235369602685e+02 2.7254150657445e-03
17 3.8052594198260e+04 1.3767899571959e+03 -4.3584546640111e+01 3.0479656999424e-03
18 3.8120027760441e+04 2.0919403670569e+03 -1.5249290625173e+01 2.7527976701400e-03
19 3.7449819334979e+04 7.9795949310993e+02 1.4682345978871e+02 1.7849836990451e-03
20 3.5381387113443e+04 8.3215422406429e+02 1.0517285455081e+02 1.0351431624489e-03
21 3.7407817656326e+04 9.8912067885986e+02 2.6510443212738e+00 2.7923229897075e-03
22 3.6218185042905e+04 4.7561063204455e+02 -1.3514029239356e+02 2.0722362515043e-03
23 3.5793826627826e+04 8.3877184278750e+02 -1.5436534897689e+02 2.6763731605414e-03
24 3.0612411262867e+04 5.6345508777314e+02 1.6427095322630e+02 2.5427662617484e-03
25 3.1208553157850e+04 7.4740977765496e+02 1.3477147831998e+02 2.4719683442570e-03
26 3.0057729086740e+04 1.2227636333089e+03 -1.6628205722374e+02 2.3297290581980e-03
27 2.9971998799254e+04 2.6357599886965e+02 -1.6217756495910e+02 6.8068385777357e-04
28 3.1999018821111e+04 1.8127533611405e+02 -1.6107861465066e+02 1.8441387317915e-03
29 2.8199776725271e+04 6.0014953689267e+02 -1.6954889981616e+02 1.2609651866505e-03
30 2.7661133570230e+04 1.0667476900325e+03 -4.9985599525673e+01 2.7133643797657e-03
31 2.8419092735929e+04 1.3210398067494e+03 -1.7703894638127e+02 2.4231131742606e-03
32 2.7219162406657e+04 1.1524225869876e+03 -1.5838285915927e+02 1.9520865462916e-03
33 2.3233072938096e+04 1.8365713922428e+03 -1.6587002191231e+02 2.2890237405213e-03
34 2.3755403793637e+04 1.5972413094240e+03 -1.1768434795471e+02 2.2735537428945e-03
35 2.2645442122507e+04 1.6523185828133e+03 1.5006438162646e+02 2.4322125903282e-03
36 2.3445497599571e+04 1.9105992829775e+03 -1.7684454890095e+02 1.1246724602303e-03
37 2.4991971978884e+04 2.5003132751601e+03 1.6327339040244e+02 9.6449206018725e-04
38 2.5533384253058e+04 1.5181533664004e+03 -1.7374903000830e+02 2.6132693082608e-03
39 2.4564186799101e+04 7.2173466937701e+02 1.2703980390892e+02 9.4768685031719e-04
40 2.3587534607315e+04 5.0742842034901e+02 -1.7891229853807e+02 1.2932551930464e-03
41 2.5451953173727e+04 7.3446649458446e+02 -1.6913296124789e+02 1.5304445184284e-03
42 2.1516031828039e+04 8.9276851276689e+02 1.6998224661893e+02 2.3804792221445e-03
43 2.3394605928273e+04 1.3245858340315e+02 -1.6798032197392e+02 2.3998616841240e-03
44 2.3573140724196e+04 2.4184864009862e+02 -9.5948694305104e+01 2.5313919882319e-03
45 2.1418863773384e+04 2.5787128781766e+03 1.7180917168503e+02 1.0573940084581e-03
46 2.7440416768760e+04 2.1233722693212e+02 -7.9976336903786e+01 6.9093242791595e-04
47 2.6020693180590e+04 1.8593472121028e+03 1.3774231712495e+02 2.0990270021596e-03
48 2.8895893532723e+04 1.3973003826957e+03 -1.6495616444198e+02 3.0301569763095e-03
49 2.7750560641651e+04 1.4233675064889e+03 -1.5396633828413e+02 3.0009681379663e-03
50 2.6308368533432e+04 1.2711879690772e+03 -1.2423603849430e+02 4.5963293170610e-04
51 2.9990579493922e+04 8.1990681417915e+02 9.6222413949867e+01 1.6671785677260e-03
52 3.1616814191921e+04 4.4381116779322e+02 -1.3969341169715e+02 3.9026426988340e-04
53 2.9519491795817e+04 3.6272071494624e+03 1.4102412739628e+02 2.8139797700055e-04
54 3.3816828508709e+04 1.5884644769346e+03 -1.1010715324324e+02 2.4289189944931e-03
55 3.2351894920559e+04 1.3464966748684e+03 -1.5691855494075e+02 1.1312111603561e-03
56 2.9003291018199e+04 2.1600698051566e+03 1.6237918845522e+02 1.6128322436915e-03
57 3.1005672732703e+04 6.3437508954006e+02 -3.3813848650168e+01 2.3459298377148e-03
58 3.0056401180888e+04 1.0862626115087e+03 -1.6920213577469e+02 2.8060289530495e-03
59 2.6738775145766e+04 1.4455302647327e+03 -1.6187113751869e+02 1.0489472829515e-03
60 2.8164157555823e+04 2.4511744965450e+03 1.6374056620074e+02 5.1496037324834e-04
61 3.2217374786388e+04 1.5102748965191e+03 -4.3639602379105e+01 1.5302526631483e-03
62 3.1917534749898e+04 1.4660922710437e+03 -1.4496358616924e+02 2.4898466476660e-03
63 3.0837391114631e+04 1.3930736765923e+03 1.6106685180285e+02 2.1768797553675e-03
64 2.9850047227171e+04 1.5963853507083e+03 -1.7650835001718e+02 2.9666065299317e-03
65 3.1439585449564e+04 1.4335240946239e+03 -1.6486605932508e+01 3.0357566073925e-03
66 2.9626745722632e+04 1.9045612240171e+03 1.5705929089349e+02 1.7890285335097e-03
67 3.1937570275848e+04 2.4902757891867e+03 1.4394908083643e+02 1.6195760634229e-03
68 2.7799360979414e+04 6.2985355929045e+02 -4.7390515690053e+01 1.0029623736664e-03
69 2.5790396262152e+04 1.9904563000668e+03 1.7957310191876e+02 2.0126615817768e-03
70 2.3201006193402e+04 3.6647892312437e+03 1.5647860514071e+02 3.2886167731582e-04
71 2.5970398736888e+04 1.0702837900535e+03 1.7018644146405e+02 1.2539444404417e-03
72 2.5955845568615e+04 7.5602400516090e+02 1.4935443522097e+02 2.1717358725479e-03
73 2.7882180513050e+04 1.5297471195137e+03 1.4757536199033e+02 2.8925002751733e-03
74 2.7928178365116e+04 9.7555363635510e+02 -1.7352271805079e+02 3.0512962241214e-03
75 2.9746359845825e+04 1.5318684685893e+03 -1.6684049751040e+02 2.9119840481445e-03
76 2.8619120094011e+04 1.7770885312339e+03 -1.7982179504327e+02 2.7483705156866e-03
77 2.7551079171279e+04 7.2962378059999e+01 -7.1504594002423e+01 9.0003356361678e-04
78 2.6804085589014e+04 1.3603165771117e+03 1.7799451145142e+02 1.8998877010515e-03
79 2.5163125984485e+04 7.8708483723316e+02 -1.2949365829767e+02 2.3025027365860e-03
80 2.0544849561955e+04 1.9940800163562e+03 1.6653210393637e+02 1.8867899620068e-03
81 2.3235959559096e+04 1.2308110221737e+03 -8.6820780678522e+01 2.9825902713509e-03
82 2.2589082549758e+04 5.9208952181910e+02 -8.3371167925854e+01 2.6742781098003e-03
83 2.0523695545845e+04 3.0131920054629e+03 -1.7361203258487e+02 4.4533983003318e-04
84 2.5086830627632e+04 2.0799835772052e+03 -1.7253677840004e+02 7.6841278620556e-04
85 2.3207043858439e+04 -1.8569525940040e+02 -1.7048511025050e+02 1.8015798962569e-03
86 2.9481266403424e+04 -6.6537203681006e+01 -1.3317483324912e+01 1.1046508557908e-03
87 2.6216748321206e+04 4.5727052103603e+02 -1.2658145543723e+02 2.5405416255281e-03
88 2.5596014631928e+04 6.8578336012093e+02 -1.7202107226627e+02 2.8945072850312e-03
89 2.4673880537702e+04 1.2510755417974e+03 1.1310722560380e+02 1.5729550073137e-03
90 2.3537447094666e+04 1.5234645314159e+03 -6.7496058964244e+01 2.0877522394234e-03
91 2.7025654377333e+04 7.2439020011287e+00 -1.4486372666074e+02 1.8723888977642e-03
92 2.7753748095873e+04 3.9990798632328e+02 -2.6337443599250e+01 2.5310295821094e-03
93 2.4010945816782e+04 2.2064756196630e+03 1.6873254135976e+02 1.4550528049322e-03
94 2.4570656810032e+04 2.3035521024294e+03 1.5421530889317e+02 1.5666826974432e-03
95 2.7669017708100e+04 1.2259796445440e+03 -7.4562153878285e+00 2.1463691089600e-03
96 2.6738522139066e+04 1.1461263499013e+03 -2.3131911885317e+01 2.6434732658367e-03
97 2.4812892253361e+04 7.3422035336974e+02 -1.2190347650996e+02 1.5869149844654e-03
98 2.7584054331993e+04 -1.0184995684261e+03 -1.4969645518928e+02 4.9630677400811e-04
99 2.7877910589553e+04 -6.3932480793886e+01 1.7738818975671e+02 1.5947932134467e-03
100 2.4736292292696e+04 1.4471370607403e+03 1.7305205633046e+02 2.4468453987827e-03
101 2.3909512544843e+04 1.4730832650810e+03 -1.7750063931454e+02 1.6674114874213e-03
102 1.8546126317283e+04 1.1280212696851e+03 -2.7701574898753e+01 2.1394993002422e-03
103 1.7487349431535e+04 1.8533800622951e+03 1.5774740391198e+02 1.6413455507665e-03
104 1.7864524601977e+04 1.3984469266262e+03 -1.6310170514338e+02 1.7357209362944e-03
105 1.6256884460981e+04 7.6189399627474e+02 4.3657298012369e+00 5.1109877479782e-03
106 1.4661815487330e+04 2.5733191327441e+03 1.6661981231420e+02 7.5865783328191e-04
107 1.4162379176651e+04 1.6662108138928e+03 1.5341894470452e+02 1.2278451928624e-03
108 2.7695836561384e+04 2.1785999322914e+03 1.6876645771056e+02 2.0034977951234e-03
109 2.9295909411708e+04 1.7316606364213e+03 7.0502730770091e+01 2.5741551110393e-03
110 2.8763716345630e+04 1.5861832214054e+03 1.4022698997059e+02 2.9456737692036e-03
111 2.8831729222476e+04 1.0252929490565e+03 -4.5073088366437e+01 3.0555444991589e-03
112 2.4429234732978e+04 2.1401990323145e+03 -1.2676474505336e+02 1.8375625353583e-03
113 2.7464558330662e+04 1.6524692325215e+03 1.6047952285988e+02 2.1303949811320e-03
114 2.8397954454371e+04 1.9001611769830e+03 1.7640833985736e+02 2.9595267920256e-03
115 2.8907849798120e+04 2.3782011460948e+03 1.6255375371025e+02 1.8326010118558e-03
116 2.7377431501318e+04 2.0033644375700e+03 -1.0377517105645e+02 2.0152420415589e-03
117 2.6732602871805e+04 9.8330037081115e+02 1.3735590166025e+02 2.9438098905766e-03
118 2.5511583168296e+04 1.0128561469812e+03 1.7155168640417e+02 3.0478011501067e-03
119 2.5569854749289e+04 1.0532920816069e+03 1.7929524965829e+02 3.0551544057823e-03
120 2.6342738318861e+04 -1.4370398797901e+02 -6.0754947955635e+01 1.6134020702071e-03
121 2.5650782133933e+04 3.7830008160754e+02 -1.7535053426397e+02 1.7307977393398e-03
122 2.8920586297141e+04 2.3173426720369e+03 -9.0491446005718e+01 3.4663597241647e-04
123 2.6867349464915e+04 9.4555538115362e+02 1.7816424577804e+02 3.0128731199299e-03
124 2.6896303028991e+04 3.0072206184729e+03 1.6208078553327e+02 8.3834915769798e-04
125 2.8409448625391e+04 8.2739198859670e+02 -6.4109123489539e+01 2.7534119547060e-03
126 2.7771749876837e+04 5.2212206676871e+02 -7.4478139491272e+01 1.8492554949236e-03
127 2.6579435935907e+04 1.0458944740861e+03 1.6510608973461e+02 2.5228164559109e-03
128 2.5384156104240e+04 8.3311038472430e+02 -1.6538387772137e+02 2.8867926176200e-03
129 2.5074819370253e+04 1.4224807177429e+03 1.4628314011591e+02 2.9009644329189e-03
130 2.3639115751810e+04 1.0923990738445e+02 -1.7483155066878e+02 1.1834309124013e-03
131 2.6575632369999e+04 1.8751720215696e+03 -1.7166067332270e+02 1.4366341199613e-03
132 2.5764915922075e+04 1.0524589950392e+03 1.7386049093189e+02 3.2290650860033e-03
133 2.1949208418556e+04 1.4259069474698e+03 1.7867129847418e+02 1.7898122849580e-03
134 2.3092673463666e+04 3.8343981093315e+02 -1.1786157678465e+02 2.7530318201629e-03
135 2.4421635376892e+04 4.6756115199530e+02 -4.2951380433181e+01 2.8001108124755e-03
136 2.2637796185169e+04 1.5322129280121e+03 -1.5362846448046e+02 2.4495369690159e-03
137 2.2695092992685e+04 1.9528498559179e+03 1.5452670301519e+02 1.4842072709217e-03
138 1.9218440456282e+04 2.4152576975718e+03 1.7953191224564e+02 1.0835238387868e-03
139 2.0292488144192e+04 1.7742791591152e+03 -1.7083483547670e+02 2.1608852640473e-03
140 2.1654699730653e+04 1.2536691966192e+03 -4.0905176307705e+01 2.7134925283786e-03
141 2.5673441950567e+04 2.4138330668763e+03 1.7074155140606e+02 1.2247746316313e-03
142 2.9111950710745e+04 1.8679601455070e+03 1.6109356263017e+02 2.0057850164735e-03
143 2.7550282889866e+04 2.2926807089126e+03 -1.3818565805792e+02 1.6065898840293e-03
144 3.2962081094500e+04 3.3104885416741e+02 -1.1881207130431e+02 1.4731958960156e-03
145 3.1160086923497e+04 1.3212545571921e+03 1.5157291657171e+02 2.2202297527040e-03
146 2.8132064997410e+04 2.4730247614471e+03 -1.7144067564280e+02 1.6253780153434e-03
147 3.0767080141262e+04 2.6534298009421e+03 -1.6816152335964e+02 1.5078107214611e-03
148 3.5391537384609e+04 4.4268135285056e+02 -8.5520919039985e+01 1.8497785179291e-03
149 3.1945241175070e+04 1.9540631113605e+03 1.7154512046532e+02 2.0110340580112e-03
150 3.2270684085571e+04 1.4936835065896e+03 -1.2080103050780e+02 1.6676174404275e-03
151 3.2900420531300e+04 3.7305989033289e+02 1.7146077256401e+02 1.4830992385013e-03
152 3.3189804707014e+04 -3.8216072570271e+02 -1.7322049835392e+02 9.7450540752777e-04
153 3.6170270918413e+04 7.6647546035956e+02 -1.7321799424920e+02 4.2595629194522e-04
154 3.1721644295303e+04 1.3450948610854e+03 -8.5641271726742e+01 2.6598276699796e-03
155 3.1590004613011e+04 1.6687138811745e+03 1.6870337205478e+02 1.8926030273352e-03
156 3.4399224680383e+04 9.9887830087167e+02 -1.6366592428728e+02 2.1644452565892e-03
157 3.5573302857432e+04 -2.5068436831496e+02 -6.5799138336821e+01 1.0218032091709e-03
158 3.4991956761725e+04 5.4056774322891e+02 1.6869811386279e+02 1.9442324696594e-03
159 3.2211185920560e+04 1.9119447294209e+03 1.5358675145710e+02 1.2303783195885e-03
160 3.2207391108302e+04 1.9623838701594e+03 1.3173068017372e+02 1.2396015243836e-03
161 3.1575874833467e+04 1.8521837034530e+03 -1.6065672070989e+02 2.7603071752190e-03
162 2.9869113281596e+04 3.2318233496058e+03 -1.6150214401867e+02 7.1294154820380e-04
163 3.3892439307174e+04 1.1469988664662e+03 -1.5520728522378e+02 2.9872142422112e-03
164 3.1420486816714e+04 1.3743486374936e+03 1.7727878827786e+02 2.6841171921605e-03
165 2.5862947602270e+04 1.5190175118424e+03 -1.7680516647489e+02 2.8864771946185e-04
166 3.1425016687145e+04 1.3870281756934e+03 1.5131950710179e+02 2.3912995326792e-03
167 2.8716237962272e+04 2.0540976947525e+03 -1.5980011027365e+02 1.9864101829508e-03
168 2.9351739732273e+04 2.3536819650229e+03 1.6957704597344e+02 1.8460481816471e-03
169 3.2532669680768e+04 1.1293030842721e+03 -2.8552438555062e+01 2.8451821660643e-03
170 3.2059488309863e+04 2.0792951579399e+03 1.3743822160914e+02 2.5308526099171e-03
171 3.1624305120517e+04 4.3146509985146e+02 -1.5313710596502e+02 2.3051401066524e-03
172 3.0403581635699e+04 1.9743987465981e+03 1.5953303457778e+02 1.8942994314714e-03
173 3.2048938858807e+04 1.6459682737731e+03 -1.2155691668017e+02 1.7008589598288e-03
174 2.9389412339748e+04 2.1907963825170e+03 1.7757407517034e+02 2.1313944418878e-03
175 2.7670175309301e+04 1.8049744600274e+02 -1.5918490771663e+02 1.4584452796111e-03
176 2.7638999642279e+04 1.1828482313009e+03 -1.6262303727889e+02 2.9817666400752e-03
177 2.8507483173517e+04 1.6628118781931e+03 1.4928920512582e+02 2.4260079413841e-03
178 2.6642741860262e+04 5.8843318238934e+02 -1.7390212665326e+02 2.7172893837241e-03
179 2.6680156655613e+04 5.9593662448076e+02 -1.5366696219791e+02 2.7175226546481e-03
180 2.6608106108816e+04 1.4290139091246e+03 1.6769859078009e+02 2.8987931486130e-03
181 2.6565541769230e+04 1.4051053379010e+03 1.3380497779809e+02 1.3966360144103e-03
182 2.6036369268884e+04 2.0310356722438e+03 -1.7208368753114e+02 2.2141495903023e-03
183 2.4151048084932e+04 9.6354623216686e+02 -1.4272018164371e+02 5.3431360448322e-04
184 2.6377945426637e+04 4.7997638535609e+02 -5.6102565530288e+01 6.1759426239193e-04
185 2.6187529585888e+04 1.4657405793470e+02 -1.3119977435889e+02 2.2224457084957e-03
186 2.6604267961312e+04 6.1876641760537e+01 -9.4568123621115e+01 1.8894511515446e-03
187 2.1796966392594e+04 1.7799748715719e+03 1.7402071688315e+02 1.9348113733812e-03
188 2.3016902230144e+04 1.2350637202822e+03 1.6260152861024e+02 1.2576373150906e-03
189 2.3022686616133e+04 2.4732341371422e+03 -1.7551684011011e+02 1.2876954049369e-03
190 2.3127387502723e+04 1.6462493776504e+03 1.5898670777331e+02 1.9182227625969e-03
191 2.3539246248004e+04 1.3867496602410e+03 1.7423545632199e+02 2.3400071223199e-03
192 2.2774639267447e+04 1.9948992963210e+03 1.7146265710552e+02 2.0504850353495e-03
193 2.4802624259798e+04 1.9911974245929e+03 1.4625684727735e+02 8.1643819370910e-04
194 2.4377967639673e+04 1.9063688300629e+03 -1.4356207499267e+01 2.2969618032248e-03
195 2.3754378688508e+04 1.4438979817819e+03 1.5583068290636e+02 2.7566643872099e-03
196 2.3695164488978e+04 8.6339996994792e+02 -3.8894477509884e+01 2.7241084896655e-03
197 2.2913271163424e+04 1.6808768485649e+03 1.7729853007042e+02 2.4728962306626e-03
198 2.2229948149107e+04 1.9771971039866e+03 7.3672373994413e+01 1.9005000824820e-03
199 3.4356454956754e+04 2.6960207504218e+03 1.7872956527891e+02 1.3393427469588e-03
200 3.5176980813326e+04 1.2948487809216e+03 -3.3199930408843e+01 4.0081648181869e-04
201 3.4762996988798e+04 2.3207472065819e+03 -1.6643182167001e+02 2.3267571828383e-03
202 3.5304558973405e+04 7.2954670087366e+02 -9.9495001725969e+01 1.8318212360754e-03
203 3.6324076540057e+04 9.6579049763797e+02 -1.1943570521213e+02 2.4892753572205e-03
204 3.5756209258809e+04 7.7420996472060e+02 -9.6130756668565e+01 2.5110696691971e-03
205 3.4905527516108e+04 8.7442874901619e+02 -1.6811731372393e+02 1.6020205659874e-03
206 3.5149242422427e+04 7.6806220404816e+02 -1.4176032292705e+02 8.0514204311917e-04
207 3.3018777522789e+04 1.2378325395608e+03 -1.5955512107595e+02 3.5541732118932e-04
208 2.9273656304692e+04 1.7046832091933e+03 -7.1745580984119e+01 2.8133579090090e-03
209 2.8098254276534e+04 2.4667489668900e+03 1.6741805332166e+02 1.0753272091338e-03
210 2.5554632985786e+04 9.6806130960468e+02 -1.6513004236205e+02 1.6087567596355e-03
211 2.4300869379682e+04 2.0280980787511e+03 -1.7291417950619e+02 1.7321071196842e-03
212 2.1353309954254e+04 2.5333867162834e+03 1.6827182377184e+02 8.4195335263685e-04
213 3.6570627571150e+04 5.4604238928390e+02 1.7423807278381e+02 2.1844857061901e-03
214 3.7248445305398e+04 4.5813672153657e+02 -1.6729634687692e+02 1.9594191243804e-03
215 3.6279955695257e+04 5.5738772425095e+02 -1.6220854252498e+02 2.2202611790649e-03
216 3.4027961679204e+04 2.2278648473499e+03 -7.9980283702891e+01 1.4350029251942e-03
217 3.3662305090653e+04 1.8335517840479e+03 -1.0607869738555e+02 2.4298257219334e-03
218 2.9928796777426e+04 2.2954905563560e+03 -1.2633235485847e+02 4.9172142331417e-04
219 3.1929361089194e+04 1.2325016883216e+03 -1.7072326780902e+02 2.5611342349250e-03
220 3.5889172988359e+04 1.8514842786396e+03 -1.7424026465730e+02 2.1408850865993e-03
221 3.2817641404325e+04 2.9777096350294e+03 1.5974046184948e+02 1.0538225545739e-03
222 3.5197403131706e+04 2.3715561284965e+03 1.4943079832322e+02 2.0442283588366e-03
223 3.5838629384569e+04 1.7247603721667e+03 -1.5143622726525e+02 2.9887571588223e-03
224 3.5418114096375e+04 2.6487787165432e+03 1.6857182322580e+02 1.8318301804150e-03
225 3.4357467595608e+04 2.4563624635897e+03 1.7986540762074e+02 1.7296893698239e-03
226 3.4087522738866e+04 3.0977487510000e+03 1.2163485968585e+02 8.9602416046168e-04
227 3.7265711744900e+04 9.1472487095254e+02 1.5149841985459e+02 1.3265805373399e-03
228 3.5127146901515e+04 1.0857073640198e+03 -1.2289026870680e+01 2.9619386324514e-03
229 3.5511271560648e+04 9.2831361024940e+02 -1.6453181881553e+02 2.7736259573515e-03
230 3.4051523940403e+04 1.4702028238272e+03 -1.4942977377879e+02 3.0198325046702e-03
231 3.2738723596891e+04 1.6710951710354e+03 -1.7370725157186e+02 2.9958400404883e-03
232 3.4468489280174e+04 9.4595786403216e+02 1.6521540866421e+02 2.8638688001408e-03
233 3.4901340982567e+04 1.1044309336342e+03 1.4912174426939e+02 2.9491273977833e-03
234 3.2499600422618e+04 6.2872603931032e+02 -1.2909679879246e+02 2.0625488756690e-03
235 3.3439107508773e+04 5.3403816399698e+02 -8.3663738059442e+01 1.8364787069408e-03
236 3.3402551652651e+04 8.6160360689410e+02 1.7166628537397e+02 2.7972828870241e-03
237 3.4561174772025e+04 1.5522142821769e+03 -1.7327610575594e+02 3.0611301669674e-03
238 3.4488863673005e+04 1.5767211072936e+03 -1.7764855993879e+02 3.0388383748287e-03
239 3.1272309072701e+04 4.1155962457661e+03 1.6276665018978e+02 3.4222281549247e-04
240 3.5001405833464e+04 1.9537098531988e+03 -7.9143314996102e+01 2.7407884518342e-03
241 3.0803610609331e+04 1.8013130837241e+03 -1.3358529527337e+02 1.5314836314531e-03
242 3.1617615611674e+04 8.7146715384800e+02 -1.6735749284382e+02 2.8749177544170e-03
243 2.9905628470296e+04 1.1975130096115e+03 1.6700053548075e+02 2.3099313067697e-03
244 2.9081370356518e+04 2.0248031856854e+03 1.5820384779365e+02 1.3404327185553e-03
245 3.1929855276778e+04 2.0151781071087e+03 -1.1757847129548e+02 1.2438066193583e-03
246 3.1333189975618e+04 2.4220686967146e+03 1.7524070916091e+02 4.7155616948455e-03
247 3.2709032545118e+04 7.7078998180893e+02 -4.5407661713346e+01 2.2866219499741e-03
248 3.2203697289685e+04 1.1845905570072e+03 -2.7871976630277e+01 3.0167360596737e-03
249 3.1612051528856e+04 1.0103915348500e+03 -1.5237011239584e+02 1.8077001597083e-03
250 3.3056866613507e+04 2.1940713167581e+03 1.6093768643522e+02 2.4208536787637e-03
251 3.3817040315562e+04 1.8061400459287e+03 -1.1915072373711e+02 2.6999046708254e-03
252 3.3651552192706e+04 1.7254232327619e+03 1.5271037826801e+02 2.6406885388318e-03
253 3.4306288599265e+04 1.1739203427120e+03 -1.1152684806661e+02 2.7723602861450e-03
254 3.0946982123405e+04 1.9223725576240e+03 8.1196726004788e+01 2.8647635655510e-04
255 3.1998960933058e+04 2.3995221148896e+03 1.6950477576313e+02 1.2912346013701e-03
256 3.2978977898133e+04 2.2559621054487e+03 -3.9181945717005e+01 2.2384222790619e-03
257 3.1616193947917e+04 2.3888309154602e+03 1.7130308930040e+02 1.8913335732453e-03
258 3.2876530893894e+04 1.0355373974649e+03 -2.7642387870393e+01 2.4874476483275e-03
259 3.0516552019873e+04 1.3062847251267e+03 -1.7145901579839e+02 1.9101380781853e-03
260 3.1753368437757e+04 1.4970123618364e+03 1.6189535005893e+02 1.6598127767507e-03
261 3.5344553847458e+04 2.0026316302583e+03 -5.4879050557561e+01 2.8100808763444e-03
262 3.4873863133174e+04 2.4174145733832e+03 -1.6968459229593e+02 2.1428269138934e-03
263 3.2123771975940e+04 1.8555925489001e+03 -4.9494977204489e+01 2.8031383202903e-03
264 2.8400221146254e+04 2.5576095102025e+03 -9.3568079294547e+01 1.3739035495621e-03
265 2.5358648017199e+04 9.9308973107416e+02 -1.0632059558304e+02 2.9461668882090e-03
266 2.3167788307826e+04 8.8835152046854e+02 -1.6798773753723e+02 2.9408340609501e-03
267 2.2641621489855e+04 1.4565715395147e+02 -1.1860323615051e+02 1.0600148664592e-03
268 2.2466413299983e+04 6.3747457602103e+02 -7.0914255064768e+01 2.0612510755031e-03
269 2.5729088206219e+04 -6.8224338463399e+02 -1.3911470336099e+02 8.1007364365888e-04
270 2.3658147745633e+04 5.7880430753266e+02 1.7358256353444e+02 2.2876061427568e-03
271 2.4821321103885e+04 1.2412120040979e+03 -1.7938701037895e+02 2.5142992972877e-03
272 2.0039289285224e+04 2.2127075230838e+03 1.6394685018470e+02 1.4481883010031e-03
273 2.2430275438296e+04 1.1799355888586e+03 -6.4962928156265e+01 3.0316335585996e-03
274 2.2479505401401e+04 1.0987983490082e+03 -1.3331196679200e+02 2.0529738278204e-03
275 2.4580475817137e+04 1.5133124877909e+02 -1.4804800646755e+02 1.4718259600664e-03
276 2.3141097995752e+04 1.2173731902854e+03 -4.9817728197807e+01 2.9482704831258e-03
277 2.2915978494138e+04 2.2371430112525e+03 -1.6568262137806e+02 1.5567065089981e-03
278 2.2733437125922e+04 1.8393488568872e+03 1.6285965255264e+02 2.1981459908213e-03
279 2.2905948486620e+04 1.6505933822459e+03 1.7008826806154e+02 2.6044279482203e-03
280 2.3304683857392e+04 5.5307972238400e+02 -1.7164080122912e+02 2.7777228240073e-03
281 2.2557670878206e+04 7.8491278290348e+02 1.6357440583012e+02 2.9421752772971e-03
282 2.7508080090283e+04 2.1875265429582e+03 1.5766251160735e+02 2.0577928095069e-03
283 2.5307138679427e+04 1.8226579362245e+03 -1.3689346668175e+02 2.2779926988219e-03
284 2.5286373424755e+04 1.6373446302582e+03 -1.3882258919943e+02 2.4055999783485e-03
285 2.5579396036374e+04 2.1540799186405e+03 1.6470698893070e+02 1.9154029712137e-03
286 2.3901261144044e+04 2.1584963982806e+03 -1.6882514524300e+02 3.8943286333991e-04
287 2.7985097930899e+04 8.0275133896222e+02 -1.4945109663121e+02 2.2731836601854e-03
288 2.3954349206876e+04 3.3529131995241e+03 1.3733563063901e+02 2.8255093996017e-04
289 2.5831740331229e+04 1.2778961841892e+03 -1.3004363513982e+02 2.2793463912487e-03
290 2.6133483576292e+04 1.5993918305132e+03 1.6307183761618e+02 2.2758526203421e-03
291 2.7307979158851e+04 1.1220144475627e+03 7.6694706349878e+01 7.1253624626986e-04
292 2.7339297233024e+04 2.8968601903174e+03 1.5876569118306e+02 9.7763687741196e-04
293 2.6926789525276e+04 1.8778753691179e+03 -1.4353846405219e+02 2.3390237078312e-03
294 2.9265092254617e+04 1.2993670336727e+03 1.6574758184993e+02 2.8349236063294e-03
295 2.8564108376576e+04 1.7605288951182e+03 1.5100081045745e+02 2.7582345866018e-03
296 2.9400364452140e+04 2.1252257036363e+03 1.1380167754736e+02 1.7162273859265e-03
297 2.9281236681359e+04 1.7161879394290e+03 1.2772739982420e+02 1.7713894048760e-03
298 2.9985656015761e+04 1.5946826807798e+03 1.6475971818171e+02 2.9067462934127e-03
299 2.7209574513645e+04 2.0086812168370e+03 -1.3592701154504e+02 1.8933986313963e-03
300 2.7494131697625e+04 1.2472167536975e+03 -1.2901426184306e+02 3.0485122843343e-03
301 2.5622165435945e+04 2.1779057368878e+03 1.7141565688053e+02 1.6941054256318e-03
302 2.7084064795003e+04 2.4289038580465e+03 1.6467883460369e+02 1.6196820913743e-03
303 3.1501177715700e+04 1.1084368275292e+03 -6.4778534510730e+01 2.9132134652410e-03
304 3.0435952175041e+04 1.9554462015674e+03 1.2626397424036e+02 2.5633270318306e-03
305 3.2003576424239e+04 1.2303388761906e+03 1.6081410154183e+02 3.0610136845021e-03
306 2.9438256478673e+04 1.9409931232171e+03 -9.8409214204305e+01 1.4433917414695e-03
307 3.2011211452989e+04 3.4790815794614e+03 1.7664916494799e+02 4.4540531231300e-04
308 3.1334664923122e+04 -3.2291312170258e+01 -1.6383722086943e+02 1.5604762023785e-03
309 3.0392553883238e+04 1.7092641557628e+03 1.7139851530379e+02 2.8519907980654e-03
310 3.1983083970616e+04 1.4143166008736e+02 -1.5922463007845e+02 1.8030953240832e-03
311 3.3820139555143e+04 4.2506895292286e+00 -1.1714262152466e+02 1.3701881625609e-03
312 3.2134469391198e+04 1.6315378147111e+03 -9.6287742024152e+01 2.0985697560904e-03
313 3.2028948463182e+04 2.0940492782141e+03 -1.7571463775015e+02 1.1835195213596e-03
314 3.4274673400873e+04 1.3713149870934e+03 -1.7244726045582e+02 1.9961521209715e-03
315 3.2695174027181e+04 2.0411312737798e+03 -8.4689976548106e+01 2.2242684354518e-03
316 3.2353644812424e+04 1.9465444389403e+03 -7.3045673311488e+01 2.6846491097988e-03
317 3.0509577168326e+04 2.1391296593397e+03 1.7136545284936e+02 2.2601488170650e-03
318 3.4009563846005e+04 4.9074942205905e+02 -1.7582037064914e+02 1.6827764020008e-03
319 3.3999545943075e+04 1.0789976401275e+03 1.5163491610881e+02 2.2225452399304e-03
320 3.3806245553560e+04 7.3145061012740e+02 -1.7625795693394e+02 2.5032027606415e-03
321 2.9280398909517e+04 3.4867354133959e+03 1.7691120574970e+02 4.7272889452337e-04
322 3.0961866963617e+04 8.7791094306021e+02 -1.6788025616157e+02 2.8280935816578e-03
323 3.1156121793763e+04 2.2966863306625e+03 -3.3641994258297e-01 2.0959122354190e-03
324 3.2699116626355e+04 2.0786410496297e+03 1.2082823899302e+00 2.5367555107198e-03
325 3.2103097751927e+04 1.3974888063880e+03 -9.4563824368660e+01 3.0172020081753e-03
326 2.9336268216397e+04 2.8018989109773e+03 -1.7444016825638e+02 8.6907174923609e-04
327 3.2629135249503e+04 2.1566803798166e+03 -1.4227200242462e+02 8.9443219996821e-04
328 3.2116020840312e+04 1.1560498521451e+03 -3.2248285358127e+01 2.6375210217443e-03
329 3.2511084505021e+04 1.3058922406353e+03 1.7801075511741e+02 3.0596346677713e-03
330 3.1696294950754e+04 1.1904768650392e+03 -1.5352303384767e+02 3.0611179391802e-03
331 2.6856912623394e+04 3.0539715090491e+03 -1.0531022870869e+02 6.0120837268830e-04
332 3.0748520658126e+04 1.5533641376376e+03 1.3585829560079e+02 1.5012035985516e-03
333 3.2702022968987e+04 2.5023215130524e+03 -1.6718877244076e+02 1.4363994699956e-03
334 3.2306382395789e+04 6.6395276942811e+02 1.7347216104009e+02 2.9252917039120e-03
335 3.1288108100742e+04 1.6153160486845e+03 1.7027370885127e+00 2.9926627980935e-03
336 3.0529970696797e+04 1.6325573964039e+03 -6.9642643808996e+00 2.2554985193304e-03
337 2.7159458108392e+04 3.0721720556642e+03 1.7350142211157e+02 4.5203152870637e-04
338 3.4126442732116e+04 -1.6550111403522e+02 -6.8619093476247e+01 1.1252747699137e-03
339 3.3260833403143e+04 5.1495118980356e+02 -9.7672667946029e+01 2.3567634479651e-03
340 3.1983511274744e+04 4.9597050327850e+02 -1.7966706524470e+02 2.3982206265624e-03
341 3.1845311731565e+04 1.2252605743273e+03 -1.0724080976693e+02 2.8463494326708e-03
342 3.2695507748211e+04 1.6091794320860e+03 -1.2452543769831e+02 2.7574379815210e-03
343 2.8870064876729e+04 1.3247678844490e+03 1.7965031340202e+02 7.4087578358801e-04
344 2.9411011755979e+04 2.8038513520088e+03 1.5889167459429e+02 1.2001763232552e-03
345 2.9075686025511e+04 2.2983152401984e+03 1.7144877979935e+02 1.2656893288724e-03
346 2.8485398706378e+04 2.3120718622913e+03 1.4555307399415e+02 6.1832347543318e-04
347 2.8315932622512e+04 2.8780563060372e+03 1.5165229050368e+02 9.7608036714705e-04
348 3.0684539344544e+04 2.3378833190448e+03 1.6534925871643e+02 1.4022868738291e-03
349 3.1478429897655e+04 2.4294906664420e+03 -4.6817233354883e+01 1.9106259402214e-03
350 3.0649647883845e+04 1.5336903624761e+03 -2.2009963930599e+01 2.3273786260831e-03
351 3.1120196971296e+04 1.6802030894036e+03 -4.2910398884631e+01 2.8802262633439e-03
352 3.0491382340662e+04 1.2914985525369e+03 1.7953489634805e+02 2.6994958314455e-03
353 3.0035086396776e+04 1.7801606407327e+03 1.6307494444048e+02 1.6388601055243e-03
354 3.3190929456010e+04 1.4166534854563e+03 -6.3027954639462e+01 2.7619503944447e-03
355 3.2078882797115e+04 1.3299445696145e+03 -1.1601835497590e+02 3.0627078492828e-03
356 3.1743693324044e+04 1.3272523423138e+03 -1.6182767870356e+02 2.4063016255243e-03
357 3.0100919919002e+04 9.3233700890079e+02 -1.1679943075779e+02 2.7946025748194e-03
358 3.1880788845197e+04 1.0620113317358e+03 -2.3491042108930e+01 2.7250584661131e-03
359 3.3254435624446e+04 1.2482513524610e+03 1.6797109236043e+02 2.2146224066662e-03
360 3.3620900234873e+04 6.0175077962460e+02 -1.0860817178318e+02 2.2034454325149e-03
361 3.3316413483322e+04 1.9740569140850e+03 -3.5036972803791e+01 2.6866152169626e-03
362 3.3124625247699e+04 1.9265437822823e+03 -1.5613876635252e+02 1.2627331203346e-03
363 2.9273400740270e+04 1.6478995951066e+03 -1.7098379627131e+02 2.9115770956084e-03
364 2.8719087159202e+04 2.1568506547082e+03 1.6417653508019e+02 2.1202345923129e-03
365 2.7966165477981e+04 2.6609300140564e+03 -1.2575809789018e+02 1.1822882187384e-03
366 2.7412340994245e+04 2.4378392647948e+03 1.7561553689827e+02 3.4832031101098e-03
367 2.8229705956226e+04 1.8908850357191e+03 1.7585949549225e+02 1.7461843452504e-03
368 2.9389073728868e+04 1.5119823093149e+03 7.3360450618578e+00 2.9352456637207e-03
369 3.4337817160182e+04 1.5026749539481e+03 1.6518354030853e+02 3.0147418075847e-03
370 3.4378930340880e+04 1.3891327183010e+03 1.6516023781716e+02 3.0476568794486e-03
371 3.1631941238485e+04 3.0886790745030e+03 -1.1617173294057e+02 4.4742532332268e-04
372 3.2414986382309e+04 1.0422110769100e+03 -2.0830401079929e+00 1.9544471634589e-03
373 3.1273553613680e+04 1.8202728182831e+03 -1.7394954118148e+02 9.9067083735862e-04
374 3.3034156111390e+04 1.6302330564210e+03 1.6295343010516e+02 1.9585491688146e-03
375 3.4603804831784e+04 1.6105903730977e+03 -1.7478009936664e+02 1.3565890294923e-03
376 3.1367366134869e+04 2.6870074169055e+03 1.5812304672811e+02 1.2323402590504e-03
377 3.5696233648444e+04 2.5369864417453e+03 -1.4140363706020e+02 1.5516143825870e-03
378 3.5506559474516e+04 3.1476403668132e+03 1.4510928558809e+02 9.9809391219525e-04
379 3.4688800398079e+04 2.5636552578772e+03 -1.7180140563012e+02 9.8311740885996e-04
380 3.3632094747686e+04 1.8180742301711e+03 -1.7354727385455e+02 2.7801947875146e-03
381 3.3870750949172e+04 2.0923311099658e+03 1.7180769100544e+02 2.2066138181447e-03
382 3.6041260697721e+04 1.6148079246789e+02 1.6820966211379e+02 1.5103694019048e-03
383 3.5507619233806e+04 1.9137364074022e+03 -6.6507428229191e+01 1.8066762617824e-03
384 2.7176248029546e+04 2.1262458099934e+03 -1.6263398338012e+02 2.1088627929839e-03
385 2.8127955464090e+04 2.1572168670920e+03 -1.1848228037183e+02 2.0688480911515e-03
386 2.7759805733450e+04 2.0765704702594e+03 1.2311952958028e+02 2.2171546248242e-03
387 2.7668236248035e+04 1.7299186465271e+03 -1.1240731510775e+02 2.6234263298312e-03
388 3.1575994013643e+04 1.3461903572790e+03 -8.5154911130107e+01 2.8846160647522e-03
389 3.0513904839420e+04 2.0047460874548e+03 1.5666014167539e+02 2.3668298631432e-03
390 2.8863975204707e+04 2.2758309283836e+03 -1.7298212503567e+02 9.6916879634577e-04
391 3.4132816871448e+04 3.9577735933247e+02 -9.6038864582074e+01 1.4084843341081e-03
392 2.8710034164205e+04 2.7938028803153e+03 1.6229132839867e+02 5.8954106397077e-04
393 4.1724572685350e+04 1.6862107379134e+03 -1.7547666043359e+02 2.4610845482396e-03
394 4.2361075151427e+04 1.5361994452735e+03 1.7629023331579e+02 2.5192706211922e-03
395 3.8934995959513e+04 1.5807874979740e+03 -1.7597985744841e+02 3.0416562964015e-03
396 4.0723715691595e+04 1.9265706725229e+03 5.4122190821468e+01 2.6272446476300e-03
397 3.7364825637435e+04 3.0593167409910e+03 1.7400366280728e+02 9.3603795768242e-04
398 3.5207377044624e+04 1.8511016777450e+03 1.7322838669415e+02 6.0408072157594e-04
399 4.2711565795899e+04 1.8904037806888e+03 -1.5246853133292e+01 2.2635864357122e-03
400 4.2709764184720e+04 1.2306900280899e+03 -1.7455669014553e+02 2.7722834884144e-03
401 4.2773046238817e+04 6.3940195037733e+02 -1.2319295886653e+02 1.8711838400259e-03
402 4.0683110651484e+04 2.1619684259938e+03 -1.6128110829625e+02 2.1669441239833e-03
403 4.0948603541572e+04 1.0821590631107e+03 -1.7289532925875e+02 2.6733801377748e-03
404 3.9985745974106e+04 8.9074073017593e+02 -1.5629447426828e+02 1.8310414407996e-03
405 4.0462838498311e+04 6.8069841231204e+02 -1.4650241787092e+02 2.1103782368371e-03
406 4.0837856310685e+04 1.7613899293058e+03 1.6662681764520e+02 1.6187395460216e-03
407 3.8945597561280e+04 1.8300716744058e+03 1.2390602928152e+02 2.8127004519002e-03
408 3.9320964908315e+04 1.4667677581155e+03 1.4444292533320e+02 2.7488177935402e-03
409 3.0428750907148e+04 2.0765798324853e+03 -1.7794339242019e+02 1.6355862877900e-03
410 3.6247371930546e+04 -2.6277803423390e+02 -5.5373604656899e+01 9.4404620698487e-04
411 3.4279624064206e+04 7.9745628365776e+02 -9.7314664750501e+01 2.1178646462522e-03
412 3.2502960859246e+04 1.4174842701447e+03 -1.7902230544216e+02 2.7100784377828e-03
413 3.7572259420026e+04 1.4327068910074e+03 -5.1503554596517e+01 2.3956867661343e-03
414 3.7523141702099e+04 1.2720045801781e+03 -4.9384984058603e+00 1.7006669782688e-03
415 3.6284371523253e+04 1.3508042304136e+03 1.6664856875040e+02 2.5030588689131e-03
416 3.1121460219753e+04 2.0698879222800e+03 -1.7209164962203e+02 2.4357266129349e-03
417 3.1682728871382e+04 4.8423786820062e+02 -1.7775799626118e+02 1.8881890998240e-03
418 3.1505820549799e+04 8.4939528770974e+02 1.2611781434960e+02 2.7349974082128e-03
419 3.2371571485197e+04 7.1429480186428e+02 3.2068429436840e+00 2.5959364973692e-03
420 3.1216318705222e+04 3.1139921395494e+02 -1.7284715386835e+02 1.9501408886397e-03
421 2.7060469740137e+04 6.9291851220197e+02 1.7562921863362e+02 2.0658857877216e-03
422 2.5552777009735e+04 9.6345373029537e+02 1.7036442018955e+02 2.4298176279829e-03
423 2.6131701219170e+04 7.6185848864397e+02 -1.6498186509200e+02 2.5756342739695e-03
424 2.6123175768608e+04 4.2120872154848e+02 -1.0533459304365e+02 2.4738361865673e-03
425 2.5581425618597e+04 1.4385802610455e+03 -1.6186971476600e+02 1.9587860869368e-03
426 2.5037262529376e+04 1.2406318956602e+03 -1.3631106702333e+02 2.5809033610962e-03
427 2.5697375432100e+04 6.0946971612465e+02 -6.3579583576533e+01 2.3902663440121e-03
428 2.5341289495529e+04 -2.8448269389411e+02 -1.7811366280195e+02 1.0422811794059e-03
429 2.4706337524879e+04 3.9780454975735e+02 1.6830020778969e+02 2.2820476832940e-03
430 2.4963065622601e+04 1.2053474090735e+02 1.6775676235870e+02 1.9594378600050e-03
431 2.5545000653013e+04 6.0664025771128e-01 -1.2463530332774e+02 1.7354390204050e-03
432 2.9307064393441e+04 1.8171894371178e+03 1.6067526359225e+02 2.2247282404480e-03
433 2.5428379166333e+04 3.1347813165945e+03 1.3850493142727e+02 6.4500531432645e-04
434 3.1583903351394e+04 2.5308408043143e+03 -1.6083117438479e+02 9.7998153779907e-04
435 3.0906664073074e+04 2.6912122213123e+03 6.0113097215368e+00 2.5062438468765e-03
436 2.6944349910128e+04 2.4511253090766e+03 1.2179570004086e+02 8.1899402847470e-04
437 2.8978008190038e+04 2.0439657851219e+03 -9.8046043987390e+01 2.2862899869350e-03
438 3.1337401445729e+04 5.9004989239322e+02 -1.0349447283312e+02 4.9119268890386e-04
439 2.9218841008581e+04 1.3537076313640e+03 -1.5376296815142e+02 3.0430558596383e-03
440 2.8425738533950e+04 1.6224500370939e+03 -9.8086563951991e+01 2.8817446158231e-03
441 2.9641414631125e+04 1.6574354625890e+03 -7.5369848817104e+01 2.7522521052145e-03
442 2.9408072906490e+04 2.5580717309804e+03 1.7842750572621e+02 1.1945853508496e-03
443 3.1408593646802e+04 2.2567219617915e+03 -1.4378136137304e+01 1.9921645013648e-03
444 3.1905902687732e+04 2.8008800338660e+03 -1.5479169869885e+02 2.9371218280731e-04
445 2.9435430787568e+04 3.7928221220331e+03 -1.6136827356606e+02 2.8224912645755e-04
446 3.3050074730111e+04 2.5195750019679e+03 -5.3763243745473e+01 1.1735694510850e-03
447 3.2883820659954e+04 1.9167025685571e+03 -1.7664672468463e+02 2.0388500812986e-03
448 3.0036997458817e+04 4.3575365219062e+03 -7.7140030136899e+01 3.0844984150046e-04
449 2.7306639430982e+04 9.9350360583067e+02 1.6648040377506e+02 1.9889872787694e-03
450 2.6049316907850e+04 8.2525869670231e+02 1.7304104128190e+02 1.4550647247022e-03
451 3.1813338264242e+04 1.2909605718164e+03 -1.7171740936247e+02 2.7302452124159e-03
452 2.8376862477932e+04 2.4262763905741e+03 5.4249974850263e+00 1.5348775838192e-03
453 2.5838780580569e+04 2.0562272830604e+03 -1.7007892346559e+02 1.1627711091570e-03
454 2.6764744339477e+04 7.4778292002026e+02 1.7320566093668e+02 1.2350026079063e-03
455 3.0981039137959e+04 2.5814396830263e+03 -1.6130241617935e+02 8.8574577543040e-04
456 3.6026560928496e+04 2.7259780657997e+02 -1.4564494389674e+02 9.0322869758869e-04
457 2.7581727703693e+04 6.1827600149517e+02 1.6046906008962e+02 1.8375327726125e-03
458 2.8785724837341e+04 1.2366787687843e+03 1.6375206313622e+02 3.0627078492828e-03
459 2.8510340675823e+04 8.7428702425865e+02 -1.6044284971252e+02 2.7734426353855e-03
460 3.0878825121052e+04 1.1233723406176e+03 1.5530474220864e+02 3.0227057479507e-03
461 3.0829421362451e+04 1.2719338402181e+03 -1.7509300515591e+02 2.5544737759748e-03
462 3.0729496573089e+04 1.2737512816996e+03 -1.4130544394467e+02 2.8444773911869e-03
463 3.1339982646236e+04 -2.7790737231667e+02 -1.3776098948820e+02 1.2142437663687e-03
464 2.7617488881566e+04 1.1574413695232e+03 -3.3504745184404e+01 3.0583086873661e-03
465 2.6661808758537e+04 1.7169877654943e+03 1.6019521506955e+02 2.3966637796597e-03
466 2.5690845779950e+04 1.3018112678507e+03 1.7424317593160e+02 4.4436247331345e-03
467 2.7510293694962e+04 1.1493765309621e+03 -1.6352568091927e+02 3.0307591386026e-03
468 2.7086722097587e+04 9.2047715935214e+02 1.5968154990245e+02 9.8231845890118e-04
469 2.6415559027341e+04 1.7690498440185e+03 -4.4798488102683e+01 1.6707134675528e-03
470 2.6583507919224e+04 4.5106195885674e+02 -1.7696608284547e+02 2.1008453048249e-03
471 2.3231649774775e+04 9.4108716280412e+02 1.6061717934929e+02 1.7979302760778e-03
472 2.4865162824138e+04 1.0499997877584e+03 1.5154334862104e+02 2.9430693220730e-03
473 2.4720424653838e+04 7.9100473428502e+02 1.6656698111727e+02 2.7642780852176e-03
474 2.4949932430584e+04 6.9721566750608e+02 -1.7189560497258e+02 2.3914672021114e-03
475 2.6990414846094e+04 6.0138757316807e+02 1.4995648665264e+02 1.7875682768255e-03
476 2.4659744508788e+04 1.9395841346029e+03 1.5993963984830e+02 2.1719180063223e-03
477 2.4916055001934e+04 1.5740016947627e+03 -1.6729070713090e+02 2.4642080179353e-03
478 2.7099120859923e+04 -1.2465394759947e+02 -1.5591361174600e+02 1.5441197118702e-03
479 2.6056643215357e+04 2.8240407060505e+02 9.0260723391885e+01 2.2489645508334e-03
480 2.8019138876737e+04 1.9413153728090e+03 -1.6045335912375e+02 1.4634374971753e-03
481 2.5388422300609e+04 3.0447472913436e+03 1.5864705643662e+02 6.4365994197462e-04
482 2.5253764630731e+04 1.9974891818490e+03 1.4542686497065e+02 2.2047773188834e-03
483 2.4796235894356e+04 2.8978013650151e+03 -1.2648849149546e+02 6.8436497410602e-04
484 2.3367275922352e+04 2.0867270488765e+03 -1.7040616354899e+02 1.7581451179357e-03
485 2.3885122092584e+04 1.1533094288648e+03 -6.9349221247001e+01 1.4654795625195e-03
486 2.3599475723143e+04 2.1470936197340e+03 1.4404415343693e+02 6.6159763247439e-04
487 2.2968150278400e+04 1.0024769945410e+03 1.4481878054340e+01 2.3015889852532e-03
488 2.2155247930775e+04 1.0271194657284e+03 -1.7877875329467e+02 3.0064576557611e-03
489 2.2669791870378e+04 1.6278166900588e+03 -3.5139615931587e+01 2.2205104021920e-03
490 2.2067631922433e+04 1.4173851709245e+03 -3.2522795197853e+01 2.2878844676503e-03
491 2.2771049399919e+04 4.4992388658709e+02 1.7561657035429e+02 1.6279752402152e-03
492 2.3750213690400e+04 1.1166667304903e+02 3.2014083844373e+00 1.4924968103788e-03
493 2.2971832785480e+04 3.3848496595747e+03 2.1909067365203e+01 4.0094285068810e-04
494 2.3343432850397e+04 1.8232387844313e+03 1.7446925409657e+02 4.3313920137100e-03
495 2.5815619446540e+04 1.3601309116009e+03 -7.0463781300584e+01 2.7642813426611e-03
496 2.4191511108780e+04 1.2116383395623e+03 -1.3337612466589e+02 2.2128779556049e-03
497 2.1814105282096e+04 1.0757013992355e+03 -5.6025435828819e+01 2.5861989744917e-03
498 2.1724768430276e+04 8.6166576281151e+02 -1.0837394286630e+02 3.0627078492828e-03
499 2.2652643318798e+04 2.5019041942798e+03 -1.4924769050306e+02 6.3484653988042e-04
