0 5.0002509213513e+04 3.2621220352582e+04 -2.3971744315155e+01 1.1067600512989e-03
1 4.8516496104676e+04 3.3381716170789e+04 8.1580261109174e+01 1.4698787450232e-03
2 4.7629783933805e+04 3.3597844067296e+04 9.9912528281519e+00 3.7303789117715e-04
3 4.7107221862247e+04 3.4137858510430e+04 -6.0891667454820e-01 8.1694703690065e-04
4 4.9823453858836e+04 3.4383333095669e+04 1.0448319528976e+02 3.2811802912080e-03
5 4.6795544361021e+04 3.3771182286926e+04 -1.6557774869900e+02 1.1251292866596e-03
6 4.8129662786025e+04 3.4112762215481e+04 -4.5076707329198e+00 1.4565405689272e-03
7 4.8331863977305e+04 3.4493098921008e+04 -3.4887220502064e+00 3.0699997558621e-03
8 4.6712975819527e+04 3.4360981119910e+04 -1.7147822984602e+02 3.2879258017086e-04
9 5.0830192566302e+04 3.4324298651570e+04 -5.5061145587462e+00 2.3590639928701e-03
10 4.6603175174679e+04 3.4349957864813e+04 -1.6879093166787e+02 5.5531817570865e-04
11 5.1004280328623e+04 3.4190279587755e+04 1.9329684347514e+01 3.5577776318643e-03
12 4.7059510378366e+04 3.4408591575118e+04 -1.7799539773295e+02 3.3568707107777e-03
13 4.6392880779410e+04 3.3511795506837e+04 -3.7456959278936e+00 3.1820434596412e-03
14 4.6462952864649e+04 3.3613062300114e+04 -1.0792453481009e+00 6.9142339921886e-03
15 4.9283181428130e+04 3.3828757033295e+04 1.2199624779950e+00 3.1720366707181e-03
16 4.5912521451141e+04 3.3838497949563e+04 1.6874930129363e+00 3.5320913954469e-03
17 4.5725079326712e+04 3.3780951731139e+04 -1.2969424731044e+02 2.4260742506567e-03
18 4.9045497644472e+04 3.3912891221978e+04 -1.7399468306921e+02 4.4696075761539e-04
19 5.2633667042353e+04 3.4172504032950e+04 6.1776249805969e+00 3.5170546156312e-03
20 5.2868507110012e+04 3.4186859439803e+04 -5.7050290325272e+00 2.6283319216287e-03
21 5.0458821986789e+04 3.3985894789858e+04 -2.4780726989155e+00 3.3860691598329e-03
22 5.5254495853797e+04 3.3465415922179e+04 -2.7586754268407e+01 1.9073154471221e-03
23 5.6159150078248e+04 3.3452032933131e+04 -6.5392246312610e-01 1.7162123824633e-03
24 5.3455150911825e+04 3.4054883461919e+04 1.6131716827007e+01 3.3255075401562e-03
25 5.3436470234012e+04 3.3534624920965e+04 8.3220884031164e-01 2.5121278153744e-03
26 5.5992729977213e+04 3.3942439150918e+04 5.8282178499365e+00 2.8539244412905e-03
27 4.9612425603774e+04 3.3663423920806e+04 2.1862081081093e+00 2.5744415284144e-03
28 5.0464781418936e+04 3.3658907435069e+04 2.9774796751700e+00 2.5619637355245e-03
29 4.8203369943808e+04 3.3114962172415e+04 2.2622033319949e+00 1.6568494703350e-03
30 5.0624129395768e+04 3.3557586238076e+04 -6.9350273617847e+00 1.2081378305628e-03
31 5.2849728663863e+04 3.3659791335403e+04 1.7551170582598e+00 1.8900851988168e-03
32 5.0277293721712e+04 3.3028558898821e+04 -3.8708958314154e+00 5.7738331032497e-04
33 5.2579167541368e+04 3.2858225955366e+04 8.9737732672445e-01 7.2735313754743e-04
34 4.7931049846126e+04 3.3759431362558e+04 4.5252252485403e+00 3.4141267960239e-03
35 4.9593576976235e+04 3.4065176556405e+04 8.4879999452951e-01 1.0336607695685e-03
36 4.8829014809204e+04 3.4247295333180e+04 -3.5833559162657e+00 3.5209522555653e-03
37 4.3742481604057e+04 3.4052880308027e+04 -1.7640540552724e+02 3.3920393074332e-04
38 4.5218388421326e+04 3.3979135979018e+04 1.6539319199930e+02 4.9772606312416e-04
39 4.6084934102197e+04 3.3799964246340e+04 -1.5144956034108e+02 8.4731554913541e-04
40 5.0921841236281e+04 3.4221812185408e+04 1.1326549927208e+02 2.5249361079938e-03
41 5.0386723631084e+04 3.4236978671903e+04 9.2289116466967e+00 3.2274900140786e-03
42 4.9236255647339e+04 3.4459188658338e+04 2.4482144625079e+00 3.1294233303324e-03
43 5.2095596623060e+04 3.4207445281319e+04 3.4216128569851e+00 3.5228336200044e-03
44 5.0418405089191e+04 3.4372789427291e+04 -1.0492976790405e+01 2.8882843931299e-03
45 4.9927893207592e+04 3.3789389878167e+04 -3.1799240642703e+00 1.6251614465253e-03
46 4.7036392779857e+04 3.4570149124605e+04 -8.7144205163751e+01 2.1355646018000e-03
47 4.6002924875888e+04 3.4805467858687e+04 7.0649847285316e+00 2.5336247311985e-03
48 5.0195838667804e+04 3.4730397301193e+04 -5.7895556008789e+00 1.0244778438909e-03
49 5.0626592541170e+04 3.4918439350703e+04 1.2207693728406e+00 4.8577291536659e-04
50 4.8787187521061e+04 3.4924140756562e+04 -3.9680591346419e-01 4.8901878429051e-03
51 5.1332689216551e+04 3.3565063216984e+04 1.1184997838460e+00 1.4370160733990e-03
52 5.4570623995811e+04 3.3155403187130e+04 3.7634753439770e+00 9.2844319898843e-04
53 5.4671260911594e+04 3.3601261366238e+04 6.1193925991462e+01 2.1053883102504e-03
54 4.9833767621015e+04 3.4091846868810e+04 -2.8448279711051e+01 2.9249791763118e-03
55 5.2274831476188e+04 3.4274203410504e+04 8.7371374193529e-01 3.5701446934731e-03
56 5.0978369925080e+04 3.4433476616390e+04 1.0833033196062e+01 2.4836455480214e-03
57 4.9731447514922e+04 3.3558143506987e+04 -5.7149655252729e+00 2.0307783371847e-03
58 4.4471829452111e+04 3.3135248559844e+04 1.7958300102217e+02 3.5075281895254e-04
59 5.1095531760737e+04 3.3627570108452e+04 8.4390310875916e-01 2.4075397680031e-03
60 5.1887059881449e+04 3.3565564637929e+04 -1.7689770162621e+00 4.2995326575034e-03
61 5.1671604191782e+04 3.3634116092739e+04 -1.0947107987266e+00 2.8698030007332e-03
62 5.1221363791865e+04 3.3930878804192e+04 -9.7286624560369e-01 4.6396542575531e-03
63 4.4633027116413e+04 3.4361220805760e+04 -4.1248106254996e+00 1.7858405062301e-03
64 5.0930945691908e+04 3.2718420584419e+04 3.0808618689537e-01 1.9536095044407e-03
65 5.1571211179769e+04 3.3064692394687e+04 -7.2539373213733e-02 1.3199414271969e-03
66 4.9552906694325e+04 3.2992654501498e+04 -8.1674374455194e+00 1.4035105194435e-03
67 4.8165731899945e+04 3.3391042787647e+04 -1.5495895007142e+02 2.0566176487681e-03
68 4.6802148923997e+04 3.3396216346433e+04 1.7575270584619e+02 1.0293505709652e-03
69 5.1045421968313e+04 3.3331428564833e+04 -4.3644313848004e+00 1.5696753129120e-03
70 4.8432788210520e+04 3.3700329687627e+04 7.7663083510870e-01 3.0572427220448e-03
71 4.9374913062344e+04 3.3463348995959e+04 1.4875333999173e+00 1.8135688034233e-03
72 4.6546241935830e+04 3.3723541625078e+04 1.3677540202935e+02 8.0176875563663e-04
73 4.9596192781575e+04 3.3272827579806e+04 6.1991406277207e+00 2.4518498516248e-03
74 4.9253872284134e+04 3.3199605392856e+04 -1.7610112852765e+02 3.6289743321649e-04
75 5.8471614817886e+04 3.3736203528995e+04 -1.8548288033787e+00 8.5408159386308e-04
76 6.0094140645688e+04 3.3805991133266e+04 -1.0848079406597e+00 4.5499096677066e-03
77 5.7795232101049e+04 3.2839250480303e+04 -1.6247678338479e+02 5.9110805323213e-04
78 5.1804728040257e+04 3.3321266188643e+04 -1.7716458940855e+02 6.0258649822905e-04
79 5.7100255050807e+04 3.3462325263818e+04 1.7595392890084e+02 1.3885280892917e-03
80 5.6143865364018e+04 3.3242771167913e+04 6.9952684243186e+00 5.9314862522580e-04
81 5.9762934706822e+04 3.3853623257301e+04 -1.0522283186831e+01 2.8277283753623e-03
82 5.7666310620916e+04 3.4692786950923e+04 3.4743091154134e+00 3.5770096315944e-03
83 5.7054003590074e+04 3.4872581843851e+04 9.8889043734870e+01 4.2090303331548e-04
84 5.8719936637233e+04 3.5227822198750e+04 6.3080770026155e+00 1.4231418113255e-03
85 5.8804116911762e+04 3.5049341062883e+04 4.4879269777156e+00 3.5443323786544e-03
86 5.5063679054368e+04 3.5108148686119e+04 -1.3631862107832e+01 8.3746767838056e-04
87 5.6759748015185e+04 3.3618035497722e+04 -8.6908425580476e+00 7.9630598859871e-04
88 5.3180933299406e+04 3.4162677797988e+04 1.6365873843790e+00 2.5772590526835e-03
89 5.3362999993668e+04 3.3917530516934e+04 1.1869118522324e+01 1.9738039722670e-03
90 5.7457538620733e+04 3.4028063652559e+04 4.9727582594100e+00 1.9210056845949e-03
91 5.7319611042741e+04 3.3536742029369e+04 3.4769835472369e+00 1.4042246697444e-03
92 5.8298911008077e+04 3.4387065684773e+04 -3.1912245725717e+00 1.0852679790251e-03
93 5.5073650789662e+04 3.3762717401033e+04 -1.8862808360534e+01 1.3832993554047e-03
94 5.9151449910098e+04 3.3698240015443e+04 3.6633146259868e+01 2.0131212050957e-03
95 6.1598360056853e+04 3.4671515314956e+04 -8.3152542650701e-01 2.2021312174253e-03
96 6.2030626079238e+04 3.4681941581502e+04 -2.4800757662807e+00 7.5114302097757e-04
97 6.1297132644452e+04 3.5039000419387e+04 -1.2541658145145e-01 2.4128729577723e-03
98 6.1512214269884e+04 3.4681190918963e+04 -2.6754303171951e+00 2.6281821938901e-03
99 6.2618649045735e+04 3.4877959102139e+04 -5.6939370974026e+00 5.7054556391651e-04
100 5.6439147255114e+04 3.3471431456181e+04 -1.7245068989110e+02 1.7558653335537e-03
101 5.6241632962366e+04 3.3838726656901e+04 9.3913619692239e+01 2.7205291369465e-03
102 5.5567629625094e+04 3.4034874787803e+04 -8.4030832115229e+00 1.9251044514522e-03
103 5.5063748240341e+04 3.4016028072736e+04 -1.7774908852895e+02 2.0327303993166e-03
104 5.2053817450056e+04 3.4686274679152e+04 -1.6421474588586e+02 5.2688105218589e-04
105 5.4693882324122e+04 3.5236238543235e+04 1.6497802021701e+00 2.1534224480926e-03
106 5.1345657789409e+04 3.4751285162263e+04 -1.4859195616503e+00 3.3581916851612e-03
107 5.6266919364886e+04 3.4258496160344e+04 6.8079044623979e-01 3.9586503223954e-04
108 5.1913718696119e+04 3.4367515290475e+04 -6.6535188316117e-01 6.7681885503046e-03
109 5.3064521510773e+04 3.4215243768691e+04 -2.0212982441770e+01 3.2468125774724e-03
110 5.0420178287334e+04 3.4434794033111e+04 -1.7264317309232e+02 3.4188965958792e-03
111 5.2577360217016e+04 3.4490916293429e+04 1.2955100530980e+02 2.4429831788174e-03
112 6.3952209739134e+04 3.3397099187242e+04 -2.0158244483712e+00 1.6203770736240e-03
113 6.2065577970010e+04 3.3533125722551e+04 -3.1435227620515e+00 1.3826017556788e-03
114 5.5539813294133e+04 3.3698175797323e+04 8.1273266586461e+00 1.3528427142599e-03
115 5.4342823662479e+04 3.3843645918086e+04 5.9220892996155e+01 2.9702024864624e-03
116 5.7566208193528e+04 3.4706620886686e+04 3.1183244836137e-01 3.1939229414677e-03
117 5.7229398388695e+04 3.4612806428789e+04 7.9804693831436e-01 3.1095343849045e-03
118 5.8157616088191e+04 3.4186441059382e+04 3.1707179362744e+00 2.5349034780298e-03
119 5.5074583200710e+04 3.4349610526888e+04 1.6352200518300e+02 1.5435503766096e-03
120 5.5154959462221e+04 3.4518902019781e+04 9.2369556944534e+00 2.8827229981244e-03
121 5.8548713574790e+04 3.4529033322457e+04 2.9442863075539e+00 6.8156767061781e-04
122 5.4928100923504e+04 3.3850018888970e+04 -1.2706760167504e+01 2.3728691164293e-03
123 5.6728085273354e+04 3.4039162243919e+04 -1.1804574578454e+00 3.0459294931749e-03
124 6.2251129417816e+04 3.3983374296522e+04 -8.2439760302228e-01 4.5482809235715e-03
125 6.1269622457893e+04 3.3745124762797e+04 1.6262228523141e+02 1.3979811489418e-03
126 6.1053932180140e+04 3.4098402712345e+04 1.9271643077290e+01 2.2460385081911e-03
127 6.2655882326605e+04 3.4306092196477e+04 3.3234787172469e+00 6.6899131086576e-04
128 6.0562203849876e+04 3.4327742514073e+04 -4.0953245960367e+00 3.0843885309598e-03
129 6.2386193249184e+04 3.4168599224971e+04 4.6019435090988e+00 7.9947625361268e-04
130 6.3968450314019e+04 3.4067493541776e+04 1.8398429056467e-01 1.2197913273280e-03
131 6.2314154102106e+04 3.3740028035260e+04 -2.9772086434717e+00 5.4524467870700e-04
132 6.2529418084786e+04 3.3744561141026e+04 -2.9587321303142e+00 4.2526449993860e-04
133 6.4806458672933e+04 3.3962863921958e+04 5.6319334201335e-01 3.2635548931329e-04
134 6.0238289532638e+04 3.3857168652662e+04 1.0332352933965e+02 2.2507712470635e-03
135 6.1335795441659e+04 3.4001343684276e+04 -2.6537844647654e+00 2.2022102237952e-03
136 5.8297319713404e+04 3.4425456553509e+04 -4.2214230699683e+00 3.3744384373263e-03
137 5.5085198285008e+04 3.4113306289478e+04 -1.7966945291438e+02 3.2693530263880e-03
138 5.7280401858265e+04 3.3834680474382e+04 -3.4621919180146e+00 1.3784724016433e-03
139 5.7520354636425e+04 3.3811015400948e+04 9.5271858691720e-01 9.9813594051835e-04
140 5.5775985927968e+04 3.3863297235510e+04 2.3952656164351e+00 2.8348427655107e-03
141 5.7785189732927e+04 3.3930678749412e+04 1.6926646304423e+02 2.7386799325041e-03
142 5.3500101760806e+04 3.3976204537604e+04 -9.2651359178969e+00 7.1126236204315e-04
143 5.9202409658456e+04 3.3483737586967e+04 -2.1129914826000e+00 1.1051916807173e-03
144 5.7969122876135e+04 3.3487069299048e+04 -1.0926333851572e+01 1.8270224751552e-03
145 5.5731799570093e+04 3.3754336596583e+04 1.2035484889737e+00 1.3918347247678e-03
146 5.6763539784812e+04 3.3511890833969e+04 -1.9725534597567e+01 7.8876344175223e-04
147 5.9061804184095e+04 3.4000645917406e+04 1.3090357977069e+00 2.7093048287186e-03
148 5.3906123290334e+04 3.4081092638501e+04 1.7881918775647e+02 3.3750733748362e-04
149 5.3330145053390e+04 3.4455910750307e+04 -1.3942015206741e+00 7.8309067213949e-04
150 5.5422705865775e+04 3.4527680839590e+04 1.7192660670304e+02 1.8881422404679e-03
151 5.5228319967632e+04 3.4403364703875e+04 1.7178452743203e+01 1.4766344714935e-03
152 5.3804632774330e+04 3.4284664993197e+04 -1.7725625712156e+02 2.6371817028979e-03
153 5.4749836829340e+04 3.4289423181580e+04 -8.6234150235704e+01 3.1640490345416e-03
154 5.4081436587115e+04 3.4150473319375e+04 -1.7536536438148e+02 3.1876039604797e-03
155 5.8358141420433e+04 3.3710116353632e+04 1.1849958517074e-02 1.6493742263119e-03
156 5.5469325543139e+04 3.4279387000153e+04 2.3577545314592e+00 3.4038787078400e-03
157 5.7202141194307e+04 3.3803244549449e+04 -3.7947936160378e+00 2.5532599988670e-03
158 5.9992303628418e+04 3.3626179420632e+04 -9.6297428034675e-01 6.1589247857670e-03
159 5.5396716903739e+04 3.2929367343567e+04 -1.3166048221561e+01 3.5769844094858e-04
160 6.3920845689061e+04 3.4111295464605e+04 -2.1429330462662e+00 1.3081720077216e-03
161 6.1364442032141e+04 3.4570186969280e+04 1.9667852641635e+01 2.0755979088276e-03
162 6.0066332972067e+04 3.3811877220476e+04 -2.7507491999370e+00 5.9527251817185e-04
163 5.5781713435531e+04 3.4444387270770e+04 3.5093203104024e+00 5.1978859541851e-04
164 6.0320566231507e+04 3.4924508707062e+04 1.4991519458937e+01 3.3863155170038e-03
165 6.0918329301249e+04 3.4282214222710e+04 -3.4367482832100e+00 2.0872745620353e-03
166 6.0079936321231e+04 3.4261789153019e+04 -6.5502397695868e+00 1.4418976760150e-03
167 5.9362684144298e+04 3.4325628862056e+04 1.7399698570808e+02 3.2529031205946e-03
168 6.0145430135852e+04 3.4053784826441e+04 1.7218683256850e+02 3.1571896515835e-03
169 6.0881548652178e+04 3.4105012813072e+04 1.0511296186534e+00 2.8233370346132e-03
170 5.9383110723570e+04 3.3794794823010e+04 -1.7457275350270e+02 3.4447631625653e-04
171 6.0618603694055e+04 3.4036772832236e+04 -3.3325277432468e-01 2.4887424678013e-03
172 5.6789488970027e+04 3.3711051589253e+04 -1.7045937366050e+02 4.7414653424720e-04
173 5.9123812429773e+04 3.3942244870189e+04 -5.6770433855254e-02 2.5664304345779e-03
174 6.2535788403777e+04 3.4281504086522e+04 2.4100767650680e+00 4.6552213625657e-04
175 6.2499677842010e+04 3.4090962815235e+04 -3.2657365772894e+00 5.3736176440963e-04
176 6.0617565577148e+04 3.3940128581791e+04 -1.2507500709969e-02 4.0023980556625e-03
177 6.0426906257742e+04 3.4013667256943e+04 -2.9893160797936e+00 3.5822639233667e-03
178 5.7171955241867e+04 3.4250118615639e+04 1.7896379166078e+02 2.2370945940637e-03
179 6.1291392292145e+04 3.4637072654423e+04 1.5858913181977e+02 2.4353052419905e-03
180 6.0181883243303e+04 3.4597289531332e+04 -1.7013117690488e+02 9.8568346182312e-04
181 6.2098955090392e+04 3.4518772976499e+04 -1.3246122496306e+00 1.1847757698243e-03
182 6.0203288095325e+04 3.4910749127530e+04 5.9780381926962e+00 1.9025822690928e-03
183 6.0865225261739e+04 3.5088053959978e+04 8.7665978884546e-01 3.2572351319966e-04
184 5.6313458800396e+04 3.4004490773331e+04 1.6024426006273e+02 8.5841145600364e-04
185 6.2625912967681e+04 3.3580012192175e+04 -3.0723816123784e+00 6.0532495011800e-04
186 5.9567219894811e+04 3.3765137308165e+04 9.6074634843803e-01 2.4026939045858e-03
187 5.8759360365167e+04 3.3712917822329e+04 1.7654082988161e+02 4.3676394018957e-04
188 6.1391740693028e+04 3.3441452230171e+04 4.2878015806286e+00 2.8238688634453e-03
189 6.3347538957272e+04 3.3279727219897e+04 7.5520455675444e-01 4.0602229678256e-04
190 6.3446705034316e+04 3.3267815311127e+04 -1.3679772064497e+01 3.4383831078305e-04
191 5.9564137649005e+04 3.4121275437866e+04 -1.7646674098847e+02 3.4754050044952e-04
192 6.3049098869630e+04 3.4376835416913e+04 1.7989029401814e+02 4.5104448710971e-04
193 6.3613837127674e+04 3.4089875677303e+04 -2.4885071870241e+00 3.6649753770596e-04
194 6.3748347310156e+04 3.3805376568836e+04 -1.2498444694678e+00 3.7055614837484e-03
195 6.0728575898749e+04 3.3936822255322e+04 -9.6606500779941e+01 3.0813782030559e-03
196 6.3406415403154e+04 3.4139495202486e+04 -4.7807824708447e+00 3.9770693562970e-04
197 6.3859848583442e+04 3.4156894430933e+04 -2.1280098986148e+00 3.3914601425260e-04
198 6.3234111947236e+04 3.5010630269626e+04 -1.9253186062843e+00 1.9284118121377e-03
199 6.0114650098252e+04 3.4594035397177e+04 -1.7089336065766e+02 7.0373602969211e-04
200 6.2414521423137e+04 3.3708323351297e+04 -1.5412675035288e+00 3.7274792176762e-03
201 6.4134548088254e+04 3.4092407102492e+04 1.9293050320267e+00 3.3350450158825e-04
202 6.2720139296828e+04 3.4087437497433e+04 -1.7864153362573e+02 4.8847171371192e-04
203 6.2291757547211e+04 3.4491748294112e+04 3.1995933277612e+00 7.9399761032773e-04
204 6.2238593825535e+04 3.4073431072797e+04 1.5525491807066e+01 5.4665133211763e-04
205 5.9553316888858e+04 3.4098336295484e+04 -5.1330838427894e+00 5.7739474262809e-04
206 6.4035464767475e+04 3.4002061507786e+04 -8.0408549493789e+00 3.3095259520567e-04
207 6.2263514664238e+04 3.4207317716456e+04 3.3040147199402e+00 8.4336955874037e-04
208 5.7424957799200e+04 3.4308775804520e+04 -1.6984053268294e+02 7.8671973363974e-04
209 6.1393183844175e+04 3.4214030869429e+04 1.7905123546712e+00 2.6656928136496e-03
210 6.2522827176832e+04 3.4152257667769e+04 -1.3374946811327e+01 8.3277523477130e-04
211 5.8065880476471e+04 3.4685252276633e+04 -2.9132977391463e+01 2.6366210871051e-03
212 5.7848590428073e+04 3.4095121136459e+04 -5.1765313877714e+00 2.1988925098444e-03
213 5.8897652143345e+04 3.4153648164313e+04 1.5037493330725e+02 1.2370939938395e-03
214 6.0190695033419e+04 3.4102790996009e+04 -1.2619842717829e-01 5.0282274122792e-03
215 5.8689383661569e+04 3.4277250369714e+04 -1.9469193914134e+00 3.0958607638755e-03
216 6.2760648050146e+04 3.4308580278225e+04 -5.4869150984517e+00 6.4800305651210e-04
217 6.3171458624038e+04 3.4350527547123e+04 6.1825075032041e+01 4.1873391979708e-04
218 5.2934583011619e+04 3.3251937571874e+04 1.0539495439437e+01 8.0950209897212e-04
219 5.3344500519631e+04 3.3374379527396e+04 -6.3079556115159e+00 1.8944402745221e-03
220 5.2184570486733e+04 3.4025347304390e+04 -9.6063196696381e+01 3.1822715513043e-03
221 5.2579181941264e+04 3.4032523772292e+04 1.7510792239735e+02 2.6888204464849e-03
222 5.0332771807808e+04 3.4026738619420e+04 9.2269672848352e+00 1.2125948810256e-03
223 5.2484721336339e+04 3.4066189099910e+04 2.0627020543627e+00 3.3886010740633e-03
224 5.1044389966972e+04 3.4304681528629e+04 1.7286931571738e+02 2.0572924369467e-03
225 4.7989784693859e+04 3.3742673899377e+04 3.3587769145675e+01 2.9403262341869e-03
226 5.0095143469194e+04 3.3229992652667e+04 9.6210157701011e-01 2.3882223101971e-03
227 5.1416967278038e+04 3.3480553249214e+04 -4.4598355498637e+00 1.4458706650035e-03
228 4.7242411233281e+04 3.3747730669914e+04 1.7833146568581e+02 3.7961442111389e-04
229 4.9168595831938e+04 3.3547972045739e+04 1.1964255440763e+00 1.7857087340636e-03
230 4.8102699748807e+04 3.3334289679199e+04 1.7983771531638e+02 5.6022695483277e-04
231 4.5831486437202e+04 3.3568677742183e+04 8.8648716491630e+01 3.7660766773978e-04
232 4.5295203486062e+04 3.3222848997827e+04 -1.5188060579977e+02 2.1753344273228e-03
233 4.8860656191843e+04 3.3697823527680e+04 7.4720088847161e-01 1.8551634173603e-03
234 4.8920384783100e+04 3.3747922543681e+04 2.3727995617703e-01 1.6883275355183e-03
235 5.0387658135665e+04 3.3837642994571e+04 9.1003759931993e-01 2.3580313761234e-03
236 5.0695311736671e+04 3.3993570354989e+04 5.5327853470543e+00 2.8128854949680e-03
237 5.0157630029920e+04 3.3783124639991e+04 -1.8512013976691e+00 2.9474072364434e-03
238 4.3759573158857e+04 3.3472083222936e+04 -1.1742204586733e+02 5.7758394951702e-04
239 4.8921568465674e+04 3.3987286313204e+04 -1.3469510986626e+00 2.4429904738521e-03
240 5.1564856892672e+04 3.2665445497731e+04 -1.6929021784533e+02 1.1611958863483e-03
241 5.8212838421775e+04 3.3551950841502e+04 4.5719371726993e+00 6.4122799076391e-04
242 5.9968883044085e+04 3.3756538125729e+04 1.7199155833104e+00 2.4010220239203e-03
243 5.6557687634340e+04 3.3273968103510e+04 -4.6498308211901e+01 9.7136820538490e-04
244 5.0003575484265e+04 3.4739124702133e+04 4.9689974693322e-01 1.6783218167407e-03
245 5.1380555872418e+04 3.4286805188351e+04 4.9526821961409e-01 3.3207728704773e-03
246 5.0884566894287e+04 3.4286145877245e+04 -4.2111306500469e+00 2.4900132046825e-03
247 5.2342503722809e+04 3.4272025309362e+04 3.7909385280172e+00 1.8513358002449e-03
248 5.3296813323420e+04 3.3736895672086e+04 -5.0988365300432e+00 2.0320397108944e-03
249 5.1287957821742e+04 3.4052093912381e+04 -7.2617158577797e+00 3.2720686869723e-03
250 4.8296060532088e+04 3.4086635161130e+04 -1.1266772655463e+01 3.2209469204572e-03
251 5.0982193982868e+04 3.3842781590498e+04 -3.0246052798686e+00 7.6355502580793e-04
252 5.2427280649411e+04 3.3945194188502e+04 8.4647310660491e+00 2.5959585905450e-03
253 5.1215272287351e+04 3.4281929786746e+04 -1.3950779844338e+00 6.4136067429169e-04
254 5.5394542833619e+04 3.4376698062789e+04 -4.2136553620123e+00 6.6389079517190e-04
255 5.5953921404753e+04 3.4784896148940e+04 -4.3502185762702e+00 3.1980288452979e-03
256 5.4458980862200e+04 3.4941289694136e+04 -1.5201560620462e+00 6.1297804901088e-03
257 5.3598084887462e+04 3.4777926879422e+04 -4.4886018699641e+00 3.3138171881172e-03
258 5.5584353265454e+04 3.4847878353141e+04 3.7699384225372e+00 3.5676965998544e-03
259 5.1697310036092e+04 3.4649857149837e+04 -1.7512858121791e+02 1.0806369894874e-03
260 6.1590232783506e+04 3.3016446664812e+04 -3.3940574186136e+01 2.2871292370202e-03
261 5.8667134764772e+04 3.3444955669945e+04 1.3796651590486e+01 9.4683756400719e-04
262 6.3104138020056e+04 3.3512541240342e+04 -6.0503565206254e+00 3.7569450895876e-04
263 6.4692978457584e+04 3.3544381170014e+04 -1.0121051766431e+01 3.2691922546126e-04
264 6.4026033075153e+04 3.3869014046590e+04 6.2874780850410e-01 5.8729044094184e-04
265 5.6588560229708e+04 3.3733410272844e+04 -2.4837645168990e+00 1.4485550855839e-03
266 5.8009608082927e+04 3.4029472703784e+04 -1.9025595072009e+00 3.4041192260301e-03
267 5.6881812281067e+04 3.4009508220828e+04 -1.4191533343908e+01 2.7545356108903e-03
268 6.1591179428971e+04 3.3939220751003e+04 -2.7420231276059e+00 1.6204566129261e-03
269 6.0062692383757e+04 3.4285749120860e+04 -4.1477596338949e+00 3.1898200149636e-03
270 5.6824784097801e+04 3.3638573294135e+04 -1.2221965262314e+01 8.0056243111646e-04
271 6.4734765850868e+04 3.3794505604239e+04 -3.7333559650345e+00 3.2619635679131e-04
272 6.2709700397746e+04 3.3390502997700e+04 -1.7541559903823e+00 2.7278883249064e-03
273 6.1898144877753e+04 3.3427565165425e+04 1.3998413408802e+00 1.1187674349966e-03
274 4.8934362269426e+04 3.3169000491546e+04 5.9878043245425e+00 1.7946051830673e-03
275 5.0967477463874e+04 3.3006609963970e+04 -3.2626120056441e+00 8.5262194448880e-04
276 4.9357734084897e+04 3.3330249320041e+04 -3.5503000441415e+00 1.6990601257862e-03
277 4.8975402326020e+04 3.3390713004629e+04 -1.8553849991593e+00 1.9362054469895e-03
278 4.9665022652470e+04 3.3017483123108e+04 9.0388225135554e-01 1.8635652734865e-03
279 4.9299709018600e+04 3.3395251503725e+04 1.8669506414018e+00 6.5612621549395e-04
280 5.6263239699946e+04 3.3857196302672e+04 -4.7568617981214e+00 2.5165495599502e-03
281 5.5452337250423e+04 3.3549881464708e+04 5.7025581175685e+00 2.2487693295806e-03
282 5.6619326759613e+04 3.3202534996197e+04 -7.3235784201237e-01 4.0175673246485e-03
283 5.1437799138078e+04 3.3347186063479e+04 -1.2327885828433e+00 5.8482053186606e-04
284 5.3332113366458e+04 3.3723080661304e+04 4.3701546368512e+00 2.7424263604074e-03
285 5.1655492559372e+04 3.3776370883200e+04 -1.5282227691572e+00 3.0913571049443e-03
286 5.2899025099031e+04 3.3556560321522e+04 3.8751883725873e+00 2.1590882910431e-03
287 5.3403547550875e+04 3.3256421290510e+04 2.0027633510591e+00 1.5368180689679e-03
288 5.4767789504194e+04 3.3233001642936e+04 2.6132128564085e+00 1.5116502248778e-03
289 4.8403228550551e+04 3.2871057832107e+04 -4.4005135915182e+00 3.2944900858710e-04
290 4.5257014994209e+04 3.3263277286140e+04 -1.9241924647560e+00 4.0662038940797e-03
291 4.5561505022359e+04 3.3326006743130e+04 -1.9209152913473e+01 1.8045022703540e-03
292 5.3418229903470e+04 3.2629791189324e+04 -4.8334686389651e+00 8.8211061840775e-04
293 6.0472499999892e+04 3.3503796697513e+04 1.1569141239253e+02 8.7874004830584e-04
294 6.0786152849524e+04 3.2814971430619e+04 1.7729035177300e+02 7.1200244922503e-04
295 6.5001702869166e+04 3.2796914079692e+04 -7.2963388139004e-02 3.2620639690807e-04
296 6.2778354971854e+04 3.3110533123726e+04 1.3533121839918e+00 6.8378011590949e-04
297 6.0576675800619e+04 3.3286130228202e+04 -1.3816066934479e+02 2.1420335816593e-03
298 5.4933058534978e+04 3.4203881301438e+04 -4.2124464370689e+00 3.2926261333914e-03
299 5.3167296099721e+04 3.4372685130658e+04 1.6946853292055e+02 3.3692660054864e-03
300 5.9867728147892e+04 3.3899518123844e+04 -2.8597310556406e+00 1.2917857033712e-03
301 6.1190534479288e+04 3.2796697561428e+04 -3.4994999079553e+01 3.2963547158469e-03
302 6.0367985755729e+04 3.4072216277345e+04 -4.4126784685397e+00 3.0692368322723e-03
303 5.9220465375973e+04 3.4007577321552e+04 1.3942631165333e+01 2.4247366377076e-03
304 5.8013113260916e+04 3.4035828747724e+04 -1.3775664639462e+02 2.1507890701872e-03
305 6.2135352479364e+04 3.2729639168127e+04 -4.7130152960806e+00 1.3151485038681e-03
306 6.3283213275596e+04 3.3235293149752e+04 5.9027914448972e-01 6.8796472876309e-04
307 5.2127488582827e+04 3.3072514638444e+04 -8.9038175078655e-01 1.2020721993115e-03
308 4.8340983383430e+04 3.3878821203473e+04 1.7244711801928e+02 2.0125761816288e-03
309 5.3351710786496e+04 3.3845435691347e+04 -1.6614475546111e+02 2.1227024305449e-03
310 5.4780320754877e+04 3.3057548543319e+04 4.9640030828194e+00 4.9673698621390e-04
311 5.4467362035942e+04 3.3857851804714e+04 -6.7665236328018e-01 2.7681598685475e-03
312 5.3442416226970e+04 3.3756847498328e+04 5.2665143086366e+00 1.4523874566368e-03
313 5.0827402782992e+04 3.4228616129782e+04 1.5572255444491e+02 4.9221145406511e-04
314 5.8557467099497e+04 3.3570579842713e+04 3.5915313286067e-01 1.5387785760107e-03
315 5.6680694458124e+04 3.3549041110708e+04 6.3929487791778e+00 7.9900678118172e-04
316 4.9361920752169e+04 3.2715230633920e+04 -1.4723331723103e+00 3.7287007704553e-03
317 6.5988910693714e+04 3.3269057319758e+04 -8.5521912947531e-01 3.2572756535918e-04
318 6.2487090423766e+04 3.3430713598623e+04 -1.4206637776070e+00 3.9414805281705e-03
319 6.0737364972699e+04 3.3807416531706e+04 1.7723988511601e+02 3.1227633124423e-03
320 5.8802799714251e+04 3.3738469613373e+04 1.7102752603580e+02 7.7785618779230e-04
321 5.6662115428346e+04 3.3553638782955e+04 6.2580481819256e-01 7.8940362830263e-04
322 6.0413087812594e+04 3.4507482899664e+04 -9.6437012704095e-01 4.8144358148456e-03
323 5.9243867440074e+04 3.5031832411783e+04 5.3870380810213e+00 2.6393795613367e-03
324 5.7938744279477e+04 3.4175177786233e+04 -1.7150526404856e+02 2.5402269321926e-03
325 5.9864582225897e+04 3.4227622023616e+04 -2.5221735175447e+00 3.0110427990305e-03
326 5.7677759106088e+04 3.4124936904952e+04 -2.1471276239537e+00 3.9578546401140e-03
327 5.7744684664441e+04 3.4121622964603e+04 1.6156239443372e+02 3.3050621225836e-04
328 6.0642515648543e+04 3.4319418525030e+04 4.9693347770464e+00 2.5987766247026e-03
329 5.8087987667055e+04 3.3555484296965e+04 -8.6376869174287e+00 1.0984828031312e-03
330 5.9414898760972e+04 3.4311473521972e+04 -6.6659821173120e+00 3.2235983885089e-03
331 5.8108041600775e+04 3.4417449700211e+04 1.7608491375439e+02 3.0677399855119e-03
332 5.6379634426340e+04 3.3978259314671e+04 -7.8614068202234e-02 3.7948680479473e-03
333 5.6914415338861e+04 3.3923450866260e+04 -1.4120307522626e+00 2.5529460386023e-03
334 6.1726194155798e+04 3.3958400205696e+04 -1.5170009101836e+00 3.5295554960021e-03
335 6.1154920323409e+04 3.4166444637710e+04 -7.0456616673874e+00 3.1367128579472e-03
336 6.1915685037500e+04 3.4231609181155e+04 2.4346148398048e+00 1.6581218313995e-03
337 6.1240300524353e+04 3.4553727362968e+04 -1.5492209032611e-01 1.8928038652906e-03
338 5.7479008283232e+04 3.4693519226800e+04 1.7891055059917e+02 3.5257266127268e-03
339 6.2934269481124e+04 3.4502805430633e+04 3.3729434567850e-01 4.1443635940411e-04
340 5.5597811658697e+04 3.4246644115020e+04 -2.0065024725453e+00 2.0130737298833e-03
341 5.3841153356202e+04 3.3283709256272e+04 1.6189290285453e+02 5.0294334372894e-04
342 5.7645912910184e+04 3.3335974665185e+04 6.0892724784179e-01 1.2488645447910e-03
343 6.2605829113873e+04 3.3820473823562e+04 1.0334002822279e+00 3.9432718199111e-04
344 5.8976150753300e+04 3.3968579750547e+04 1.1951162980600e+00 1.7968543731070e-03
345 5.7354427343501e+04 3.4122395705628e+04 -2.1469833588337e+00 1.8838552369299e-03
346 5.9786821339391e+04 3.4134402766965e+04 -3.4076916500398e+00 2.9898682251061e-03
347 5.6080019624188e+04 3.4278645248521e+04 -7.4133303047022e+00 2.8938036994458e-03
348 5.7221956805646e+04 3.4001388801997e+04 2.3124390347142e+00 2.1048218018013e-03
349 5.6883875294546e+04 3.3615878424382e+04 1.7608574137161e+02 8.1790062009430e-04
350 5.3060093777009e+04 3.2851713733072e+04 -3.0150915603504e+00 1.0777578656102e-03
351 5.9329452522032e+04 3.3784382529728e+04 -1.7603748769195e+02 1.8416085285195e-03
352 5.8841463770285e+04 3.4362435090982e+04 -1.6592436915679e+02 3.2801750141721e-03
353 5.8113776682416e+04 3.3261607744158e+04 -5.5613567880372e+00 7.1635094082861e-04
354 5.7452133756891e+04 3.2964509075116e+04 -3.6306301269135e+00 9.0129705282182e-04
355 5.3591995567615e+04 3.3230334009806e+04 1.7996331148528e+02 2.9942292807706e-03
356 5.4827320597964e+04 3.3832396252978e+04 -1.0763067969580e+01 2.9128588281656e-03
357 5.0434464582593e+04 3.3291460558555e+04 1.7536135090946e+02 1.3823000439747e-03
358 5.1262800805640e+04 3.3369691609810e+04 -1.5871223801686e+02 8.1433760315294e-04
359 5.4773904820108e+04 3.2425548455682e+04 2.3440372519400e+00 3.4015471127008e-04
360 4.7744372959376e+04 3.3343966909360e+04 1.5944511858154e+02 4.5227193256028e-04
361 4.5767226871546e+04 3.4004693443699e+04 2.0839864984891e+00 3.1311329958521e-03
362 4.7011752829375e+04 3.3778853650584e+04 2.0777694850940e+00 2.3515140618475e-03
363 5.1856181757537e+04 3.3243478862748e+04 -1.4776101903900e+00 1.3617103558872e-03
364 4.7492443661258e+04 3.3293701428722e+04 -8.5011750036679e+00 1.9976477243979e-03
365 5.0105567273243e+04 3.3611594140749e+04 2.9005703050407e+00 2.8985453824834e-03
366 5.2878099009927e+04 3.3185926298379e+04 1.2492851253047e+00 1.3242055176819e-03
367 5.8012075766661e+04 3.3950435427008e+04 7.9731910416712e-01 1.9376275770607e-03
368 5.3633140213035e+04 3.3793711559699e+04 -1.2244162542742e+02 1.6202618260442e-03
369 5.8312750374858e+04 3.4103986874086e+04 -2.4468579324957e-01 2.8369969859412e-03
370 5.9126686416500e+04 3.4013759532964e+04 -1.8496123993763e-01 2.2646174224788e-03
371 5.4610993144240e+04 3.4227810641922e+04 1.7782763841516e+02 3.1943434293835e-03
372 5.5470631076930e+04 3.3979162821367e+04 -2.5395814664006e+01 1.8008510669789e-03
373 5.5692562661944e+04 3.3819738197718e+04 -5.7654526648394e+00 2.7066241402163e-03
374 5.3967840889265e+04 3.4195591383593e+04 8.9086577042923e-01 6.2097110000586e-04
375 5.7795646955653e+04 3.4750425146825e+04 -1.8916469101628e+00 3.5829514792948e-03
376 5.5586539469561e+04 3.3995438039884e+04 1.9296332494457e+00 6.4009290173422e-04
377 5.8010962757076e+04 3.4757852465981e+04 -4.7152375858306e+00 2.5532667023982e-03
378 5.9087584277344e+04 3.4410478284727e+04 -1.8214889644910e+00 5.1022383770929e-03
379 5.4870936525477e+04 3.4576390167094e+04 1.7840505605891e+02 6.4095928761812e-04
380 5.8162476064486e+04 3.4099874968928e+04 -6.8664970288814e+01 2.8923840795861e-03
381 5.5246974966949e+04 3.4934388096739e+04 -1.5773605699428e+02 3.2842005621724e-03
382 5.5378376849818e+04 3.5247738674648e+04 1.3159817308340e+01 3.1780797766545e-03
383 5.7040943208097e+04 3.4951012163427e+04 -4.3078247514945e+00 3.4061115358293e-03
384 5.8903431790952e+04 3.5166507451958e+04 -3.8751952464569e+00 2.5052299890097e-03
385 5.1570394043381e+04 3.3112572041425e+04 -8.3517750513261e+01 9.3262273649545e-04
386 5.9824169401838e+04 3.3970077037053e+04 1.6607897742014e+02 1.9546607882399e-03
387 6.0275648966155e+04 3.4289418739060e+04 1.2614825539543e+02 1.4873873585505e-03
388 5.8717597786066e+04 3.3558936949407e+04 -3.4762470063849e+00 1.4699610118311e-03
389 6.0396344531861e+04 3.4361063303328e+04 7.3214415304649e+00 3.5634126672243e-03
390 5.7664584455162e+04 3.4313060786090e+04 -1.7763690737138e+02 7.0624766249834e-04
391 5.5532213530799e+04 3.4332589278510e+04 5.4012324468704e-01 1.5433190185495e-03
392 5.4971042828006e+04 3.4417463339745e+04 -1.6569634760332e+01 2.0353278764886e-03
393 5.9461252691196e+04 3.4910089603565e+04 1.1983497035750e+01 4.5505277794929e-04
394 5.7792626257448e+04 3.3815084930500e+04 1.7560071575866e+02 3.3146951604828e-04
395 6.2613113434750e+04 3.2863148154723e+04 1.0308008754048e+00 9.5306715772143e-04
396 5.6224603714418e+04 3.5199142919319e+04 1.7900770659631e+02 3.5799131761458e-04
397 6.1832413348304e+04 3.4617811173140e+04 1.4792641262335e+02 1.4148949502598e-03
398 6.1758723918267e+04 3.4303582962691e+04 1.7852962743160e+02 1.5484616840998e-03
399 6.2919009758661e+04 3.4330740944895e+04 -2.7453275321499e+00 3.5796420478078e-04
400 6.1777395150182e+04 3.4433587965347e+04 2.4034268637986e+00 6.9102573964401e-04
401 5.9942779985682e+04 3.3357154990189e+04 -1.1883137925364e+01 6.1977938770959e-04
402 6.4640145473853e+04 3.4350779251652e+04 6.5960743508236e-01 5.5429601884184e-04
403 6.1310458505097e+04 3.3900150705379e+04 1.9399210080039e+01 2.5107370499664e-03
404 6.1392116889137e+04 3.3679011120664e+04 -3.1515805014120e+00 1.2088480011162e-03
405 5.9273422809822e+04 3.3820346608877e+04 -1.3202335127148e+00 1.4391638108052e-03
406 5.7896183687113e+04 3.3662583061119e+04 -1.7609490732488e+02 3.8832651099405e-04
407 5.6630927606358e+04 3.3804960107846e+04 -1.6413509006927e+01 2.5454258486042e-03
408 5.5483516226499e+04 3.4166729287664e+04 -1.7981301307741e+02 3.1311246302658e-03
409 5.7743972147651e+04 3.4627366500859e+04 7.4633101836104e+00 3.0639574286243e-03
410 5.7504583501283e+04 3.4548201645419e+04 -2.0344245042811e+00 3.0627787539948e-03
411 5.7285685996457e+04 3.4768437229841e+04 -2.7838958136196e+00 3.5565106417007e-03
412 5.8001144007471e+04 3.4478953012376e+04 2.0333188993487e+00 3.4488613322025e-03
413 5.9215977148053e+04 3.4294222261840e+04 1.4854982500385e+00 1.0056161729271e-03
414 5.9008143169035e+04 3.4708895218436e+04 -3.9296947948575e+01 3.5274726503856e-03
415 6.1944391537479e+04 3.4742159942753e+04 4.2388885079300e+00 3.9966760573889e-04
416 5.6279109830260e+04 3.5322866860419e+04 -1.6227836167943e+02 2.8274889956980e-03
417 5.6977849373661e+04 3.4996715253336e+04 -1.6794811343165e+02 2.7303487679278e-03
418 5.6309811698113e+04 3.5090083398972e+04 1.7675934219143e+02 3.3679680944911e-03
419 5.9679596324452e+04 3.4668809026793e+04 -3.9298549654195e+00 2.2524853291626e-03
420 6.0003977612217e+04 3.5248604052695e+04 7.8078898624452e+00 3.2819747322903e-03
421 5.1983824468179e+04 3.4172618577131e+04 1.7414350672270e+02 3.1835584923929e-03
422 5.3934787527249e+04 3.4053668059913e+04 -4.5571401633375e-01 4.8198579428954e-03
423 5.5738835005834e+04 3.4079233550925e+04 1.6550696398824e+00 1.9625635453855e-03
424 5.3015480228379e+04 3.3595840981777e+04 -2.9768617888621e+00 2.1409691735413e-03
425 5.1663503645513e+04 3.3748986309748e+04 3.0116437725659e-01 2.3893930720817e-03
426 5.0777551664520e+04 3.4329748047196e+04 1.7638478141551e+02 4.2174325594369e-04
427 4.9021913650358e+04 3.4489177416486e+04 1.7656815922395e+02 3.5859650295102e-04
428 5.3134571494166e+04 3.4603994486101e+04 -1.0450686995938e+00 5.4660955615295e-03
429 5.5785123037522e+04 3.4117566352838e+04 -2.1323923151572e+00 2.9703280881224e-03
430 5.2668213781965e+04 3.3542716482570e+04 7.3571044849145e-01 2.7459526097095e-03
431 5.0075595990883e+04 3.3956684832152e+04 -9.9698339174683e+01 2.7435771159009e-03
432 4.7598775844571e+04 3.3707282595327e+04 -1.2724735646315e+02 3.4667104729729e-04
433 4.7553058341636e+04 3.4159106299387e+04 8.1373719535191e+00 5.2224704526448e-04
434 4.7867705750857e+04 3.3327783069107e+04 1.7763862609910e+02 6.1756458111306e-04
435 5.4744211349483e+04 3.3844546333593e+04 -1.9351237701504e+00 2.9386373599710e-03
436 5.2543141664846e+04 3.4276481247535e+04 -2.2879628467654e+00 3.5760989263258e-03
437 5.3344506637288e+04 3.3905735153089e+04 2.9712795079658e-01 3.1677546865667e-03
438 5.1406539324579e+04 3.3956927809608e+04 -1.9868102507871e+00 4.5548537832216e-03
439 5.2902262188395e+04 3.3912389835567e+04 1.3543786702726e+00 2.3316444302107e-03
440 5.0100730033253e+04 3.3586150703060e+04 -1.2193237860786e+01 2.9852011376832e-03
441 5.0292022520130e+04 3.3566797832288e+04 -3.5258484133945e+00 1.4962552030244e-03
442 5.2344319701367e+04 3.3419771873556e+04 -9.4304779312041e+00 8.4684685596141e-04
443 5.2063910477647e+04 3.3406053753167e+04 -1.1878451672301e+00 2.4047476065619e-03
444 4.9508584131121e+04 3.3794417993960e+04 7.8710887770899e-01 3.3931775479416e-03
445 4.7307901633389e+04 3.3454096012701e+04 1.7976589570048e+02 3.8397576040835e-03
446 4.8105658497398e+04 3.3996492416292e+04 -4.9248349934853e+00 2.5819390912681e-03
447 4.6949231802552e+04 3.3483910899760e+04 -1.6055624809134e+02 2.1011913586237e-03
448 5.0337235056026e+04 3.4518031700093e+04 1.3493020706752e+02 3.5305548126581e-03
449 4.9894181257042e+04 3.4065880268232e+04 1.8119752202341e+01 3.5314753023517e-04
450 5.5799804272836e+04 3.4208500541476e+04 1.1614672889363e+01 3.3776117952222e-03
451 5.4384846661588e+04 3.3798556033595e+04 -1.0304823606176e+01 1.7645890200314e-03
452 5.2590221624917e+04 3.3258538050151e+04 7.2984486855709e+00 3.2767341786952e-04
453 5.2942202410234e+04 3.3247579135111e+04 -9.6398214991354e+00 1.8380329535648e-03
454 5.4483119635292e+04 3.4203878664209e+04 2.3492289708910e+00 2.0225732246566e-03
455 5.2266112001672e+04 3.4304777828391e+04 1.2769715649796e+01 3.5792609518986e-03
456 5.3261949782459e+04 3.3756792071103e+04 7.0843480323491e+01 1.9033717413623e-03
457 5.0925405193631e+04 3.3169078891455e+04 -5.3385217724563e+00 1.6526187793612e-03
458 5.6507670565523e+04 3.3348326501587e+04 -5.3668200448037e-01 3.8425322471355e-03
459 5.3667022299036e+04 3.4113489335067e+04 6.4502652460697e-01 2.3099727190137e-03
460 5.6278322259661e+04 3.3861418422828e+04 1.1168267467533e+01 2.7407352016881e-03
461 5.7579076697479e+04 3.3703274018303e+04 -1.6411680327685e+00 6.7492746530489e-04
462 5.3308766146804e+04 3.4088395067816e+04 -1.7301425926854e+02 2.8195692438079e-03
463 6.0633039967923e+04 3.4014567069057e+04 2.9920410410823e+00 1.1217770982626e-03
464 5.1909376303601e+04 3.4740106466869e+04 1.0729044904214e+00 2.0812003957135e-03
465 5.2633230137588e+04 3.4811200898502e+04 5.3482641311619e+00 2.7337768094359e-03
466 5.3046528337438e+04 3.4521330170529e+04 8.4068499926870e+00 3.3321300940045e-03
467 5.5129733363945e+04 3.4030923917218e+04 6.9638705663182e-01 7.0965825165944e-04
468 5.5459320481669e+04 3.3316601554803e+04 -7.3492754586796e+00 1.5297250402861e-03
469 5.4781645363567e+04 3.3423095798705e+04 -1.6823008351174e+02 1.5541434833433e-03
470 5.0144353987651e+04 3.3142684151484e+04 -1.2650376009251e+02 1.6395236229814e-03
471 5.3112770724063e+04 3.3534804173616e+04 -4.6513600875118e+00 9.5319095687441e-04
472 5.3106135988673e+04 3.3227828794794e+04 3.0888520122272e+00 1.3106056412802e-03
473 5.6984878037144e+04 3.3640583746304e+04 1.1162812118977e+00 1.6995697386959e-03
474 5.2626087552639e+04 3.3708134437892e+04 -2.9060404364159e+00 1.3955516971762e-03
475 5.1734420731808e+04 3.3650362914232e+04 -7.8796923240836e+01 2.5098877062288e-03
476 5.4151299064148e+04 3.4325883434463e+04 1.7719429528573e+02 2.1989874800706e-03
477 5.6984857719055e+04 3.4339569995137e+04 3.4692528263912e+00 2.9310170712455e-03
478 5.3952004409221e+04 3.3921949998669e+04 1.7119158770212e+02 2.3881792105520e-03
479 5.5390186631142e+04 3.3787450131602e+04 -1.1650892375940e+00 2.7734468282625e-03
480 5.1942296963929e+04 3.4116409456049e+04 -7.8375579484682e-01 3.7471360188844e-03
481 5.4187174574045e+04 3.3858047270324e+04 -1.7945780055656e+02 4.0643545031750e-03
482 5.6153229786260e+04 3.3964766199096e+04 -3.3806090986517e+00 1.4339030984533e-03
483 5.5156857998486e+04 3.3468009409808e+04 -4.2914491269350e+00 1.7497227851769e-03
484 5.2991761774694e+04 3.4867131039669e+04 1.0228884962157e+00 3.5144952202882e-03
485 5.3390154269739e+04 3.3999599607117e+04 -7.4966305656443e+00 1.2860336809223e-03
486 4.4708367973575e+04 3.3357282365235e+04 1.7553842088712e+02 7.4113720014914e-04
487 4.9824037018342e+04 3.3362479629306e+04 -8.7227877858402e+00 2.0952503531087e-03
488 4.8651985327092e+04 3.3684699302877e+04 -2.6728784061516e+00 2.7683666581700e-03
489 4.7433113457985e+04 3.3270891432812e+04 -7.9164044423818e+00 2.4415440566054e-03
490 4.7202505307100e+04 3.3427891055849e+04 -1.8497166631505e+01 1.2642981510408e-03
491 4.9765494865067e+04 3.3335695227510e+04 -1.1166972227105e+01 2.3848913403403e-03
492 5.5681634266461e+04 3.4010806900234e+04 -4.0889703963505e+00 2.4584305662474e-03
493 5.4301930961868e+04 3.4073557581061e+04 -1.5840444543188e+02 2.6639591804462e-03
494 5.5242271138791e+04 3.4061343369573e+04 -1.7557368919159e+02 2.2042671256864e-03
495 5.9766798448117e+04 3.3753256912647e+04 -1.0632163261403e+02 9.3014721365607e-04
496 5.8166945654949e+04 3.4095736508976e+04 1.9805606494855e+00 2.2100094736519e-03
497 5.7903396406333e+04 3.3268364901072e+04 -1.7958548221509e+02 3.5201632993034e-03
498 5.1955313410771e+04 3.3114178524372e+04 1.7554887145852e+02 9.8810692573540e-04
499 4.6846995156927e+04 3.3188155673072e+04 -1.7656739994979e+02 6.9804322450442e-04
