0 5.2745239038860e+04 3.8034674835621e+03 -1.4988840741444e+02 1.3758167304703e-03
1 5.0772614235991e+04 1.8057958880259e+03 -1.6848961042861e+02 3.5271626765467e-03
2 4.7534834656277e+04 3.4380877765005e+03 1.6209908475942e+02 1.6286449703303e-03
3 4.8960777356659e+04 3.7504663246425e+03 -1.2331764390665e+02 8.5751794239900e-04
4 4.7446847003875e+04 3.3675579440580e+03 1.6547524712185e+02 1.5321283857875e-03
5 5.0639803189954e+04 3.0834000958687e+03 9.4764924496701e+01 1.5143632896065e-03
6 4.8877683999912e+04 3.2865827461594e+03 -1.7610721691486e+02 1.9851438545330e-03
7 4.6762439393722e+04 2.4255015001358e+03 1.6360146603771e+02 2.9563383488662e-03
8 4.6232890016930e+04 2.4877871574798e+03 -5.6540958063883e+00 1.6369100464370e-03
9 4.8793194548119e+04 1.5239638975005e+03 1.7636720774443e+02 2.4989598004314e-03
10 5.0266768324341e+04 1.1557358229679e+03 1.6658945311607e+02 2.3729081664591e-03
11 5.7752777036488e+04 1.9641366599757e+03 1.8895731451630e+01 3.1915634769625e-03
12 5.6319934492580e+04 2.0995627365149e+03 2.1706330222191e+01 2.4697421679913e-03
13 5.6447667472058e+04 2.6388642825071e+03 3.5613554867344e+00 6.5716744847063e-03
14 5.7266845483258e+04 2.7428433592978e+03 -1.7996201992875e+02 2.4428100368603e-03
15 5.6146903115300e+04 2.6592213271484e+03 -1.7602425828624e+02 3.4106617745332e-03
16 5.7809728947883e+04 3.1446065069779e+03 -1.4156599364676e+02 2.8717850002477e-03
17 5.4691130990068e+04 3.1991555887129e+03 1.7868215122770e+02 2.4680875285965e-03
18 5.6807340511606e+04 2.4540718432694e+03 -3.1705734245694e+01 3.2874266550178e-03
19 5.4330110364061e+04 2.1064673854074e+03 1.4595527029603e+02 2.8256490990711e-03
20 5.2285309275729e+04 3.1741441646866e+03 1.2976300262753e+02 1.5187506082953e-03
21 5.4870977625423e+04 2.1612886878095e+03 1.5855403998385e+02 9.9936015969193e-04
22 5.3245414294976e+04 2.4604758839655e+03 -1.2328065123792e+02 1.1776972792523e-03
23 5.3046124812458e+04 4.3062290294512e+03 5.1114798803666e+01 7.1725478080740e-04
24 5.1885996212362e+04 4.1330998933618e+03 1.6578069325928e+02 4.0828498655692e-04
25 5.3593645809717e+04 2.4825402648681e+03 1.5449755856499e+02 2.3260968242893e-03
26 5.5577984809129e+04 2.4182993335613e+03 1.1511745928030e+02 3.5819382476958e-03
27 5.3508035038572e+04 2.7528727738009e+03 1.4097506941029e+02 1.6923395664234e-03
28 5.3845256900737e+04 6.0120987016827e+02 1.5748113393075e+02 6.0848606788331e-04
29 5.5257159746131e+04 1.6319257023348e+03 3.2328794237352e+01 3.0165196257424e-03
30 5.8848077392528e+04 3.0524536704748e+03 -9.1714243352152e+01 1.3103576112979e-03
31 5.6732667670853e+04 4.0848232834733e+03 -1.5260423396742e+01 1.1920175683598e-03
32 5.6823929765572e+04 2.8011150671197e+03 1.7015912331418e+02 3.2372668648684e-03
33 5.4494878574277e+04 2.3427865351201e+03 1.7197231555219e+02 6.8711862938638e-04
34 5.9069192300021e+04 2.2049438501737e+03 -1.7345121896593e+02 1.9118460932232e-03
35 5.6823148124728e+04 1.1994244052566e+03 -1.7950131486949e+02 1.8149732799634e-03
36 5.8491430428484e+04 1.5727143800080e+03 1.6926988236123e+02 2.7586025032494e-03
37 5.5671543588320e+04 2.6152651695523e+03 1.6480358229617e+02 2.9408606335367e-03
38 5.4948722909743e+04 2.2877175663428e+03 -6.2180154306982e+01 3.1081248850747e-03
39 5.2707302801364e+04 3.4422505019985e+03 -2.1891473746329e+01 1.0458336190001e-03
40 5.2125142842442e+04 2.3385497361183e+03 1.3144069642328e+00 1.4753074917252e-03
41 4.5613507113288e+04 2.8343311777380e+03 1.7065315929115e+02 7.4820784224621e-04
42 4.5213893404235e+04 2.6835938381696e+03 -1.7835661229667e+02 5.1349364951380e-04
43 4.7927788040591e+04 2.9587401398334e+03 1.4768194159517e+02 1.3135856657426e-03
44 5.0481764744063e+04 2.2106219628200e+03 -1.8127336364832e+01 1.1925690488217e-03
45 4.9268767914238e+04 3.0198351017157e+03 9.9273570628768e+01 7.2811728913554e-04
46 5.5821388333198e+04 4.0352944196873e+02 -1.1112943475856e+01 6.9024411303638e-04
47 5.1031436670761e+04 1.2943440693023e+03 1.6580862148933e+02 7.2836436771049e-04
48 5.0895254824169e+04 1.9146477866636e+03 -1.7332608085341e+02 3.3351156494357e-03
49 5.1736693112456e+04 2.7808565650639e+03 1.7278306861757e+02 1.9889534147061e-03
50 4.9958314738627e+04 2.6011119155825e+03 -1.3521047958239e+02 2.7384216519286e-03
51 4.6490777628521e+04 3.2409982541700e+03 -5.3610322212281e+01 1.5654483330208e-03
52 4.8013391642700e+04 2.0807758042961e+03 -1.0286196419167e+02 3.5222912645554e-03
53 4.6864905862567e+04 2.5576053149988e+03 1.7449117730162e+02 3.0638573961670e-03
54 4.8915931066424e+04 2.4514957613562e+03 1.4933098020993e+02 3.3710724643567e-03
55 4.9758041555331e+04 2.8061467570580e+03 1.4015383811856e+02 2.5119834396987e-03
56 5.1040606349709e+04 2.5900920814958e+03 -1.6854764078763e+02 1.6423409286796e-03
57 5.0234397337316e+04 3.2316642909364e+03 -1.7237847997785e+02 1.3034408663972e-03
58 5.1097074805972e+04 3.4234269878677e+03 7.8049089653559e+01 8.2886737249254e-04
59 5.1742366488196e+04 3.9183367414815e+03 1.7967035240870e+02 1.0990997231255e-03
60 4.7901773264894e+04 1.4381622156257e+03 1.5936964809194e+02 1.5581067101320e-03
61 4.9414446382337e+04 1.6898087135974e+03 -1.4686350496200e+02 2.6278558722542e-03
62 4.6843731042453e+04 2.0747005548052e+03 1.6343028698515e+02 1.0865848229045e-03
63 4.4878014863131e+04 1.1727254756694e+03 1.7049702195427e+02 5.3401143262841e-04
64 4.7665618513199e+04 2.0367432809566e+03 -5.6032868430669e+01 3.6189386200724e-03
65 4.7343638511416e+04 1.9416978018078e+03 1.7405797866167e+02 2.8480453008943e-03
66 4.5379918050711e+04 2.4806828728663e+03 -1.2978544986320e+02 1.1783329114056e-03
67 5.2474847176107e+04 1.5272952723753e+03 -1.3482324756806e+00 2.6911816150076e-03
68 5.1718931569855e+04 2.6585281722947e+03 1.6444504764181e+02 1.7854956600606e-03
69 5.0628212773663e+04 1.7906280326510e+03 1.6688337131130e+02 1.6973450270769e-03
70 4.7383738122237e+04 1.8511720226467e+03 -1.7954838195100e+02 1.7837930647870e-03
71 4.7166184302272e+04 2.4744566538687e+03 -1.7260464349993e+02 5.7428210640680e-04
72 5.1973479605379e+04 2.8157719794063e+03 -1.7583434875218e+02 8.7682630014789e-04
73 5.5025552074393e+04 2.6413506714027e+03 1.3644482986880e+02 3.2985002375379e-03
74 5.3442816313890e+04 2.3539661632762e+03 1.5138838352392e+02 1.0951307564738e-03
75 4.9341977891339e+04 2.3741464637124e+03 1.7721922978564e+02 1.1554237915318e-03
76 5.0298557805465e+04 2.9175226010558e+03 -1.4054373237648e+02 2.5173605203538e-03
77 5.2330640631478e+04 3.6571353109810e+03 -2.5743418857266e+00 1.3552470931556e-03
78 5.0606899428154e+04 4.0606469003314e+03 3.1918352419191e+01 7.9663373161278e-04
79 5.0470244211337e+04 3.4587537901948e+03 -3.2423516148816e+01 1.6736314579406e-03
80 5.0200509100122e+04 2.3198824157420e+03 7.9075329698643e+00 1.3726880662363e-03
81 4.7530807873489e+04 2.4955109248475e+03 1.6025722062386e+02 1.1809799153048e-03
82 4.9323091030680e+04 2.3395251936423e+03 -1.5943426048891e+01 3.1895401312920e-03
83 5.0596476891517e+04 3.9420452003018e+03 1.2795829413685e+02 9.0538528371330e-04
84 5.0723205595723e+04 2.8263919099041e+03 1.6373115538289e+02 2.6043015753734e-03
85 5.3837859056119e+04 2.3314155538211e+03 1.3195410539164e+01 3.3473288257295e-03
86 5.3897202649067e+04 3.7898951297731e+03 1.5413524971716e+02 8.5558184683458e-04
87 4.6771970777063e+04 2.5838426996295e+03 1.5957351114027e+02 2.3235684061876e-03
88 4.6688845525663e+04 2.3253907433032e+03 -2.0462240800358e+00 3.4564013725631e-03
89 4.5499900107367e+04 2.4243214287783e+03 1.7729377747611e+02 2.8239659628585e-03
90 4.6872252221141e+04 2.8688497398664e+03 -4.2320515588958e+01 8.0056497735257e-04
91 4.9485031647249e+04 1.8599693271228e+03 1.7914794635275e+02 3.3400700352702e-04
92 4.7881175721253e+04 2.8306124922428e+03 -1.5953357153994e+02 9.2783221052077e-04
93 4.9757595510250e+04 2.6368630534936e+03 -1.7992467088170e+02 1.8162321811087e-03
94 5.1123758593418e+04 3.1058993034479e+03 1.6009378502386e+02 2.5281581888289e-03
95 5.2752039458576e+04 2.6685984922005e+03 1.0901746955773e+02 1.4752190203564e-03
96 4.9710573966480e+04 2.3586152439867e+03 1.7066397749383e+02 2.0849295462768e-03
97 5.1873454544029e+04 2.6832358985759e+03 -4.2215131094034e+00 1.3526479419743e-03
98 5.0445313667805e+04 2.7378160477467e+03 1.6222937268973e+02 1.1589205189323e-03
99 5.0614676009895e+04 2.1349792813681e+03 -1.7423713889444e+02 3.3380561623430e-03
100 4.7678832170005e+04 3.2390387782828e+03 7.9252291995811e+01 1.6207377486561e-03
101 4.7192508184375e+04 3.5540013391500e+03 -1.6632153982768e+02 8.9770992395097e-04
102 5.1643100967203e+04 1.3664360141593e+03 1.7880228836579e+02 2.8339500038923e-03
103 5.1319091626759e+04 2.6423241858981e+03 1.7579550648170e+02 3.2141906698667e-03
104 5.3138272837606e+04 2.7502853187126e+03 -1.6584781045749e+02 3.3215309149178e-03
105 4.6482065347819e+04 2.8263930149758e+03 -1.6627412560418e+02 7.9271541370682e-04
106 4.8578158577918e+04 2.7196677561570e+03 -2.8164227450983e+01 2.1565389850257e-03
107 4.9052658583453e+04 3.1910113577139e+03 -4.2931243397644e+00 2.2155157337224e-03
108 4.6917007333966e+04 1.8515896202497e+03 -1.6674152974782e+02 2.1259927198893e-03
109 4.9366214123334e+04 2.5746263166730e+03 1.6216743923176e+02 2.4860368681120e-03
110 4.6704612789023e+04 2.8375794727219e+03 -1.6487028085547e+02 2.7270895305509e-03
111 5.5191577605756e+04 3.6746792020380e+03 1.7467227637228e+02 1.5784481565682e-03
112 5.5793633131106e+04 2.2386924896920e+03 1.7877518957131e+02 3.6355121456023e-03
113 5.5948390844953e+04 2.9412770855922e+03 -1.4200377882096e+02 3.1853164145203e-03
114 5.4639126731762e+04 3.6564384272000e+03 7.2358298360446e+01 5.9042175380132e-04
115 5.0087639908197e+04 2.1204964833471e+03 1.7868258594654e+02 1.7955566588314e-03
116 5.3889905289349e+04 2.0341897358517e+03 3.2687261772905e+00 2.9716605514176e-03
117 4.8992290976401e+04 2.0758869942860e+03 -1.6962361428073e+02 1.7857532667934e-03
118 5.0299735287173e+04 2.1803484455509e+03 1.7056467510448e+02 1.9353473366697e-03
119 5.0429848914059e+04 9.2161630794587e+02 -8.7542743859849e+01 8.8195595163579e-04
120 5.1118470801866e+04 1.5634576584107e+03 1.6572773862239e+02 1.7330242266225e-03
121 5.2833723414626e+04 3.6013036218387e+03 2.0392982423331e+01 5.9025684648800e-04
122 5.4239816858524e+04 3.3147680254515e+03 1.5900590137066e+02 1.1803845478556e-03
123 5.3931625344028e+04 2.9428588909405e+03 1.2988898001558e+02 1.1985470809076e-03
124 5.4208565744883e+04 -4.9300621293965e+02 -1.7055429450119e+02 3.3398490645775e-04
125 5.6187528239364e+04 1.8197385639053e+03 -3.8274204227054e+01 2.0500738190341e-03
126 5.5896639394906e+04 1.3741775050041e+03 -5.0020849171701e+00 2.3901037893573e-03
127 5.3784689768919e+04 1.8252836747773e+03 1.6591989045626e+02 3.1752466120915e-03
128 5.1207079327449e+04 2.3580411134537e+03 -1.7582119048192e+02 3.6741629102372e-04
129 5.0882300089118e+04 3.9535113141424e+03 1.1560164798727e+01 1.0218936966146e-03
130 5.1588715494406e+04 3.0613977588781e+03 -2.0585397620784e+01 2.5889337041918e-03
131 4.9866891591884e+04 2.8748877756075e+03 1.7373443133589e+02 4.4134297056326e-04
132 5.0613483552287e+04 2.1626622808827e+03 1.4513058878570e+02 1.0897641007883e-03
133 5.1691060994233e+04 3.1270776473910e+03 1.5883608349043e+02 1.4215292094567e-03
134 5.2524928940587e+04 2.1163422853280e+03 1.6816339315820e+02 2.2389202998912e-03
135 4.9323738160833e+04 4.6725969632138e+03 1.2042907944264e+02 4.5654208691773e-04
136 5.3599413035761e+04 2.9573800160689e+03 1.7243187078288e+02 6.3361605861941e-04
137 5.3802676914822e+04 2.5917158594513e+03 -1.4134944515508e+02 2.4588250434939e-03
138 5.0755120314037e+04 1.5360265627014e+03 -1.7638989469223e+02 1.5115292002842e-03
139 5.0728348366135e+04 2.6242994535414e+03 1.5693636423616e+02 2.8070793690722e-03
140 5.3797189506423e+04 6.3476239541342e+02 -3.5824883070715e+01 1.4127478491978e-03
141 5.0435682784678e+04 2.4920419920535e+03 1.7192107873883e+02 3.4388032427465e-03
142 5.0582357673648e+04 2.0222907038519e+03 1.7648050606015e+02 5.6297923797481e-03
143 5.1091176634379e+04 2.4584303708753e+03 -2.8136737833797e-01 3.0134557755038e-03
144 5.1043354721097e+04 3.0320041451224e+03 -6.0596606111648e+00 2.6720707031720e-03
145 5.1061187059355e+04 2.5498025243505e+03 1.5987484966564e+02 3.4527207508320e-03
146 5.1776563277970e+04 2.9859002266352e+03 1.4260404852939e+02 2.4875276319062e-03
147 5.4186641792217e+04 2.5556396627922e+03 1.5435811332865e+02 3.1758889292159e-03
148 5.0161965736041e+04 3.1103170899833e+03 1.5727640755620e+02 2.0781011453292e-03
149 5.0367499780630e+04 2.2597077101920e+03 3.3548592565444e+01 2.2782717480861e-03
150 4.9284806310149e+04 2.1489907606991e+03 1.6940020966908e+02 2.7787281221378e-03
151 5.1880197073394e+04 3.0579750737690e+03 1.7043786053104e+02 2.7230742378398e-03
152 5.0187379445799e+04 3.5512049177595e+03 -2.9274332376801e+01 7.1658529957800e-04
153 5.8254278448330e+04 1.8602523629670e+03 -4.9059689788678e+01 2.6272403535824e-03
154 6.0716961173943e+04 1.2639981189971e+03 -9.0756812587932e+00 9.6300712491919e-04
155 5.3539507186524e+04 2.7043775655464e+03 7.2219434892478e+00 2.2003458119048e-03
156 5.4773284443468e+04 1.0325162269926e+03 -1.7531606062758e+02 1.7214403568851e-03
157 5.2693118468416e+04 2.3013953607517e+03 -1.7137672733505e+02 6.4132784642232e-04
158 5.3435862352286e+04 2.3744978256211e+03 1.7544551197244e+02 4.3233742445334e-03
159 5.0216071678708e+04 1.8380604285386e+03 -1.6986976166798e+02 3.3459836848285e-04
160 4.8356929390555e+04 2.7743528483394e+03 1.7526248496235e+02 4.8049792565706e-03
161 5.0597870284179e+04 4.3611652024248e+03 1.6548676424885e+02 6.0505321342205e-04
162 5.2514984211630e+04 1.4026191315405e+03 1.6963428569134e+02 2.9028978630117e-03
163 5.5163244824181e+04 1.7347891758309e+03 1.5371102056508e+01 1.5407424284623e-03
164 5.2823466807500e+04 1.2512452493558e+03 1.5255796054422e+02 1.0690216457639e-03
165 5.3381623637020e+04 1.4777026500367e+03 -1.5623778798222e+02 2.6256507623176e-03
166 4.9036571268717e+04 3.9004483736316e+03 -1.7789039893452e+02 3.7106957895147e-04
167 4.6186790835369e+04 3.0569561345783e+03 1.2377432150456e+02 8.1938178714155e-04
168 4.6740530372116e+04 3.0566786156177e+03 1.6732890808198e+02 1.7187844170466e-03
169 4.6880623391633e+04 4.4170323915515e+03 -1.7856451945527e+02 3.5635276224176e-04
170 5.2252762581471e+04 3.1561641492180e+03 -1.7584682519382e+02 2.2543408337091e-03
171 5.0303061002135e+04 2.4067599315994e+03 -1.7646797918998e+02 3.9738391524225e-04
172 5.0740183720296e+04 3.0556806351146e+03 1.7065469457005e+02 5.8454219152556e-04
173 5.4393001512176e+04 2.2052854289128e+03 -6.4421379146998e+01 3.2345761975518e-03
174 5.3856765573847e+04 1.2437528681643e+03 1.6334686283338e+02 1.0259720828383e-03
175 5.4616712451636e+04 1.4051064177023e+03 -7.9392787011005e+01 1.9857388659714e-03
176 5.2223931069869e+04 1.7706418295853e+03 1.5234714298800e+02 1.5892185738435e-03
177 4.5224002197485e+04 3.5694975719759e+03 1.7980848326401e+02 3.5690396179195e-04
178 5.1053943186468e+04 3.6067261538273e+03 1.3178242882417e+02 1.4353143334451e-03
179 5.5798852197189e+04 2.0670711711667e+03 -1.6331567015831e+02 7.1090719349670e-04
180 5.0930647386021e+04 2.6603541841702e+03 1.6440141887626e+02 3.2798243367799e-03
181 4.9826286137060e+04 4.9384193652066e+03 1.1109751056583e+01 4.0257137176298e-04
182 5.1322550357769e+04 2.0966286730932e+03 1.6178535756637e+02 4.5645432381049e-04
183 5.2393477058651e+04 2.9633842498490e+03 1.7819323160788e+02 2.6855151044756e-03
184 5.3456677272551e+04 2.3767516999777e+03 9.6416468496093e+01 2.8718268176626e-03
185 5.0604471815321e+04 2.6660809575367e+03 -1.5238594924544e+02 2.1250851607082e-03
186 5.1530680751688e+04 3.2689219518739e+03 -5.8664952790044e+01 2.2787009803205e-03
187 5.0952433989521e+04 3.5876959268519e+03 1.6476886629412e+02 1.4121064366576e-03
188 5.2209425120341e+04 2.8869143410458e+03 1.5296416737870e+02 3.0559841374439e-03
189 5.2475591449526e+04 2.5796656970004e+03 1.4568427288580e+01 3.1391744017163e-03
190 5.3312725547015e+04 1.0002530987081e+03 1.6792603221326e+02 1.9382134778182e-03
191 5.1585548503676e+04 2.9380470298452e+03 -1.7833410064807e+02 1.8108251429679e-03
192 5.2485117856245e+04 3.1541844720426e+03 -1.7963853447895e+02 1.7760059169612e-03
193 5.2717929434139e+04 2.6451771207025e+03 -1.5865888194908e+02 1.8808686410763e-03
194 5.1866515797086e+04 3.3267423413836e+03 1.7409600700665e+02 1.0142705287594e-03
195 5.5332586816179e+04 3.1933992949655e+03 1.7688285805753e+02 2.5176517744297e-03
196 5.6127541677750e+04 3.4612934724512e+03 1.6809936690092e+02 1.7271902984934e-03
197 5.4646434229081e+04 3.3539508838868e+03 1.7912847413231e+02 2.3440542873553e-03
198 5.0859576855778e+04 3.4176143156856e+03 1.5588578483114e+02 1.8943649853784e-03
199 5.0027322537948e+04 3.7160473021252e+03 1.7705938539976e+02 1.3171762686121e-03
200 5.0029488230805e+04 1.8206737327494e+03 -1.7727224820761e+02 3.0140817405829e-03
201 4.9254029877077e+04 2.2145256365831e+03 -1.5723947087159e+02 1.6189219052414e-03
202 4.8739055950615e+04 1.8121149162517e+03 -1.7664746168291e+02 1.3575560493243e-03
203 5.2040124685546e+04 1.2566591198155e+03 -3.7636283988480e+01 2.6306338520443e-03
204 4.9652036513138e+04 4.8562615671104e+03 -1.0797031681432e+02 3.8062117633679e-04
205 5.3091432941416e+04 1.3390014846473e+03 1.5586746490071e+02 2.6527860489419e-03
206 5.6451240064793e+04 1.5689528713626e+03 -2.5426234701713e+01 2.1909740548649e-03
207 5.1488633328059e+04 2.8496370578201e+03 1.6770144842405e+02 5.5267372228291e-04
208 5.1403322108286e+04 3.6778030849549e+03 1.2971275399794e+02 7.1929478425448e-04
209 5.0129628719196e+04 2.5774032391237e+03 1.7221930174817e+02 7.8761630161214e-04
210 5.2576173968965e+04 4.3206860935433e+03 -1.5620581653184e+02 6.3338097810597e-04
211 4.7525709304176e+04 1.4777919442402e+03 -1.7807906882779e+02 9.0615683206431e-04
212 5.2033603232747e+04 1.4872362728722e+03 1.7653850513042e+02 5.8695762643459e-03
213 5.1021638027233e+04 1.2450250582237e+03 4.7128657181412e-02 1.8977136618914e-03
214 5.0022971812974e+04 2.9507017218702e+03 -1.9794952810032e+01 2.7034468419013e-03
215 4.7716583817871e+04 3.3366834387757e+03 1.7581200064539e+02 1.5357122914481e-03
216 5.0412005865608e+04 2.8460018205461e+03 1.7771733000294e+02 3.0579944087819e-03
217 5.2658390606693e+04 2.2558999489145e+03 -2.6757365687417e+00 3.3986393243389e-03
218 4.9980362553573e+04 1.9594118659613e+03 4.9537238491869e+01 1.6095968409950e-03
219 4.9646101072076e+04 1.3698080803457e+03 1.6678887825927e+02 2.4890387905989e-03
220 4.3768394488705e+04 2.1309048746979e+03 1.7879771552113e+02 1.7687380072740e-03
221 4.5880184901370e+04 2.0032919321722e+03 -1.7202270067838e+02 1.4655721202827e-03
222 4.5423125492848e+04 2.6766593793430e+03 1.6678930816711e+02 7.6985698994826e-04
223 4.4988268507867e+04 1.5616085514252e+03 7.4111652896961e+01 2.9178936040850e-03
224 4.3086895207619e+04 1.7027876220519e+03 -1.5277192913925e+02 7.1442412272186e-04
225 4.1552514966537e+04 2.3710985836256e+03 -4.8914471497784e+01 7.8711455773162e-04
226 4.3801671665279e+04 3.1243363086947e+03 1.7390811287559e+02 1.3593231806470e-03
227 4.6811088435592e+04 1.1520009644430e+03 -1.7598679799958e+02 2.6664782319513e-03
228 4.8748367729041e+04 2.2758026223599e+03 -8.4488601377031e+00 1.1479438892526e-03
229 4.7555729702704e+04 1.9347301584471e+03 -1.7876764225409e+02 2.0246116243733e-03
230 4.6018260312764e+04 1.5291344679818e+03 -1.7727088786537e+02 3.5089724329516e-03
231 4.8767207404450e+04 2.0800742051200e+03 3.4445912059168e+00 3.5427245823494e-03
232 4.6165856191657e+04 2.8026527887473e+03 1.6786513064674e+02 1.5461998300547e-03
233 4.5121921824482e+04 2.9070560583165e+03 -1.7881355776129e+02 1.7189875615274e-03
234 4.5556945224594e+04 2.6056782655346e+03 1.7520950842766e+02 4.9570125500119e-03
235 4.8014267922618e+04 1.8355331682402e+03 1.5379523339751e+02 3.1531940354320e-03
236 4.6440147703836e+04 2.1044464828560e+03 -1.7754186743724e+02 3.1941070626838e-03
237 4.3083589100866e+04 3.2744780577772e+03 1.6402978877588e+02 9.2351467543870e-04
238 4.8980619020266e+04 2.2530858892427e+03 -1.7034001113200e+02 3.3330153407364e-03
239 4.8419976554488e+04 4.3086866436841e+03 1.6227307668970e+02 4.7955184305429e-04
240 4.9270861724393e+04 4.6362893404073e+03 8.9205579784692e+01 3.3612164733092e-04
241 5.5310506117105e+04 2.5027995937031e+03 1.6704980722019e+02 3.4927268302447e-03
242 5.2532906715289e+04 2.2843475619671e+03 -1.6694081086255e+02 3.6051199461966e-03
243 5.5493268296802e+04 2.2044094873241e+03 -2.3073872684537e+01 2.0944868062046e-03
244 5.4062969627981e+04 1.8364821866215e+03 -7.5785400658605e+01 3.2587455146145e-03
245 5.3823058453942e+04 3.3896563462091e+03 -1.6361718130088e+02 2.0988060204382e-03
246 5.2563235789641e+04 3.4719982569911e+03 1.6870469825573e+02 1.9546744043991e-03
247 4.9386930184154e+04 1.5960456514055e+03 3.5194314662241e+01 1.4296773219256e-03
248 5.5747973291982e+04 2.1403056011488e+03 6.6016161582651e+01 3.5448078873572e-03
249 5.6813667082650e+04 4.2191308277268e+03 2.3263082896937e+01 8.4800892156997e-04
250 5.7927184899551e+04 3.7582559315162e+03 -1.7815963903270e+02 1.7700869876559e-03
251 5.2802380833279e+04 4.4090796851455e+03 1.6087936347871e+02 6.1799240812525e-04
252 5.4412016678348e+04 2.7637574556360e+03 -4.5987396486645e+00 9.1001961006574e-04
253 5.7897707869253e+04 3.4085499653752e+03 1.4328381799563e+02 3.5383197819622e-04
254 5.9193932615267e+04 3.3381862916000e+03 1.3930395616456e+02 1.9758984894081e-03
255 5.8916388475475e+04 3.7196316627062e+03 -1.7292790753663e+02 1.8794298337591e-03
256 5.3652933173285e+04 3.7243845336823e+03 9.5647883425796e+00 1.5342463444461e-03
257 5.3258456717107e+04 2.4816868194906e+03 -8.9703477169514e+01 2.4563828428725e-03
258 4.7651285605796e+04 3.1747580426118e+03 -1.7975568736581e+02 1.4508847184288e-03
259 5.1733800213548e+04 2.1622925853740e+03 1.7457886778187e+02 5.6148090261664e-04
260 5.1154888916967e+04 2.9323994367167e+03 -7.0571912242572e+01 4.7742692253118e-04
261 4.8742615489852e+04 3.2542105100175e+03 -1.1706933471372e+01 1.6505649315569e-03
262 5.3575932197295e+04 1.8837863424663e+03 -1.2724058939862e+02 3.4477587798273e-03
263 5.2757286054489e+04 2.0220605433553e+03 1.7596767396816e+02 3.6347177093211e-03
264 5.1729230011217e+04 2.0647653866354e+03 1.7441245970486e+02 8.4567956881095e-04
265 4.9119060998112e+04 4.0628207360843e+03 1.7292591463351e+02 4.7063312803870e-04
266 5.1070953531138e+04 2.7912129483523e+03 -1.0399859263335e+01 2.0216338121988e-03
267 5.1269751501441e+04 1.9460672143228e+03 6.4437576332494e+00 6.1623244391106e-04
268 5.3854305975302e+04 1.9676921854741e+03 1.7484985285213e+02 4.2732171210984e-03
269 5.4465113203671e+04 1.6099937494502e+03 -1.7959603684162e+02 1.5735373294906e-03
270 5.5439499539310e+04 1.5918198953693e+03 -1.7963050797548e+02 2.7559148175753e-03
271 5.1703070123875e+04 1.4751798770878e+03 1.7976756350360e+02 1.4263076386837e-03
272 5.3748835190272e+04 1.4134015273357e+03 1.5357242866278e+02 2.1433535018878e-03
273 5.3099696934446e+04 1.7268574792360e+03 -1.6865413824134e+02 3.3656781957442e-03
274 5.3653506295962e+04 2.1280389985016e+03 -1.4875192799639e+01 2.0955318433995e-03
275 5.5102636751443e+04 1.8985495042700e+03 -1.7848898205204e+02 2.4066552505267e-03
276 5.1238519950376e+04 3.0211679835091e+03 1.6648375678786e+02 2.7401554476835e-03
277 4.9023069935303e+04 4.4884441404450e+03 1.7807340351614e+02 3.7037841924205e-04
278 5.1864238244356e+04 2.1339358536771e+03 -2.5279977523728e+01 1.4650168199227e-03
279 5.1042763529108e+04 2.8461901909052e+03 1.5984170326440e+02 2.5046942590611e-03
280 5.0598727983075e+04 3.4100448716854e+03 1.7157773411153e+02 1.4728905546814e-03
281 4.9813731142364e+04 2.7426744576076e+03 -1.1271081789650e+02 2.4372996980304e-03
282 5.2506048041075e+04 1.1516157337437e+03 1.4764008357010e+02 1.7719568844879e-03
283 5.2770612669841e+04 1.7639268638999e+03 -1.7424723701878e+02 2.3395209611382e-03
284 5.2083052702223e+04 3.3600222818743e+03 1.5049658103363e+02 2.0937606436290e-03
285 5.3622990398890e+04 2.1020906655507e+03 -3.9911186062407e+00 2.9200993949599e-03
286 5.3735651049284e+04 2.8679351675396e+03 1.2317682914784e+02 3.1590568712079e-03
287 5.2771460346980e+04 1.1833474136514e+03 1.6583143652807e+02 1.7359400317966e-03
288 5.4803872483088e+04 2.9007479116317e+03 1.2264136222158e+01 2.7518480720089e-03
289 5.1568167869046e+04 2.7252145192680e+03 -1.7120511282570e+02 2.5989231605605e-03
290 4.9833504053234e+04 2.3603762960539e+03 -1.5037601967394e+01 2.3121284394958e-03
291 4.5519533685140e+04 3.1250053769914e+03 1.6947338171045e+02 4.6166678107338e-04
292 4.3579985576898e+04 2.9645906400287e+03 1.7619829149523e+02 4.1045794191126e-03
293 4.5783986033232e+04 3.3450126852658e+03 1.6902991964423e+02 1.5031329972258e-03
294 4.4779055745319e+04 2.6158352218882e+03 1.6880453931389e+02 2.9711226486528e-03
295 4.2590577932153e+04 2.8685040709748e+03 1.7013896083529e+02 6.9830318065489e-04
296 4.6324300732990e+04 1.7663506164399e+03 1.7705446074336e+02 3.4881713159446e-03
297 4.6152187407948e+04 2.0822785785697e+03 -1.3554909640790e+02 3.0150943688894e-03
298 4.7796824637608e+04 2.9426670427993e+03 -1.3705652587977e+00 1.2073116872577e-03
299 4.6636245515274e+04 3.1320333570462e+03 -1.0817341179687e+01 6.0634373860840e-04
300 5.4253789648440e+04 1.9497844478811e+03 1.5235607010715e+02 3.5686022531319e-03
301 5.3833492719071e+04 2.3503913255938e+03 -2.0082148786173e+01 2.3211787849373e-03
302 5.4021295692038e+04 2.0447413137626e+03 -2.1701148367685e+00 2.0642737218011e-03
303 5.1308621660975e+04 2.3728431890773e+03 -1.7820312259528e+02 1.4177465800307e-03
304 5.0129913734463e+04 3.4891921645629e+03 1.1598908701077e+02 1.7030718975286e-03
305 5.1768027080341e+04 2.9739059204969e+03 -1.7020054935262e+02 2.8542674658057e-03
306 5.5199802701497e+04 1.9680438729379e+03 -9.7386847139714e+00 3.5346137860365e-03
307 5.4755873253094e+04 2.5753569090430e+03 -1.6185306838872e+02 3.5169373412082e-03
308 5.2209390220752e+04 2.7593929433635e+03 1.3243854526764e+02 2.9971538113955e-03
309 5.3612298265037e+04 1.3216952816114e+03 -1.0242512056223e+02 2.5014762235992e-03
310 5.5048630440405e+04 2.0239859507831e+03 -1.7463524866661e+02 1.7301767214002e-03
311 5.3087209712486e+04 3.1512637562984e+03 7.3780271805095e+01 2.5078066014865e-03
312 5.0379374834660e+04 2.3810381524381e+03 -1.1134146653888e+02 2.9672097120310e-03
313 4.9436928639015e+04 3.5431180797734e+03 1.6399391439873e+02 1.0999663617866e-03
314 4.5489199752108e+04 2.1998074672580e+03 -1.7089011221853e+02 2.5363336143728e-03
315 4.8774327379349e+04 3.5635804645883e+02 1.7197806611550e+02 5.4334342666168e-04
316 4.7419091490560e+04 1.7879804529148e+03 1.7304240415231e+02 2.3917466646838e-03
317 4.7923950638825e+04 1.9798274955205e+03 -1.7282046687426e+02 3.5793640700885e-03
318 4.6133888369454e+04 1.6429992997678e+03 -1.3158710371730e+02 2.2636466567644e-03
319 4.6492189927788e+04 3.0660218326302e+03 1.6665948313714e+02 2.2126683785166e-03
320 4.4525217815666e+04 3.2953206270416e+03 1.6966737479279e+02 1.3740113318121e-03
321 4.4635022841194e+04 3.1761093473207e+03 -1.7710702738281e+02 1.8975071794590e-03
322 4.3072969661162e+04 3.0944123671846e+03 -1.7480588472340e+02 1.4598542393270e-03
323 5.6342620253407e+04 2.9534518952985e+03 1.6216393304608e+01 2.3780978509994e-03
324 5.3963816838491e+04 2.7618897689945e+03 1.6804667025545e+02 2.8256832041162e-03
325 5.4088079737259e+04 2.9077681960381e+03 1.7505311330770e+02 2.8097413974439e-03
326 5.4936233940638e+04 2.6406121691876e+03 1.3536243978818e+02 3.5117825288465e-03
327 5.2585174520152e+04 3.7679798326392e+03 -1.9366769549287e-01 1.2885070966253e-03
328 5.5033497276230e+04 3.4945951324278e+03 1.1133042094637e+02 1.8962919569040e-03
329 5.3966816527094e+04 2.0450707728184e+03 -1.6354315824407e+02 2.4452762723490e-03
330 5.6562317103694e+04 2.3848220805135e+03 -5.2487581851036e+01 3.0215926394251e-03
331 6.0310259368967e+04 3.1616187432526e+02 -4.0173061725047e+01 6.4517221396473e-04
332 5.4122139402655e+04 3.0207025443624e+03 -1.4843823855606e+02 2.8653025166821e-03
333 5.6579510614077e+04 3.2681161455047e+03 7.3288068453410e+00 1.0258135630534e-03
334 5.4448233392376e+04 2.7227180931671e+03 1.6515681313536e+02 9.6648257922854e-04
335 5.6005005352040e+04 1.9352507113253e+03 1.6321718133208e+02 3.3534894442569e-03
336 5.6401607368061e+04 1.5201035105861e+03 1.7457080851322e+02 2.0205715998510e-03
337 5.4377583732014e+04 2.1914086935100e+03 -3.6133162975011e+00 3.6132328874022e-03
338 5.3851343289114e+04 1.9968722245737e+03 -2.2297780442482e+01 3.0751772285072e-03
339 4.9323473054807e+04 1.5676981117517e+03 1.6837830178456e+02 1.1958211493815e-03
340 4.9544483291815e+04 1.8181431861206e+03 1.6534009295746e+02 2.5688766381170e-03
341 5.4070436800716e+04 1.6012810899739e+03 1.3697223279252e+02 2.9882336265651e-03
342 4.5418136302915e+04 2.2203386039949e+03 1.6996115217138e+02 1.6618726540117e-03
343 4.8782653911275e+04 1.9888906987452e+03 1.5017869794722e+02 3.5984248167973e-03
344 4.6564938060234e+04 1.8540364332651e+03 -1.4384841153267e+02 3.6006577134639e-03
345 4.7009739843464e+04 1.4366914867982e+03 1.7043942675783e+02 1.6785468504331e-03
346 4.5791963379082e+04 1.7540291952647e+03 1.5773973646007e+02 7.6856245735039e-04
347 5.1540451733238e+04 2.0442326540084e+03 6.7048883881080e+01 7.1727037815132e-04
348 4.6299470850066e+04 2.2669091522397e+03 -1.7360277414338e+02 8.7390233350593e-04
349 4.7860825649368e+04 1.8478815301679e+03 -1.6526351354892e+02 1.8768927166621e-03
350 5.1050549614116e+04 1.3990731362531e+03 9.5568248477613e+01 1.7058107619819e-03
351 4.8681341289530e+04 5.9930231260947e+02 1.7397405040968e+02 1.2460409531399e-03
352 4.8818164806192e+04 1.5761981165637e+03 1.5669838603734e+02 2.1615933673257e-03
353 5.0006104116144e+04 2.6972956622688e+03 -1.7521624002932e+02 2.9814901623855e-03
354 4.4810908802467e+04 3.1959973726126e+03 2.5543973201421e+00 6.0935251640119e-04
355 4.7842870110123e+04 3.7588280259242e+03 1.6078621557535e+02 1.1363493230649e-03
356 4.9487095387574e+04 1.6916963204441e+03 1.7598458396917e+02 5.0678463891908e-03
357 5.0485381124475e+04 2.4389982280978e+03 1.5013205405690e+02 3.2786665978575e-03
358 5.1129923335248e+04 2.2570301306292e+03 1.6825050752953e+02 3.1492179767022e-03
359 5.0450132890309e+04 3.1239737139786e+03 -1.4074048649931e+01 1.6815729921170e-03
360 5.1041620267021e+04 2.6031210634725e+03 -1.6935423917860e+02 1.3781399363441e-03
361 5.1386512590069e+04 3.0214288177173e+03 1.1144428730869e+02 2.6388298626215e-03
362 4.9651609933531e+04 3.5975149991485e+03 -8.0584230182350e-01 1.4718189829815e-03
363 5.1660215050980e+04 2.5005315799818e+03 1.7112629923127e+02 3.5096366242619e-03
364 5.2395555586005e+04 2.7828413068380e+03 1.3829636263185e+02 3.2356172372950e-03
365 5.2880663013492e+04 1.5597131537154e+03 1.7145906934065e+02 2.3816805784759e-03
366 4.8531093800998e+04 3.5340654965058e+03 -1.7789881434661e+02 1.2543522701396e-03
367 5.4421514034082e+04 2.4841579985167e+03 6.1418237731279e+01 1.0769207045726e-03
368 5.3240165101371e+04 1.6774550191832e+03 -1.7874225326360e+02 3.3082689425658e-03
369 5.3097443045177e+04 2.4549375107887e+03 -1.6615434240079e+02 1.5733567784444e-03
370 5.3407597815826e+04 2.9584850739514e+03 1.7024934517362e+02 2.9679544538904e-03
371 5.4146143040416e+04 3.2477789653642e+03 -1.7695440553464e+02 2.3510300918763e-03
372 5.6005460352538e+04 2.9674568010917e+03 1.7909341941492e+02 2.3934835658657e-03
373 5.2650858421536e+04 2.4024459420025e+03 -1.7368628338722e+02 3.0317094024180e-03
374 5.4384594768620e+04 1.6400831053133e+03 -1.2632839945570e+01 3.0887468607064e-03
375 5.1129325508158e+04 3.0438718480474e+03 1.2624444260559e+02 2.2564378578474e-03
376 5.0661793305358e+04 1.0359239809189e+03 -1.7775644708343e+02 4.7279590274091e-04
377 5.1543574766352e+04 1.5892513915516e+03 1.7308021326747e+02 3.3251655928259e-03
378 4.8567401334626e+04 2.5783693275410e+03 -1.7554192062310e+02 1.4040577264052e-03
379 4.9588589213323e+04 3.5065086054330e+03 1.7074904728009e+02 7.4044667561946e-04
380 5.1245149229451e+04 3.0151924324053e+03 1.6574829431779e+02 2.6970821239586e-03
381 5.1824752354314e+04 1.3417010898967e+03 -4.3228536728982e+01 1.7531138246085e-03
382 5.1125834102369e+04 2.5837308346671e+03 -1.7921187027420e+02 2.3757875304021e-03
383 5.3094974615676e+04 1.2531930848140e+03 -8.5770587752890e+01 1.2153773112248e-03
384 5.0660339277660e+04 1.0817430327738e+03 -1.6627975444641e+02 2.1804193568240e-03
385 5.1792671798513e+04 3.4525257039097e+02 -1.7669367049831e+02 1.0997070091211e-03
386 5.4008174872089e+04 1.2449580350471e+03 1.6368269004779e+02 6.4614528929491e-04
387 5.2313089101382e+04 1.5518438244860e+03 -1.7773034101769e+02 2.5898695261647e-03
388 4.7854142810383e+04 3.3697650177148e+03 -1.7929078553678e+02 1.3338199251970e-03
389 5.1164989416895e+04 1.9795009854203e+03 -1.5378657674327e+02 3.6096103536234e-03
390 4.9014730360573e+04 2.7606929395918e+03 1.6470226677202e+02 3.0313688567415e-03
391 4.9398145381871e+04 2.0943588565176e+03 7.2205598187968e-02 1.9941274354722e-03
392 4.8973085584515e+04 1.9298719888297e+03 1.5637751740771e+02 2.9944411929353e-03
393 4.8566934014822e+04 3.3865469071958e+03 1.2708606881699e+02 1.4859544616900e-03
394 4.9307650026804e+04 2.1783881483232e+03 -1.7618202026592e+02 2.2188732899000e-03
395 4.8824958157152e+04 1.9640106136501e+03 -1.6627395598216e+02 2.0032782811439e-03
396 4.7344902721649e+04 2.2314866282797e+03 1.7642845911772e+02 6.3458983818611e-03
397 4.7036411302230e+04 3.0547584640655e+03 -1.4812468411895e+02 9.3803395135250e-04
398 4.6720316832427e+04 3.3422220245339e+03 -1.7297782387442e+02 5.5892149099151e-04
399 4.8134469947873e+04 2.9633367527962e+03 1.7873048978640e+02 7.7419795492300e-04
400 4.9371601857157e+04 2.5648019483955e+03 -1.6937069770057e+02 1.4346608427600e-03
401 4.7467256458056e+04 2.0633695995329e+03 -1.7847370816174e+02 8.0548366696506e-04
402 4.6232576726679e+04 4.1725353388301e+03 6.5206076786928e+01 5.1429636584075e-04
403 5.6936925360776e+04 1.9806545474806e+03 1.5499404742970e+02 1.1959523838985e-03
404 5.7118769105982e+04 3.0227518766183e+03 1.0212926579935e+02 2.2926046778912e-03
405 5.5761668316887e+04 2.9641568221666e+03 1.7533719436548e+02 3.1467854318412e-03
406 5.2393404483756e+04 3.4104040193899e+03 1.6421205478824e+02 3.3187147538254e-04
407 5.7231357809279e+04 3.3320903738142e+03 1.4787356711841e+02 1.5194315025378e-03
408 5.5802007705529e+04 2.7031587167633e+03 -1.7649995940637e+02 3.4737545969125e-03
409 5.9579577574934e+04 1.5019112895763e+03 -1.7255340617172e+02 1.9117187647448e-03
410 6.1251614487610e+04 1.1817045147393e+03 -2.5381222623879e+01 1.8236176948559e-03
411 5.7019472682482e+04 3.6696642250158e+03 -1.7835352860356e+02 1.4768658160602e-03
412 5.6611786695075e+04 3.4988915015790e+03 1.7335322321018e+02 1.6439898923149e-03
413 5.2264214447575e+04 1.5498224362208e+03 -2.7673458232694e+01 1.6892885848721e-03
414 5.5990350472095e+04 4.1964556380832e+02 1.7779775405355e+02 5.9421451849010e-04
415 5.5051699993622e+04 3.3476481312630e+03 1.6221851777277e+02 2.3018116882517e-03
416 5.4771291219883e+04 2.2231754921699e+03 1.6723890336738e+02 1.3680598958023e-03
417 4.9763994568769e+04 4.1273409388547e+03 1.6810891964406e+02 8.0518040424802e-04
418 5.3253036595241e+04 2.3247900644724e+03 1.5984942979258e+02 3.5802613787804e-03
419 5.4711198644778e+04 2.7915553351598e+03 -1.6373697355358e+02 3.3234330021674e-03
420 5.2501011544741e+04 2.9149867159332e+03 1.5404375471024e+02 7.4393469061781e-04
421 5.3986704407122e+04 2.8655389714697e+03 -1.7762003826637e+02 3.0073695672300e-03
422 5.1202530629182e+04 3.7703129895027e+03 -1.7753468217430e+02 9.9982574587540e-04
423 5.4171901140686e+04 2.1598644761488e+03 -1.2533762041941e+01 3.5530087063243e-03
424 5.5671637448360e+04 1.7712374180067e+03 -1.7700493761218e+02 2.1362580385748e-03
425 5.3831845841920e+04 2.4950050936041e+03 3.4816316356291e+01 3.2792379250757e-03
426 5.4899023229892e+04 2.0185645780270e+03 -1.7894259722257e+02 3.6002231675476e-03
427 5.0073128930287e+04 2.7137679624295e+03 7.8712952582428e+01 2.1916350169718e-03
428 5.0431107038478e+04 2.4760837159272e+03 -1.5392763978610e+02 3.4252420719075e-03
429 4.1656013939296e+04 4.5008685815079e+03 -1.3281819921781e+02 3.3110188334408e-04
430 4.4350443014643e+04 1.3804728119523e+03 1.7306807556298e+02 3.9622286700677e-04
431 5.0803139082387e+04 2.2778532542200e+03 -2.7684361942418e+01 8.2534553494623e-04
432 4.9369879109108e+04 2.1501276496368e+03 1.7351666025519e+02 3.6466589945647e-03
433 4.8171057127752e+04 2.5194085873052e+03 -1.7904612155739e+02 2.0806294357544e-03
434 4.8371102541627e+04 1.3176594242661e+03 1.7475329522683e+02 1.3375895166016e-03
435 4.6712191061155e+04 3.2039923594249e+03 1.7962672540954e+02 1.5613774075887e-03
436 4.7360665388518e+04 2.6071695319470e+03 1.5758214646853e+02 2.1219211043213e-03
437 5.0137239435500e+04 3.6492316883189e+03 2.8513299390438e+01 1.4194815204181e-03
438 4.6959731079609e+04 3.9263455317343e+03 1.7888609530614e+02 6.7993883807936e-04
439 4.9767705913637e+04 3.2192945777637e+03 1.6833538701522e+02 1.8601718414771e-03
440 5.1407424624145e+04 3.0446944330441e+03 1.3650321743567e+02 2.7136186089856e-03
441 5.0920785104725e+04 2.3342936078297e+03 -2.8166930799849e+01 2.6348802344501e-03
442 4.8924796152926e+04 2.1707832050738e+03 -1.7907490081024e+02 3.5924785100375e-03
443 5.1799984437504e+04 2.3574154426178e+03 1.6971344208490e+02 3.6018006930963e-03
444 5.3373890106723e+04 3.1228336152381e+03 -2.3979035123371e+00 2.5632289307303e-03
445 5.1405412596682e+04 3.5493021221089e+03 1.7648165682754e+02 1.6109318650500e-03
446 5.1282687586093e+04 3.1343404046044e+03 1.4906082445673e+02 2.5259993035087e-03
447 5.1117146145453e+04 2.8691389153200e+03 1.7039920378584e+01 8.4585781281979e-04
448 5.1301737719714e+04 3.7521999629469e+03 1.6345003796822e+02 8.7126046106146e-04
449 5.1284985700665e+04 2.6106188050059e+03 1.4851409408345e+02 2.8322655055968e-03
450 5.3361471944436e+04 2.2596906620284e+03 1.4825237999177e+02 3.6420784046681e-03
451 5.3493001322843e+04 2.6014643196725e+03 1.4460184089310e+02 2.7295340705967e-03
452 5.2935596723731e+04 1.7649146945403e+03 6.9941687349240e+00 3.1732659290137e-03
453 5.1838838439600e+04 2.0560926036767e+03 -8.8976905091589e+01 9.3761478442665e-04
454 5.1097001919541e+04 3.0507606829950e+03 -5.5976371660902e+00 1.2133752594785e-03
455 4.4070476891554e+04 1.9665049604630e+03 1.4194791831752e+02 3.1051992463351e-03
456 4.6937405372592e+04 3.2231078318155e+03 1.4548387185940e+02 1.2770414211481e-03
457 4.5853167491110e+04 3.7117673745433e+03 -1.1319272967009e-01 1.0679152568252e-03
458 4.9552718407809e+04 2.3256103911189e+03 -1.6387583757823e+02 2.7720887208179e-03
459 5.1697742198522e+04 2.5094684292803e+03 1.7371780701560e+02 3.0434742869636e-03
460 5.2281295368614e+04 2.2568383800059e+03 1.7437889998201e+02 3.0359741269650e-03
461 5.0924213561878e+04 1.0874444818111e+03 1.5144766889992e+02 5.8103471215525e-04
462 5.1394786495244e+04 3.0443408554705e+03 1.4610954568658e+02 2.6236349184601e-03
463 4.9174277623390e+04 1.8609666270894e+03 1.7489662781940e+02 2.0064038694214e-03
464 5.3520870943044e+04 2.7119140192632e+03 2.5291700386281e+01 2.7380863208135e-03
465 5.2327581413993e+04 8.0503815993299e+02 -1.7798478860322e+02 1.2962391326029e-03
466 4.5643981593977e+04 3.5781816525547e+03 1.7412699240532e+02 1.3675182958876e-03
467 5.3062750828856e+04 3.0769093064989e+03 -1.7506875148804e+02 9.0164469755136e-04
468 5.3111132445867e+04 2.4624270428476e+03 1.6816051752999e+02 5.7727518869301e-04
469 5.4749908219508e+04 3.5851729121709e+03 -5.7793638702069e+01 1.0289565752508e-03
470 5.1640618792985e+04 3.3239080416962e+03 -1.7574319286817e+02 9.2198366056387e-04
471 5.4286866751527e+04 2.9025796168340e+03 1.6573025027870e+02 1.5114056234833e-03
472 5.2485755163715e+04 2.7785949565382e+03 -1.7499083478184e+02 2.6707289473768e-03
473 5.0142306533031e+04 4.2062538066700e+03 -1.7063020570919e+02 6.1104262888876e-04
474 5.4177572208468e+04 3.4371239520498e+03 1.7510528150011e+02 2.8473188722980e-03
475 5.4983493463283e+04 2.9150381067032e+03 -1.6190876629694e+02 3.0400711146797e-03
476 5.5858598320618e+04 2.0827001806709e+03 -1.6102940156026e+02 1.3339160365383e-03
477 5.6797962058338e+04 3.3574088858687e+03 1.5994032673469e+02 2.2819259131875e-03
478 5.4643334422775e+04 3.5491226523410e+03 -1.6356003352697e+02 1.9579743424560e-03
479 5.1784917363469e+04 1.2012459939004e+03 -1.7512643022146e+02 2.3732627264856e-03
480 5.2226328195866e+04 2.2141774536069e+03 1.1627440910968e+01 5.9807362829259e-04
481 5.2145553320232e+04 2.6214552804761e+03 1.7920728133312e+02 1.1323759301412e-03
482 5.1223388666346e+04 2.8705218157283e+03 -1.4935053356548e+02 2.7561603086329e-03
483 5.2542273109759e+04 3.3857586472580e+03 1.5057983991873e+02 5.0975383340064e-04
484 4.7494055153710e+04 3.5293997441400e+03 1.7224875396025e+02 1.0233051546415e-03
485 4.9333279108734e+04 9.0743136450164e+02 1.7414661416831e+02 2.2351962472956e-03
486 4.7780307234847e+04 1.9420485255933e+03 1.5617925717419e+02 1.1698411191359e-03
487 4.7683833511438e+04 2.8937662376135e+03 -1.7540888007603e+02 2.1719851391723e-03
488 4.8682384659568e+04 2.8452652869602e+03 1.7183425649900e+02 2.7604121989545e-03
489 4.8224239289910e+04 2.5690983806574e+03 -1.6958688219075e+02 2.9232726216604e-03
490 4.6778829863034e+04 2.1892314262724e+03 1.6928665664916e+02 8.0348618393068e-04
491 4.7377269135639e+04 4.0467260156587e+02 -1.7305409458935e+02 7.0789851550254e-04
492 4.6893419664846e+04 2.4456308717399e+03 1.6820913318137e+02 1.9105686094369e-03
493 4.7796476460643e+04 1.5337485859863e+03 2.9866166617774e+01 1.4380115130068e-03
494 4.8420981846336e+04 2.5133207900257e+03 1.3563973994514e+02 3.3686105676749e-03
495 4.6538205315295e+04 1.9022784797340e+03 -1.7653169308466e+02 1.2101671824993e-03
496 4.9247280028879e+04 1.8443825202819e+03 5.5636284219124e+01 2.4383324910753e-03
497 4.6924579115251e+04 1.7686185156102e+03 1.7437370708494e+02 3.2198750436210e-03
498 4.7143820447201e+04 1.5413099319439e+03 -1.6720813417208e+02 1.3476028305875e-03
499 4.1707693090308e+04 3.3506782216405e+03 1.7283448139177e+02 3.5670012135349e-04
