0 4.5786922257165e+04 1.2666372982013e+03 -1.7042409198525e+02 3.1982333014034e-03
1 4.7829778297042e+04 -2.8189976240987e+02 1.6759207241320e+02 6.3996520439844e-04
2 4.4688320657611e+04 8.7818865087832e+02 1.7695013976014e+02 5.9678959422261e-03
3 4.2578892409902e+04 2.7261781915466e+03 -1.7586715019959e+02 7.5696858313332e-04
4 4.4664289883298e+04 2.8868839863136e+03 -2.0380472564651e+01 2.3859777297844e-03
5 4.0918323600008e+04 2.0832956034752e+03 1.6080214044515e+02 4.1752159782722e-04
6 4.3222243614372e+04 2.8163005890856e+03 8.9520789231291e+01 2.5106364556498e-03
7 4.2880249450185e+04 2.2147120929133e+03 -2.6907542845523e+01 2.4747514257313e-03
8 4.5402359075709e+04 1.1434271741531e+03 -1.3442663821993e+02 2.9765502626993e-03
9 4.5385196343607e+04 2.4572810252536e+03 1.5644554129391e+02 9.8813819180758e-04
10 4.7971357436467e+04 2.5059855167376e+03 5.6864881356741e+01 3.2422959208308e-03
11 4.4592571684664e+04 3.4390548613118e+03 1.7319044018961e+02 8.0161113869896e-04
12 4.6427213026048e+04 2.6644997279807e+03 1.6803695495294e+02 3.0385431234250e-03
13 4.3986306954442e+04 2.5732166523893e+03 1.3574288457130e+02 1.1691026131860e-03
14 4.3336665194648e+04 2.1103108100690e+03 -1.1181358821741e+02 3.4858630921600e-03
15 4.4863340025767e+04 2.0293831393032e+03 -1.1211375390242e+02 3.4892764534399e-03
16 4.1271293557159e+04 2.9197314834797e+03 1.7287782538017e+02 1.0176213480191e-03
17 4.5352910081076e+04 1.4259789651870e+03 -1.4347458508596e+02 3.3578783207894e-03
18 4.3265317089469e+04 2.0275466686107e+03 -1.6710949366192e+02 3.4241546812517e-03
19 3.6910903229761e+04 2.2154419869324e+03 -2.1281245614287e+01 3.1432998754367e-03
20 3.7967436195767e+04 8.1298944320521e+02 -1.4615864700768e+02 2.9133614050715e-03
21 3.8497873319331e+04 2.4503372769927e+03 9.4406119326019e+01 2.7530835918971e-03
22 4.0694976671698e+04 1.4736907383599e+03 4.9846895039657e+01 2.2241883641927e-03
23 3.9940969074600e+04 2.1971816114294e+02 -1.3063375322639e+02 1.6409744237350e-03
24 3.9269609737197e+04 2.1043841277063e+03 1.0611532047108e+02 3.3982172423267e-03
25 3.9017143925228e+04 1.7646164503250e+03 1.4531462517503e+02 3.6498316041279e-03
26 3.4527714631762e+04 3.3562271474191e+03 1.5421835775358e+02 7.5835372523742e-04
27 3.5644720696162e+04 2.6011431778543e+03 1.3120325959605e+02 2.0253287082996e-03
28 3.6124758472168e+04 2.8579629550072e+03 1.7077156097880e+02 1.8080911142822e-03
29 3.6675688604648e+04 1.4943425010286e+03 1.7357633646176e+02 1.3479781152175e-03
30 3.8776326393726e+04 1.9778068882088e+03 -3.9601100834673e+01 1.7822492745780e-03
31 3.3889079767997e+04 1.8367414066469e+03 -1.0971515837984e+02 3.2824821556533e-03
32 3.2453878449801e+04 2.9067993038057e+03 1.6555469899095e+02 1.3666007167044e-03
33 4.0666520788419e+04 4.9913773855471e+02 -9.2242543480413e+01 2.1766489897807e-03
34 3.9535326056922e+04 1.9828791728078e+03 1.7111811903098e+02 3.2756721350284e-03
35 4.1265682734438e+04 7.0738335941304e+02 1.5193430539147e+02 2.1773013518828e-03
36 3.8657711175288e+04 1.5814096164175e+03 1.5308271084116e+02 3.1327165388263e-03
37 3.9789344811885e+04 1.3224718751049e+03 -1.5695465511148e+02 2.0304057455147e-03
38 3.7872477952746e+04 1.2035856710026e+03 1.5313329712724e+02 2.7011306571508e-03
39 3.7586746679141e+04 1.7215398607531e+03 1.6458722985968e+02 3.5831839878989e-03
40 3.7832187145410e+04 1.7209310994332e+03 -1.6624645704946e+02 3.6564047707101e-03
41 3.7875145844970e+04 2.6560807914209e+03 1.3281066589622e+02 2.3810793261923e-03
42 3.6701655441869e+04 2.0823405395510e+03 1.7835489716247e+02 2.5300488923249e-03
43 4.2460007622608e+04 1.0635730743694e+03 1.1700698014856e+02 2.5700067833218e-03
44 4.1593059312558e+04 1.8297900688308e+03 1.0781017018195e+00 3.4986382986882e-03
45 4.1659286723970e+04 1.8881947465624e+03 1.7689219471287e+02 3.5714208075292e-03
46 3.9771959917395e+04 1.7443397559702e+03 1.7270494412625e+02 3.6325404357381e-03
47 4.0595675479879e+04 2.1124613388286e+03 -1.7964597198665e+02 3.4255529776224e-03
48 3.8518558175901e+04 3.2911764316269e+03 1.5181956449247e+02 6.8733814020052e-04
49 3.6080847400562e+04 2.7325112949995e+03 1.6287333248200e+02 2.0576968118004e-03
50 3.6619703337590e+04 1.8884208419957e+03 -1.7088181727861e+02 2.4780553167309e-03
51 3.6399032527825e+04 1.8171778850056e+03 9.8946338188914e+01 1.2700323381688e-03
52 3.4365899268578e+04 2.5380101405344e+03 1.7645873242718e+02 4.0781731936860e-03
53 3.5439441348195e+04 3.8256124347763e+03 1.4809441633516e+02 5.8273825807997e-04
54 3.7560125089061e+04 2.2373028282694e+03 1.7157419920898e+02 3.1449155950540e-03
55 4.1523349167744e+04 2.1273449254241e+03 5.0719055097877e+01 1.9096656750107e-03
56 4.0401975651251e+04 1.0219649193376e+03 -1.3425574552387e+02 3.1681793122942e-03
57 3.9666314283238e+04 1.2041774444074e+03 -7.7506161223643e+01 3.3146012947760e-03
58 3.4211403957350e+04 2.3057159427860e+03 1.5055708370861e+02 7.8007111686687e-04
59 3.1439641583175e+04 1.4072449111354e+03 -1.4080302979628e+02 1.1038400624658e-03
60 3.2541665858632e+04 2.5764208827434e+03 -5.7148176583581e+01 1.7223197709325e-03
61 3.8746972797173e+04 2.5962500220155e+03 -1.3761663367996e+02 1.7683370232006e-03
62 3.9206372822155e+04 2.3476592792702e+03 1.5547791331018e+02 3.0572494350259e-03
63 4.0115925924582e+04 1.9178442646202e+03 -1.6387066355719e+01 3.5169241023875e-03
64 3.9467224354387e+04 1.6320029786242e+03 1.6689198699694e+02 3.0921670230451e-03
65 3.7220379894917e+04 1.0898718480990e+03 -8.1142492696690e+00 1.8554660516446e-03
66 3.1440636751495e+04 2.7173484044118e+03 1.6445447928823e+02 1.6765632865255e-03
67 3.2395693555807e+04 2.4931112174437e+03 -1.4270767274924e+02 1.9687030737594e-03
68 3.5178609384471e+04 1.6027375668597e+03 -1.6636549600752e+02 3.6257194373551e-03
69 3.6261060942237e+04 1.9082383874891e+03 3.5457878674904e+01 3.5136583989525e-03
70 3.3898141650637e+04 2.2527074772974e+03 1.7872725970497e+02 2.5203759305660e-03
71 3.5037508608607e+04 -4.5685994144782e+01 -1.7200382511476e+02 8.2771974331462e-04
72 3.4312224601831e+04 1.6088362107367e+03 1.4965658568392e+02 3.3532484871200e-03
73 3.5777776045637e+04 6.3021273839275e+02 -1.7708358457365e+02 2.2430510589218e-03
74 3.3155119474996e+04 2.2435972772944e+03 8.9188514995205e+01 2.3237156794052e-03
75 3.3329904358772e+04 1.5351744972621e+03 1.7697783481774e+02 2.3860889479939e-03
76 3.3627050890661e+04 3.1148260021937e+03 6.9505916251088e+00 1.1306836756260e-03
77 3.5577586003968e+04 2.5775379527495e+03 -1.6266064381753e+02 6.5797571052053e-04
78 3.5775678438918e+04 2.0862099673425e+03 -1.4616402024984e+02 3.1443238496916e-03
79 3.3131790099882e+04 2.1603928223660e+03 -3.3242799048602e+01 1.7256853489452e-03
80 3.3126092001592e+04 1.6840851983378e+03 -1.1165939835508e+02 2.4736117071717e-03
81 3.1848487565048e+04 2.5339725386815e+03 -1.0122208540361e+02 1.9179062797917e-03
82 3.5848709009306e+04 2.1377686653876e+03 1.4021164143013e+02 3.1866530239313e-03
83 3.5610985490983e+04 1.9461844197748e+03 -1.7244613703671e+02 3.4358905342220e-03
84 3.8799347949063e+04 3.2473171138168e+03 1.2308644409616e+01 1.0423346837053e-03
85 3.7477813808703e+04 1.9982531764545e+03 1.5990803420710e+02 1.4171063413719e-03
86 3.9743398554011e+04 1.9722556184952e+03 -1.3274915867385e+02 3.2940945312277e-03
87 4.0237044695661e+04 4.6680676163331e+02 -1.7509303703959e+02 7.1175390856232e-04
88 4.2216965301821e+04 1.8633075817806e+03 1.4317752317231e+02 3.6628691848167e-03
89 4.2114668354597e+04 2.3178791751198e+03 2.1265545317781e+01 3.3148857534721e-03
90 3.9768846820581e+04 3.4708516986560e+03 -4.0295734310472e+00 7.5923898761311e-04
91 3.6940472235863e+04 2.1180009756917e+03 1.6820882322744e+02 3.2895606393021e-03
92 4.0368474820073e+04 1.5257252038912e+03 1.5535050057615e+02 3.4254809401684e-03
93 4.0390818494817e+04 2.1788541898078e+03 1.4620061235128e+02 3.2381001299944e-03
94 3.9249396409225e+04 1.8011813415682e+03 1.6587990855725e+02 2.1779753815044e-03
95 4.0409906913075e+04 1.9223815878866e+03 -1.7750539029378e+02 2.3709268604592e-03
96 4.0006193226336e+04 2.4478754688399e+03 1.6609565188917e+02 2.9514134318902e-03
97 3.8094926228001e+04 1.9445720607004e+03 1.7696742970480e+02 1.1940000298932e-03
98 4.0611622852310e+04 1.9534629370794e+03 7.7898970457624e+01 3.4259907696478e-03
99 3.9252527731833e+04 1.4202070529343e+03 -2.0452115338403e+01 3.6332013124635e-03
100 3.9142613721845e+04 1.4498476400676e+03 1.3777609644899e+02 2.8018255406876e-03
101 3.8406656755580e+04 1.4156436995426e+03 1.5478985748027e+02 3.4695231013943e-03
102 3.8422531279769e+04 1.7145963186266e+03 1.2518047282376e+02 3.5883379522104e-03
103 3.3973030469475e+04 3.3232154400555e+03 1.5442372062284e+02 4.7590643969012e-04
104 3.7671778373045e+04 1.3292598032890e+03 1.6413666798281e+02 1.6247450303747e-03
105 3.8683538114166e+04 1.2224450189619e+03 -3.3030000263423e+01 2.3326412488380e-03
106 3.4107562682059e+04 2.5108638303136e+03 -4.5978196741890e+01 2.0777041628950e-03
107 3.3198829607015e+04 2.5913446639083e+03 -3.5975794805181e+01 4.3058432341618e-04
108 3.2773900994116e+04 2.5149553809127e+03 7.8496647981703e+00 4.2231706732081e-04
109 3.6778838958908e+04 3.0641217602355e+03 1.4484252672200e+02 1.4151847562394e-03
110 3.9328175884812e+04 1.9753756854174e+03 -2.7104797474203e+01 1.1248785666088e-03
111 3.4328065164953e+04 2.6723391843256e+03 1.5027409255738e+02 1.0266432261635e-03
112 3.2208368564251e+04 3.2480789258749e+03 -1.7104525182855e+02 3.6102183933395e-04
113 3.6282490244513e+04 1.7963159725242e+03 -1.4656725535834e+02 3.6045976770494e-03
114 3.7598333695111e+04 2.0207891502793e+03 -1.7336506403660e+02 3.0952850956616e-03
115 3.3729068530298e+04 4.3418956808835e+03 1.6311126286958e+02 3.9060251422331e-04
116 4.0505322100230e+04 2.2365541554620e+03 1.2428540021277e+02 2.6775355328787e-03
117 4.0240450309507e+04 1.8530541309059e+03 1.2692807705656e+02 1.0060702122024e-03
118 3.9261988267448e+04 2.2941308185584e+03 1.0579483359497e+02 3.1654910857429e-03
119 3.7136939141493e+04 2.4061576899556e+03 1.7977937660522e+02 1.8781206864038e-03
120 4.0806917113351e+04 1.1273582468020e+03 7.9568641206085e+00 2.0228009062707e-03
121 3.9511221920902e+04 2.1422594152119e+03 1.7560016203477e+02 2.2102734591359e-03
122 3.3846481992174e+04 2.3723562184245e+03 1.7761236656223e+02 4.4587474446430e-03
123 3.3264040116123e+04 2.9200193074125e+03 -1.7887871558942e+02 1.4890483934164e-03
124 3.2958468277600e+04 3.5100232987014e+03 -2.6638504733357e+01 7.4505877384337e-04
125 3.1955812285051e+04 2.5354207724355e+03 1.6994834980850e+02 1.1101962747045e-03
126 3.1914924952675e+04 1.3037734783009e+03 1.7594690666623e+02 4.6762064543897e-03
127 3.0191393382315e+04 1.6310441752180e+03 1.7804636499956e+02 7.6751906480844e-04
128 2.9156796791438e+04 2.0766671287475e+03 1.7359539659608e+02 5.2719070410741e-04
129 2.8452143969845e+04 2.6049287702622e+03 1.5367239452736e+02 7.6971521995184e-04
130 3.4596400563925e+04 1.8369889725972e+03 -1.7898792913619e+02 1.6372909287300e-03
131 3.3684942743095e+04 1.4854054531929e+03 -5.2277024703603e+01 3.0344827255246e-03
132 3.4615956549687e+04 2.0398584804063e+03 -1.0744956247375e+02 3.2683739963240e-03
133 3.5035239207970e+04 2.8054259439059e+03 1.2592860311674e+02 1.8547193445559e-03
134 3.4908735982255e+04 2.2241826620959e+03 6.3986133814115e+01 2.9855808431873e-03
135 3.3503606195406e+04 1.4367170058279e+03 -1.3714808306674e+02 2.3420718595293e-03
136 3.3099370610691e+04 1.7437446774445e+03 6.1135809619653e+01 2.9468723679000e-03
137 3.4079859829702e+04 8.7993529718003e+02 -8.1006873466565e+00 1.6905074743734e-03
138 3.3884635059515e+04 1.5063153211129e+03 1.2541448659091e+02 3.6318549934400e-03
139 3.3819665797889e+04 1.0956142807459e+03 -3.9207665911797e+01 3.5731157238222e-03
140 4.2642698557193e+04 -2.2898307505563e+02 9.6267512347537e+00 8.4316726896347e-04
141 4.2326336435000e+04 1.3469558987950e+03 -1.4691971819113e+01 3.1710817533269e-03
142 4.0104256973410e+04 2.6135255262543e+03 1.6391359857105e+02 1.7086263957092e-03
143 4.4604180957312e+04 1.6865358781320e+03 -1.4300558421567e+02 1.6635568791697e-03
144 4.7024639423377e+04 2.3494474296024e+03 1.4843229879395e+02 3.5038746704865e-03
145 4.6691338581088e+04 2.0209806375412e+03 -1.3204620922185e+02 3.6258167336413e-03
146 4.2513709297612e+04 3.9976642908406e+03 -1.6667896478144e+02 6.1982169944372e-04
147 4.4277406935879e+04 2.9622090610631e+03 1.4015927939540e+02 2.2023189135239e-03
148 4.6899254718075e+04 2.9350301227115e+03 -1.7182148101737e+01 4.4519149846814e-04
149 4.5265451093932e+04 2.1025329103865e+03 1.7063223531684e+02 3.6249841334356e-03
150 4.3865621110191e+04 2.8276366540980e+03 1.5706809940647e+02 2.4812556283200e-03
151 4.5404524657762e+04 3.4333256451687e+03 6.4035391055945e+01 1.4937056248775e-03
152 4.6032351158786e+04 1.2415547027701e+03 1.3159950679890e+02 2.6996990058051e-03
153 3.9960463431238e+04 1.3394489203050e+03 2.5305704105812e+01 2.7947580443919e-03
154 3.9043469112909e+04 1.8797266293562e+03 2.4292602658732e+01 2.3059116631046e-03
155 3.2317908346911e+04 4.3768551696663e+03 1.3603173403589e+02 3.3318641468215e-04
156 3.6317760539391e+04 2.7619506729626e+03 1.3270227309260e+02 6.6768443984170e-04
157 3.6356487560189e+04 1.4983703187238e+03 1.4807380841131e+02 4.1984457729034e-04
158 4.0022615293757e+04 1.3611396016330e+03 -1.7033731259777e+02 2.7875310070278e-03
159 3.8534044990350e+04 1.3954992241656e+03 1.4716269979785e+02 4.7950187586367e-04
160 3.6905974772067e+04 1.2497333319485e+03 -1.7871966228761e+02 1.5171839181533e-03
161 3.7107801495119e+04 3.1335498899225e+03 1.6610353264326e+02 1.4175658942701e-03
162 3.6723786168276e+04 2.3681871551237e+03 1.7371651520428e+02 2.0399600074709e-03
163 4.0847326272460e+04 2.5611314673593e+03 -1.7933811411062e+02 1.8581274343191e-03
164 3.9990237805515e+04 1.0937964536362e+03 -1.7540529886554e+02 4.7626297639157e-04
165 3.7823995980982e+04 3.9726445244396e+03 9.0728181161608e+01 5.0320430747090e-04
166 4.2805373590507e+04 1.3903435376467e+02 -1.5186395614042e+02 1.3318677678693e-03
167 4.2995659509912e+04 3.0148643073019e+03 -9.8821631456156e+01 5.5505029575211e-04
168 4.1241925933589e+04 3.4418545673980e+03 1.6458555400929e+02 7.9571143063324e-04
169 4.2551134758429e+04 1.5840097331888e+03 -9.2229424014244e+01 3.5692241541020e-03
170 4.3613256000776e+04 1.5807222532839e+03 -1.7468621761586e+02 1.8009289329851e-03
171 4.3999347931636e+04 5.7775960780607e+02 1.7979250339425e+02 2.0539203903435e-03
172 4.2348424255778e+04 1.1328690009005e+03 -1.7450343683815e+02 3.1518697961083e-03
173 3.9603468752648e+04 2.1880105896491e+03 -1.0536234763119e+02 1.3344253142088e-03
174 4.3366418595462e+04 1.9799501347186e+03 -2.2918402996948e+01 4.2475492358407e-04
175 4.4339503619677e+04 7.3409845479025e+02 -3.2715379949539e+01 1.9961613508014e-03
176 4.4086458095399e+04 1.0514176696383e+03 -1.2790379815842e+02 2.2337074172622e-03
177 4.4434826282504e+04 1.5648194234463e+03 -4.0247897416752e+01 3.4936181285601e-03
178 4.6001433778329e+04 2.3055400099302e+03 1.6117539079119e+02 1.6436161273604e-03
179 4.4400440575698e+04 1.4940249896428e+03 -9.2130315636205e+01 1.0297364604142e-03
180 4.3487402460222e+04 2.5180874098078e+03 1.6617582242157e+02 1.4057788624160e-03
181 4.5830531322486e+04 1.3249906212480e+03 -1.7569482802488e+02 4.8317906943351e-04
182 4.7396452474957e+04 8.2462781237448e+02 -8.1313561823904e+01 1.7520903005894e-03
183 4.4668832771041e+04 1.0776769724088e+03 1.7416844945305e+02 2.2117515889037e-03
184 4.6198647486912e+04 2.9931780912449e+03 1.3007203717208e+02 1.4871654242688e-03
185 4.5963434323267e+04 1.1249247245358e+03 -1.1667845759148e+02 2.3463274139158e-03
186 4.3253743366888e+04 2.7288897891991e+03 4.9983785224575e+01 2.6812963945897e-03
187 4.0517923606563e+04 3.4921976298353e+03 -1.0484356250745e+02 6.1085084767625e-04
188 4.1838159105902e+04 2.2917705184464e+03 -1.6425005290968e+02 2.6513605527618e-03
189 4.3569626508047e+04 1.5557300383299e+03 -1.1716051391427e+01 3.5768163471349e-03
190 4.4606463720382e+04 1.0027379207977e+03 8.3986082534869e+01 1.3164083515298e-03
191 4.3902158991972e+04 3.6498671049604e+03 1.3627856824449e+02 9.9558561540270e-04
192 4.3714954017800e+04 1.9533959949198e+03 -1.7215731315545e+02 2.0751644062750e-03
193 4.2742633453914e+04 1.3489183496840e+03 -1.7082956217145e+02 2.4093036552430e-03
194 4.1721762593993e+04 2.7302157930883e+03 1.5883222830773e+02 1.8716493161626e-03
195 4.3755842245499e+04 2.4903959331145e+03 -3.3125770109165e+01 2.4455258439983e-03
196 4.4426480329186e+04 1.1598846454767e+03 -1.2222410107746e+02 8.4443878178126e-04
197 4.3653017102727e+04 3.8110712979494e+03 1.6722454253505e+02 8.7670323369331e-04
198 4.5075931108098e+04 1.8449254186345e+03 1.2911188042102e+02 3.3107068282151e-03
199 4.3205783297912e+04 1.9190920846170e+03 1.2694094405287e+02 5.6097614522514e-04
200 4.2717619215844e+04 1.9930765049901e+03 -5.6180923177090e+01 2.7734076081524e-03
201 4.6485113232698e+04 2.9640862102259e+03 -2.3394150166656e+01 1.8703258152216e-03
202 4.5977149574303e+04 4.3584017103999e+03 1.6637012804492e+02 4.4250145006478e-04
203 4.1353353627355e+04 3.6198575661589e+03 4.0474093517387e+01 9.7780986151401e-04
204 4.1049486289858e+04 3.0513492482432e+03 1.3407733185399e+02 1.8501371137806e-03
205 4.0249880720813e+04 2.7318546972878e+03 1.7044443830390e+02 7.4742212623342e-04
206 4.3824683073934e+04 2.3633740164007e+03 -1.2038843473212e+02 3.0112492307046e-03
207 4.3495634949792e+04 2.9874333655592e+03 -6.8744121729773e+00 1.9309556113883e-03
208 4.1280277334839e+04 2.9210378852433e+03 -5.0026127797954e+01 2.1298769100933e-03
209 4.1498880895891e+04 3.7059906393333e+03 1.6098141625075e+02 7.7490555209913e-04
210 4.3779804075084e+04 3.0707184778563e+03 -6.1138410437114e+01 1.2075191973874e-03
211 3.8952494633679e+04 3.8529793059696e+03 8.9145209116723e+01 4.8292166547202e-04
212 3.6906720441011e+04 2.9856083990169e+03 1.6890507420137e+02 3.4418577540084e-04
213 3.9577717414026e+04 2.0479926540298e+03 -1.1743123352196e+02 2.1746128286319e-03
214 4.0189362937446e+04 2.8265633343979e+03 1.2629504355665e+02 1.3354379421971e-03
215 3.5335695845195e+04 4.4314002831721e+03 1.6032016218109e+02 3.4404302295128e-04
216 4.4390873769390e+04 1.4216700594060e+03 -1.0962922101376e+01 3.1585212737671e-03
217 4.5046256458689e+04 1.6956139328661e+03 -1.4893490867337e+01 3.5005397207419e-03
218 4.1971188422838e+04 1.7535670127687e+03 1.4258551536060e+02 1.6212039864271e-03
219 4.0672035133000e+04 2.4875466942953e+03 -1.6534735149500e+02 1.9579393812551e-03
220 3.9582465494480e+04 1.5842870630362e+03 -1.6474544032057e+02 3.1748068227596e-03
221 3.9685622507810e+04 1.8054502664351e+03 1.5603736707346e+02 3.2919768493705e-03
222 4.0898969729025e+04 3.5606039220295e+03 1.0481767226130e+02 8.7257131446194e-04
223 3.9180872084916e+04 2.3919134988046e+03 1.6546096121319e+02 2.9560804124928e-03
224 4.2807091491192e+04 1.5394748048594e+03 -4.6777883522442e+01 1.4589233940428e-03
225 3.7239837522884e+04 3.5252481340497e+03 1.7552267895665e+02 8.9297291156650e-04
226 3.8552704320814e+04 3.4157048306598e+03 -9.3639636198627e+01 1.0333632351661e-03
227 3.9012933422581e+04 1.4187195764860e+03 4.2116667621164e+01 3.0234092310837e-03
228 3.9099000240242e+04 1.7768350663476e+03 1.6405817762372e+02 3.5460384950874e-03
229 3.7027483660528e+04 9.5888883096487e+02 1.5151972744492e+02 2.6539546033926e-03
230 3.2644343625049e+04 3.4541499205732e+03 -1.6569942828194e+02 5.9275886540565e-04
231 3.7266837992400e+04 2.8261201520966e+03 -4.2933025482113e+01 1.9858059729394e-03
232 3.8146286968119e+04 1.8541820578395e+03 1.6574681438847e+02 2.7648622668995e-03
233 3.8872962261102e+04 5.9212389626760e+02 -7.9023547584691e+01 1.7141378313856e-03
234 3.8536623387137e+04 5.1952084609049e+02 1.3023936937289e+02 1.2678996547116e-03
235 3.7998906797078e+04 2.3101789381966e+03 2.8871060339504e+00 6.4870719812892e-03
236 3.7033811726934e+04 1.2767107673191e+03 -5.0615485138184e+01 1.1948000601002e-03
237 3.7917503473752e+04 5.0927011189056e+02 1.4166558268193e+00 2.7060819711946e-03
238 3.9521836849753e+04 1.5341150682609e+03 -2.3621992916963e-01 1.1149129598030e-03
239 3.9538561291973e+04 1.7268679298111e+03 4.6345873512724e+01 3.0789024564276e-03
240 3.5511693501210e+04 1.2155585260240e+03 1.1510339943447e+02 3.5213825963542e-03
241 3.6525111304573e+04 2.4362710761719e+03 -3.2186691447700e+01 2.3800735829044e-03
242 3.7030920821163e+04 2.4960130248424e+03 4.9421731968311e+00 1.1874015741737e-03
243 3.8217429601980e+04 5.4611763946092e+02 -1.7498631211583e+00 1.5218575850606e-03
244 3.8787038161366e+04 1.5986245648935e+03 7.3120177925164e+01 3.5813345903623e-03
245 3.7561679099773e+04 1.8008995593237e+03 -7.9037335128232e+01 2.8235563038464e-03
246 3.6822352914365e+04 3.2328376875869e+03 -2.4590646888181e+00 7.0299572115207e-04
247 3.4823933475225e+04 3.6520452743284e+03 1.6374892619793e+02 6.8366469662961e-04
248 3.6517133810013e+04 1.2434890499363e+03 5.0276127601039e+00 2.3900083886609e-03
249 3.4506171702341e+04 2.2142233359227e+03 1.5864150454123e+02 2.6838711707487e-03
250 3.2125104525763e+04 2.2554913678876e+03 1.5254332043406e+02 1.0201812824260e-03
251 3.3179771671089e+04 2.4968785669791e+03 1.5635852341458e+02 2.2023830114726e-03
252 3.4496033333952e+04 1.6597118493563e+03 -1.4348565428430e+02 3.7820847186645e-04
253 3.5890243412302e+04 3.3322997959780e+03 4.0838760856714e+01 1.0603485046968e-03
254 3.0770811573366e+04 2.5783503932702e+03 6.9279471281673e+01 1.9535221492770e-03
255 2.9764181536873e+04 1.6641321774024e+03 1.7728718209805e+02 5.3651894998095e-04
256 3.0189788445434e+04 2.5931879195983e+03 2.3995740221428e+01 1.8387683979179e-03
257 3.2485459453642e+04 2.0443171086093e+03 -3.6496117884099e+01 1.9732396081385e-03
258 3.2011889566983e+04 2.3999813077117e+03 -2.8678172066903e+01 2.0699658565748e-03
259 3.2605278337473e+04 2.9170728780608e+03 1.2611460744435e+02 8.2847849264463e-04
260 2.9491515271846e+04 2.6237020233622e+03 1.4985209240788e+02 1.0788102384567e-03
261 3.0370490695699e+04 2.6127569290041e+03 1.6405167693591e+02 8.3359256693720e-04
262 3.2570378245242e+04 3.1768729151685e+03 6.4952925504176e+01 8.9978796182740e-04
263 3.1174781790095e+04 3.1952363547551e+03 1.5562128964444e+02 9.4258722874084e-04
264 4.0674650177900e+04 2.8065602212244e+03 -1.8854737485840e+01 1.9807860379904e-03
265 3.9284677206973e+04 1.4191288165626e+03 -1.6656489830406e+02 3.3595376336625e-03
266 3.7333187145764e+04 1.9103532086547e+03 -1.4310087766842e+01 3.2393996466773e-03
267 3.7449078046250e+04 1.7742860016811e+03 1.7078581415056e+02 1.7659496687042e-03
268 4.4974625762146e+04 1.4579973819787e+03 -3.5444202930305e+01 2.7220917754708e-03
269 4.3323092382712e+04 9.4872973370430e+02 -1.6648873699708e+02 1.8123048616414e-03
270 4.3158017537751e+04 6.8913191830434e+02 1.7532097937547e+02 1.5934030288526e-03
271 3.6392343719257e+04 3.2300496834697e+03 1.6551776977428e+02 3.5559464768257e-04
272 4.5120927250485e+04 3.3454884368607e+03 1.6540602122544e+02 1.6260256288711e-03
273 4.3169792011977e+04 3.0168637832147e+03 9.9116540808351e+00 2.0877461047347e-03
274 4.4530697185618e+04 3.6319115085004e+02 -3.6405927849104e+01 6.0300408144636e-04
275 3.6736722500990e+04 1.4769319161796e+03 1.7781642995781e+02 2.0914575682479e-03
276 3.8455124847698e+04 1.1482712527294e+03 -4.7883619253488e+01 1.3751457714045e-03
277 3.7930941255248e+04 1.7479430037198e+03 8.0106379413951e+01 2.1952667731313e-03
278 4.0984534250489e+04 1.4645303402183e+03 1.7107480623165e+02 2.8266121035682e-03
279 3.9116422801964e+04 2.6911223806720e+03 1.6213795171892e+02 2.3442409831557e-03
280 3.3652950597823e+04 2.8886668358399e+03 1.5600008616044e+02 1.1622367018434e-03
281 3.5279871641893e+04 2.3752703868343e+03 -2.4716135142456e+00 2.5447192584194e-03
282 3.5105021320421e+04 3.0774441496668e+03 1.6036440081007e+02 1.0180750026546e-03
283 4.3183309798899e+04 2.2938187904256e+02 1.7542619261748e+02 4.7504479404473e-04
284 3.5693126429246e+04 2.5688140760369e+03 -1.4618693818714e+02 4.7413880683106e-04
285 3.9508616905434e+04 1.0338061039033e+03 1.6486083449359e+02 1.1368918983165e-03
286 3.9182004806546e+04 2.3304472686690e+03 1.1015470490238e+02 2.8972432884711e-03
287 3.8975318874888e+04 1.1578555431997e+03 -1.1481241804741e+02 1.4208815628310e-03
288 4.2514778186156e+04 1.7449520731573e+03 -1.7776459577552e+01 6.5007573839405e-04
289 4.2254175499388e+04 7.1387783577187e+02 1.6812583011128e+02 2.4257428696105e-03
290 4.2905738977515e+04 1.6017846629382e+03 -4.6129370168970e+01 1.1770416972652e-03
291 4.1466296267649e+04 2.4705062984158e+03 1.5519645398140e+02 2.4150143032806e-03
292 4.3902134752309e+04 2.2154121987335e+03 5.8008513791420e+01 1.0659082303620e-03
293 4.2334474832012e+04 3.7464201017794e+03 1.5894663880950e+02 8.3455843207396e-04
294 4.3002982255247e+04 2.4503360418018e+03 1.4680749823996e+02 2.4760983136826e-03
295 4.3613833528420e+04 1.3050939261809e+03 -1.6971168338441e+02 1.2198227551270e-03
296 4.6191183081170e+04 8.8860700008389e+02 -1.4999272694094e+02 2.4271671997725e-03
297 3.8556953890398e+04 1.9034398620497e+03 -2.6440459998214e+01 1.9330445991309e-03
298 4.1234310336380e+04 2.2321894390166e+03 -1.0243273386922e+02 8.9172033423236e-04
299 4.2734684167293e+04 3.3068574538699e+03 -1.5111932397520e+02 3.7588576744739e-04
300 3.8140081419374e+04 3.6929752961696e+03 -1.6956658672121e+02 7.6905155778237e-04
301 3.8653350924596e+04 2.9117590996550e+03 1.6434999781596e+02 8.7244415719964e-04
302 3.9458759190922e+04 1.9633493557375e+03 -1.7951070827047e+02 3.5746573450131e-03
303 3.9792194727969e+04 2.1258880535751e+03 4.0834085864123e+01 2.8542837301889e-03
304 3.9931943772170e+04 2.9373448689715e+03 1.2396383215628e+02 1.7391549803699e-03
305 3.8739688153405e+04 2.6148518996956e+03 1.5476591588288e+02 2.4448640952312e-03
306 4.1976791307982e+04 1.1480619526239e+03 -8.8475595055849e+00 3.0611122005490e-03
307 4.2242645453973e+04 5.5353528942246e+02 9.7723167015428e+00 1.9971750490898e-03
308 4.0724286582790e+04 1.3084346735076e+03 -7.2223613514016e+01 3.4173543322899e-03
309 4.0299242251806e+04 2.1741122490471e+03 -1.4492835372494e+02 1.4077167578880e-03
310 3.8038210017289e+04 2.6884036271057e+03 1.5265649285310e+02 2.1296926846104e-03
311 4.0293612659280e+04 1.7067854742383e+03 -1.6849462107557e+02 1.0337392995611e-03
312 4.3152718771530e+04 1.4432997666063e+03 1.5632803613165e+02 3.5110248791537e-03
313 4.2652763799349e+04 1.5739618498643e+03 1.6443954380966e+02 3.2643854082213e-03
314 4.0669608152193e+04 2.3300112111945e+03 9.6534866101437e+01 8.7826259772062e-04
315 3.6710312344381e+04 2.9180590517584e+03 1.6337756109311e+02 1.7751861323016e-03
316 3.8870808955379e+04 3.2915207785558e+03 1.5454046755680e+02 1.2364067996425e-03
317 3.7834130655789e+04 3.5551074877093e+03 1.6718921331872e+02 7.9881664253488e-04
318 4.0140672397255e+04 2.1351979245880e+03 1.5568958122494e+02 3.3188546661610e-03
319 3.8094776774208e+04 2.7274770130033e+03 1.7495019589406e+02 2.1404595057943e-03
320 3.7704998310196e+04 4.5318465418457e+03 1.6867345030127e+02 3.8271560745855e-04
321 3.8574854162011e+04 7.2678657701921e+02 -1.4084019250331e+02 3.3391473125581e-04
322 4.2016773530341e+04 2.3604800083024e+03 1.7875563224163e+02 1.6612082947574e-03
323 4.2656831912625e+04 1.9767619745490e+03 5.6235656765343e+01 9.6593138983690e-04
324 4.0907501785986e+04 3.1399010425936e+03 1.7460480368207e+02 4.8356561916166e-04
325 4.1492022254331e+04 3.0472575470298e+03 8.4647689716456e+01 1.0925830007849e-03
326 4.2366424820459e+04 1.9089261456628e+03 1.7244880509570e+02 8.8812616835535e-04
327 4.1163535418146e+04 1.8382085217061e+03 1.6793269528236e+02 1.8635038847767e-03
328 4.3157115354082e+04 2.2631006225346e+03 2.6580404886819e+00 3.2746310778771e-03
329 4.3118293964080e+04 2.3885921978792e+03 7.0683211395695e+00 2.8150528464815e-03
330 4.3532835526289e+04 2.3054070945330e+03 1.4550108256243e+02 2.8320772236291e-03
331 4.3720205529593e+04 9.9975214088257e+02 -1.5366264379899e+02 1.4419175103440e-03
332 4.2625541478051e+04 2.9103902166697e+03 1.4641421437676e+02 2.0242216447366e-03
333 4.2991142635528e+04 1.9673842161033e+03 1.7256126566263e+02 2.9377034164157e-03
334 4.5552379986746e+04 1.9115892011618e+03 1.6313885888023e+02 2.4891175006759e-03
335 4.4208613246659e+04 2.2617823886953e+03 1.6582269789099e+02 3.2766788902793e-03
336 4.2737604901191e+04 8.3369298585896e+02 -1.7062473872445e+02 1.5005264336396e-03
337 4.5143456240538e+04 6.5054958450413e+02 -1.4069258885049e+01 1.2726626607854e-03
338 4.3279848388451e+04 1.8879638322866e+03 -1.5766799828422e+02 3.1089297449503e-03
339 3.8924991665434e+04 2.7944293054900e+03 1.6855836452344e+02 1.0589713801184e-03
340 4.3969964427533e+04 2.4733292029494e+03 -6.9885198842157e+01 2.2835778976515e-03
341 4.1578895085937e+04 3.8889685506672e+03 1.4581306395880e+02 7.1212020594895e-04
342 4.1676253018636e+04 3.6132881485572e+03 1.6850080065733e+02 6.9146487939692e-04
343 4.2004751614701e+04 4.9575050003215e+03 1.2777606740192e+02 3.5827367295385e-04
344 4.4828092376608e+04 3.8397688166263e+03 1.2026895206984e+02 9.0344431070815e-04
345 4.5780461420096e+04 3.0160532030634e+03 1.6853558178528e+02 2.3205736636294e-03
346 4.5561308111957e+04 2.9041455410897e+03 -1.4049430026391e+02 2.5178262765793e-03
347 4.3918002043916e+04 7.6191751132955e+02 -1.5144253332997e+02 8.1553049648895e-04
348 4.3762417668740e+04 7.7423633981559e+02 -1.3556714684825e+02 1.7351210803712e-03
349 4.6502461204308e+04 2.0718190047148e+03 1.7725951623670e+02 3.5179007649973e-03
350 4.5850499354884e+04 2.2664675768972e+03 1.5734146569179e+02 3.4520785803188e-03
351 3.8122727124640e+04 3.7545168451928e+03 1.5682103047124e+02 7.0143325320260e-04
352 4.4104067791375e+04 3.2330378580968e+02 1.7203199914867e+02 1.2908779426574e-03
353 3.8463852676019e+04 1.9636445687497e+03 -1.7544786966497e+02 1.3572662764775e-03
354 4.1406844417416e+04 2.1811211620652e+03 -4.3123152098337e+01 3.4503860194230e-03
355 3.9886241173973e+04 2.4008300047194e+03 1.5262086613150e+02 2.9480631812843e-03
356 3.8809091188833e+04 2.1180526172643e+03 1.7704222596334e+02 6.9128463621381e-03
357 4.0765146289179e+04 2.0543632959898e+03 8.3956022970981e+00 3.3898708764815e-03
358 3.8152903631313e+04 1.9230623853602e+03 1.4191275839787e+02 3.5609796931747e-03
359 3.7957628715564e+04 2.8000541973720e+03 4.7118844573570e+01 1.8743256501832e-03
360 3.8925828691033e+04 1.1891644076428e+03 -1.1415555313602e+01 2.3074329090629e-03
361 4.0790610540890e+04 1.6197620175753e+03 1.6615828566750e+02 2.6229127237815e-03
362 3.7641622945785e+04 2.8675363444068e+03 1.6042556629411e+02 1.9391658326233e-03
363 3.5862829588706e+04 2.0146093145994e+03 -6.3475806998986e+01 5.8681848722663e-04
364 3.8468341941073e+04 1.8564765367147e+03 1.2067746261100e+01 2.0170361975539e-03
365 4.3851236845127e+04 2.5589144988345e+03 5.1948084104667e+01 2.5816021721797e-03
366 3.8329002643203e+04 3.5854265216220e+03 1.4379371010070e+02 5.4684151467368e-04
367 4.1811331131246e+04 2.0680752892210e+03 4.8711165737462e+01 3.3194958517600e-03
368 4.2095585561313e+04 2.9336807506941e+03 -3.0246254535187e+01 2.1365025141487e-03
369 4.1244562242397e+04 1.5813431761129e+03 -1.7705816569129e+01 3.3188065355598e-03
370 4.1128067597657e+04 1.6647841655363e+03 -1.2382549608833e+02 3.6051206120289e-03
371 3.9616879252419e+04 2.2522298274387e+03 1.7072271295543e+02 1.8740249067113e-03
372 4.0558341956701e+04 9.2695761410937e+02 -1.7946215970522e+02 2.9123845097442e-03
373 3.9564442672397e+04 2.5198695777419e+03 5.4568704291986e+01 2.5816002993710e-03
374 3.7178267371516e+04 2.1396190666170e+03 1.7108309748696e+02 3.4127013781547e-04
375 3.9451506370007e+04 2.7573556085082e+03 1.3575747554974e+02 1.8485888843164e-03
376 3.8602342476362e+04 2.3026857811977e+03 -1.6266762967636e+02 1.1791329339058e-03
377 3.7539526294300e+04 3.1832567012947e+03 -1.2811334088948e+01 1.1376368330073e-03
378 4.0204646765044e+04 2.3493767411921e+03 1.7402796785247e+02 3.0930112674301e-03
379 3.7442185361819e+04 2.1117771279275e+03 -1.7309445305501e+02 5.9500678389918e-04
380 4.1032044888643e+04 2.0903962514515e+03 1.2712548245492e+02 8.8034476502133e-04
381 3.9480799745797e+04 2.9547929055805e+03 -1.5625035628235e+02 1.3915974974303e-03
382 4.2988684102475e+04 3.0802873520773e+03 -6.4861505728882e+01 1.4575770291076e-03
383 4.0367625533441e+04 1.6276043360344e+03 1.7087888779255e+02 3.5805915891967e-03
384 4.1415718728248e+04 1.2944226936340e+03 1.6069666993965e+02 3.1564659038998e-03
385 3.7968156162369e+04 1.5686625066580e+03 -6.8863136812501e+01 1.0566193725163e-03
386 4.1514967353293e+04 2.8094580935175e+03 -1.6288945765019e+02 1.4644170441798e-03
387 3.8687505892841e+04 4.2715885564200e+03 1.5999175028874e+02 3.6229794449905e-04
388 3.9928628371549e+04 2.5969572944731e+03 -4.2711213894027e+01 1.6342661608409e-03
389 3.9334218160573e+04 1.7933704727845e+03 -1.6763973372247e+02 3.5394470939682e-03
390 3.9673144482907e+04 2.5944054502623e+03 -7.1194028171201e+00 8.6508954527365e-04
391 3.5080908792195e+04 1.8211227313031e+03 1.4173459037249e+02 2.6601484625506e-03
392 4.0619612626452e+04 3.1862217454312e+03 -1.5940229531857e+02 1.0604915138094e-03
393 3.9064956597765e+04 2.8306152736687e+03 -2.7701385328113e+01 1.1281599581042e-03
394 4.2684848331025e+04 1.8535395143895e+03 -7.8775106980081e+01 1.9432752754167e-03
395 4.0653549309038e+04 3.8965223816639e+03 1.4772382716966e+02 6.6957073020761e-04
396 4.2141046015675e+04 2.4750127091310e+03 -9.4331651636309e+01 2.6845084747645e-03
397 4.2118805159614e+04 3.0576872956202e+03 -1.4268096741465e+00 1.8644726041990e-03
398 4.1102658396524e+04 1.9593085101277e+03 -1.4979786123509e+02 2.3958415968130e-03
399 4.3937869941338e+04 1.4614459845617e+03 9.5809835112401e+00 3.1979460946587e-03
400 4.0845104151270e+04 1.4325373871356e+03 1.6411829873616e+02 2.2061797777423e-03
401 4.2755918773769e+04 1.8972582096173e+03 8.5401973818783e+01 3.5419755944441e-03
402 3.7286734887013e+04 2.8885417964751e+03 -1.5669750883451e+02 5.8316595493330e-04
403 3.9076153670632e+04 1.9937703423495e+03 -2.7373274050304e+01 1.8944461092905e-03
404 3.8421168017071e+04 3.0442059160138e+03 1.6067276273810e+02 1.5278048972443e-03
405 3.9518509260605e+04 2.2357986259372e+03 1.6603296736007e+02 2.9602713678334e-03
406 4.1347102587514e+04 2.2547574089384e+03 1.2783348873381e+00 2.4850274591113e-03
407 3.7155050112679e+04 1.1530087317597e+03 -1.7856595171419e+02 1.7305108339598e-03
408 3.5664437551561e+04 1.4849709578819e+03 -4.1612060208484e+00 5.0932369946188e-04
409 3.8938134126193e+04 1.2187752924709e+03 1.6983946053776e+02 2.8064649844836e-03
410 3.8332452091753e+04 1.7809073153271e+03 1.6261835925509e+02 3.6453158989581e-03
411 3.8168101691305e+04 1.3602779611964e+03 -1.1148209627776e+02 3.0321227445480e-03
412 3.3906712573143e+04 1.1153921959570e+03 1.6952124931203e+02 3.3812885909397e-03
413 3.8144984790538e+04 3.6367564885823e+03 -5.0218206982708e+01 6.7777291952552e-04
414 3.7202743870867e+04 1.1590716119288e+03 1.5362065215509e+02 2.7692767577071e-03
415 3.8284235508066e+04 1.2935029337268e+03 -1.6849471164234e+02 3.5845677016022e-03
416 3.8675478432719e+04 1.7557468276514e+03 -1.6219963547336e+02 3.4907212467268e-03
417 4.2689929370284e+04 1.7885183757273e+03 -1.7299585132501e+02 3.5038619555684e-03
418 4.3096161047797e+04 1.6928640918892e+03 -4.7035765713320e+00 3.6274286413280e-03
419 4.2240515949734e+04 1.1246046460357e+03 -5.5059040846490e+01 3.2014961861914e-03
420 4.2705662114519e+04 1.8506034594388e+03 1.4723629612993e+02 1.0334981749303e-03
421 4.2847231587145e+04 1.0745661285665e+03 -1.5238472615520e+02 2.2731279279319e-03
422 4.2472607134700e+04 1.2842416406377e+03 -4.6788426391882e+01 1.9820707223562e-03
423 4.2077699130995e+04 3.1920720513101e+03 1.4677831868774e+02 1.5852509659144e-03
424 4.3393196152470e+04 1.9123865107093e+03 2.8639404044312e+01 1.9108532172061e-03
425 3.9932094700785e+04 1.6678390625622e+03 1.4000822138991e+02 5.0762111244376e-04
426 3.8905082453855e+04 3.6021507120563e+02 1.6518479434951e+02 3.3720158773973e-04
427 4.4486749818353e+04 2.5765887936634e+03 1.3237435346666e+02 1.6302306641764e-03
428 4.1525280416206e+04 2.2034393437115e+03 1.7251189003359e+02 3.0619676072165e-03
429 4.1859459523646e+04 2.4152089017246e+03 1.6642090823562e+02 2.7353334811712e-03
430 4.3398762250325e+04 1.9308658623650e+03 -2.4906354283643e+01 1.9753323850846e-03
431 4.3862393757674e+04 1.9924338242385e+03 3.4443656002307e+01 3.5672018571087e-03
432 4.1742064897165e+04 2.4699653560422e+03 1.5748702099896e+02 2.6573916904399e-03
433 4.1482831904249e+04 1.7766693254092e+03 1.7457824663798e+02 5.5208908868118e-04
434 4.3077340593056e+04 2.2735897647197e+03 1.6530251350427e+02 2.2866694911505e-03
435 3.0562161844453e+04 4.0101012259938e+03 1.5904149438322e+02 4.3164127149489e-04
436 3.2366429785696e+04 2.9944831452956e+03 -1.3757816540541e+01 8.5562475529821e-04
437 3.7059835342700e+04 2.3907104788661e+03 -1.6442030222327e+02 1.1519679377388e-03
438 3.8741057489691e+04 2.5765244173329e+03 1.3687158430643e+02 2.3005092527656e-03
439 3.6782156382235e+04 1.3437754085422e+03 1.5910798947940e+02 5.5528465661954e-04
440 3.6132461848271e+04 2.1745089579620e+03 1.4798946039151e+02 8.7802905063893e-04
441 3.6244927278507e+04 3.3514744240071e+03 1.2475784306121e+02 1.0565285164393e-03
442 3.0938394507774e+04 3.2963336487302e+03 1.6190100270516e+02 3.8549100469790e-04
443 3.4736129624710e+04 3.3209881901977e+03 1.7913772017497e+02 1.0186167469835e-03
444 3.2910033584284e+04 2.9111705113500e+03 1.6672742580904e+02 8.0298551423697e-04
445 3.4418278965687e+04 2.0796630298872e+03 -1.0527538014597e+02 2.4461197845477e-03
446 4.1324724753108e+04 1.4972742520776e+03 3.3536062835876e+01 2.3214107494585e-03
447 4.0484119380260e+04 2.9699318704208e+03 -8.9766965595049e+01 1.6782817849141e-03
448 3.7760164003086e+04 1.8840773750308e+03 -1.3019587314026e+02 2.8721576183895e-03
449 3.7282453590016e+04 2.5640389083889e+03 1.7052627341256e+02 1.6680673742661e-03
450 3.9076941725776e+04 2.0038415851569e+03 -1.7057552467096e+02 1.6248969889087e-03
451 4.0473135054017e+04 2.4365964779175e+03 -1.7364357342904e+01 3.0184105051246e-03
452 3.9134264216299e+04 2.0054034977524e+03 1.4915451369296e+02 2.2160667106387e-03
453 3.7720906300651e+04 1.3822622407483e+03 -1.3441654984613e+02 4.1093699211978e-04
454 3.9755032178466e+04 2.9473062214113e+03 1.4848420609355e+02 8.8948838753324e-04
455 3.9492642885255e+04 1.8545946723672e+03 1.4245000271472e+02 3.6421332634312e-03
456 4.0207022107747e+04 2.1414769999035e+03 -2.5515782774222e+01 3.3407542543572e-03
457 3.9224637538387e+04 2.9336688248432e+03 -1.5036822554683e+02 7.9453000676003e-04
458 3.7574658656934e+04 6.0491065538289e+02 -8.3636387567487e+01 7.5907252467189e-04
459 4.1288200694713e+04 9.1046631455447e+02 1.7869123384261e+02 2.8842027324942e-03
460 3.2454461767112e+04 2.4719116197080e+03 1.6646284291804e+02 3.7357919306160e-04
461 3.7182474060651e+04 5.9215383640369e+02 -1.1277885053631e+02 2.5070554463260e-03
462 3.4740803217562e+04 1.6669616594648e+03 1.5807410361117e+02 1.7488563707257e-03
463 3.5426425334070e+04 1.0065996960562e+03 -1.3907755868318e+02 4.2862877541587e-04
464 3.9102513499412e+04 1.7776878050846e+03 -2.4893527243058e+01 1.3199848983705e-03
465 3.5763001672246e+04 3.1061454682930e+03 1.7968517314521e+02 1.2005630323852e-03
466 3.0571760824719e+04 3.5312985636923e+03 -1.1909034547303e+02 5.1556049296690e-04
467 3.9183110029402e+04 1.5159096122674e+02 -8.3041606387156e-01 1.4843395974056e-03
468 3.6859691187564e+04 -6.0756903533937e+02 -1.6757020575334e+02 4.6998288884047e-04
469 3.6964545634732e+04 1.7562677741204e+03 5.3270548188113e+00 1.2259900268308e-03
470 3.6107016759127e+04 2.2408330084007e+03 1.7270540611704e+02 2.0703309649966e-03
471 3.8960216898290e+04 1.0444508908436e+03 -4.3820776096413e+01 1.1472736777818e-03
472 3.1805165226815e+04 2.3635255933967e+03 -1.7747848531641e+02 1.7571028839868e-03
473 3.5308154681718e+04 1.8996643301519e+03 -1.1724069877728e+02 3.0215696614231e-03
474 3.5163193952354e+04 1.9870973915546e+03 5.3570719377748e+01 3.3735418104249e-03
475 3.3076260160703e+04 3.6021770554707e+03 1.7009072870206e+02 6.1126343136076e-04
476 3.7718585912867e+04 2.7848405855141e+03 1.5929585201284e+02 1.9490190137830e-03
477 3.7330110391992e+04 3.1260073648042e+03 1.3901819680196e+02 9.4749186308888e-04
478 3.6615357798798e+04 1.4020911818017e+03 -5.9506671478630e+01 3.0012547119905e-03
479 3.3759421927574e+04 1.5537609795010e+03 -1.7137970749860e+02 2.5955823432435e-03
480 3.8037171139084e+04 -5.8759432142502e+01 -4.2033209123780e+01 1.2322388276318e-03
481 4.4462536218987e+04 2.7504788431892e+03 -1.4185935798164e+02 2.6824539063464e-03
482 4.4882377010959e+04 2.9499462206728e+03 9.4571293862061e+01 2.2555965071305e-03
483 4.3969076515523e+04 3.5568653189536e+03 1.5314832771651e+02 1.1046733249664e-03
484 4.3795686632709e+04 3.0700286661209e+03 1.6930524119313e+02 1.8744616517002e-03
485 4.1478117016089e+04 3.8484853668060e+03 1.3838989870711e+02 3.6104841750237e-04
486 4.3101450813034e+04 1.8731893192346e+03 1.0815398442905e+02 3.4942985141440e-03
487 4.3635623041881e+04 2.1539736991044e+03 1.6447849830304e+02 2.9079621777359e-03
488 4.6467842308086e+04 9.1005781041483e+02 5.0471976375916e+01 2.1472292157215e-03
489 4.4431173763921e+04 1.8652396531295e+03 1.3422594036990e+02 3.4709021836251e-03
490 4.2110881746785e+04 2.3494216924499e+03 -1.6502597769433e+02 3.2706963196791e-03
491 4.0296468828369e+04 1.2135946265792e+03 -2.5335958311382e+01 1.2812141714406e-03
492 2.8497970673807e+04 1.4783207307968e+03 -1.7599161937917e+02 3.3722561055231e-04
493 3.3501093309387e+04 2.6935995919707e+03 1.4903524390531e+02 1.2071296108710e-03
494 3.1495835126652e+04 2.5844306950603e+03 -8.6921156733037e+01 1.8867921686409e-03
495 3.1388880223831e+04 1.5777074078966e+03 -2.5589136450186e+00 6.5515079980292e-04
496 3.1971214552314e+04 1.6524214965374e+03 1.5288090618721e+02 3.1434505378253e-03
497 3.2893727526288e+04 3.3083098746025e+03 1.4221214449602e+02 9.2543312478252e-04
498 3.4584000509861e+04 2.4901521859053e+03 -1.4967796510137e+01 2.3844857294175e-03
499 3.2995616471007e+04 3.8359492341841e+03 1.4512640215160e+02 4.6089454914790e-04
