0 4.3419047690213e+04 4.4228892246926e+03 9.8074064807715e+01 3.7861252474764e-04
1 4.5701445928491e+04 1.3910230897739e+03 8.0743254591390e+01 3.3159580851746e-03
2 4.7943206404168e+04 5.0422321150735e+02 -5.9959233038061e+00 1.5176075525036e-03
3 4.5433329962500e+04 1.1176588448820e+03 1.6814502172493e+02 2.2863358645791e-03
4 4.4385018305588e+04 2.5719707019194e+03 -1.3077893988636e+02 2.7886373364172e-03
5 4.0360098556709e+04 3.1660077502966e+03 -1.7569018768807e+02 6.8428895038180e-04
6 4.3697507299446e+04 1.7993756442905e+03 3.2748354250255e+01 1.7585111903950e-03
7 4.3606628412172e+04 2.0624717975553e+03 -1.7723551288779e+02 3.7261870927236e-03
8 4.5696793701390e+04 1.5753456844261e+03 -5.2571811567008e+01 3.2171794843185e-03
9 4.7637244202193e+04 2.0444020459726e+03 1.5393379953714e+02 2.6891959239779e-03
10 4.7564432127055e+04 3.1099355666867e+03 1.6253690519998e+02 9.3739682282600e-04
11 4.7118275325649e+04 3.4013249249736e+03 1.3718728079950e+02 1.6000722931344e-03
12 4.9529532719723e+04 2.2676042024468e+03 -1.1063445553376e+01 1.3975825970587e-03
13 4.5811343883265e+04 4.0371229561019e+03 1.4793479747130e+02 7.0358710545560e-04
14 4.5672751917926e+04 1.8335693754746e+03 -4.4616132824866e+01 2.2196828677357e-03
15 4.5387873640634e+04 2.0279286621925e+03 1.7069177093140e+02 3.7156143419705e-03
16 4.3350260508040e+04 2.3410886859643e+03 1.5716845050368e+02 2.8792664133455e-03
17 4.5629123395374e+04 1.8349929826752e+03 7.7637145728537e+01 3.7245412033756e-03
18 3.8373894468055e+04 4.1541373814539e+03 1.3100351472953e+02 3.8126241130365e-04
19 3.7780264384412e+04 1.6391257333265e+03 -1.0943488946960e+02 3.8778329419967e-03
20 4.0494759187136e+04 1.0703392175519e+03 -1.6651431751644e+02 3.4416797007199e-03
21 4.0644029468329e+04 5.2310970066530e+01 -6.4203158128832e+01 1.2555393952027e-03
22 4.0208855507983e+04 1.3839003503242e+03 1.2254442893833e+02 3.7098897394250e-03
23 3.6811868694494e+04 2.8903610233430e+03 1.6716745891616e+02 1.7649335678021e-03
24 3.6647352968319e+04 2.0613549210894e+03 -1.7160176142458e+02 3.3471897276999e-03
25 3.7215017659872e+04 2.5649299796426e+03 1.7210771639570e+02 2.6327511559353e-03
26 3.9132950747904e+04 1.7729758257259e+03 -8.6430866787439e+01 2.8569090503220e-03
27 3.6841069203934e+04 3.7064676376851e+03 1.4371498605781e+02 6.4218372750361e-04
28 3.4492664712031e+04 2.2408942559681e+03 -1.7989138183084e+02 3.0071259250526e-03
29 3.3113125430469e+04 2.6261948684616e+03 1.6376544347502e+02 1.1756946350994e-03
30 4.0868499533132e+04 1.3840162611051e+03 -3.8693582289981e+01 3.2778288851830e-03
31 3.8037091416418e+04 3.1515576790480e+03 -1.4490793175879e+02 1.0021999331290e-03
32 4.1215403005791e+04 6.5792231860539e+02 -1.1254803148689e+02 2.5654815124628e-03
33 4.0825464896890e+04 1.2208511964629e+03 1.5146277196399e+02 2.8844650162743e-03
34 3.9941863674693e+04 5.8357484958499e+02 -1.4226054699895e+02 2.3216435582254e-03
35 3.9681553355554e+04 1.6188237168494e+03 1.5941068464355e+02 3.0146966096356e-03
36 3.8770621504252e+04 2.0437634208162e+03 1.6074186763192e+02 3.6631223979964e-03
37 3.7731022065339e+04 3.2356752818086e+03 1.7056953055299e+02 1.0391289226725e-03
38 4.2804752847330e+04 1.1344663914809e+03 -9.3741423471915e+00 2.3129049667038e-03
39 4.2291306113165e+04 1.7809687529973e+03 1.1699163758535e+02 3.8091580333163e-03
40 4.2063930464429e+04 1.4632273951734e+03 8.5241475237329e+01 3.4243785868088e-03
41 3.9800730320271e+04 2.6657796424366e+03 1.7464821786068e+02 1.6388368874677e-03
42 4.3743370477347e+04 2.0235325758174e+03 -9.1719641051035e+01 9.2464807533251e-04
43 3.8039091856867e+04 2.1599399125468e+03 1.3965525397415e+02 3.3153451303996e-03
44 3.7695488349513e+04 1.6806133220552e+03 1.7301660735147e+02 1.8759971429839e-03
45 3.5956570839178e+04 2.6843168270576e+03 -1.0053831955854e+01 2.2523557111390e-03
46 3.6769604416706e+04 3.3049329938856e+03 1.4947435873409e+02 1.1858945471240e-03
47 3.5341545596584e+04 3.6659957495372e+03 -6.1009064078104e+01 5.6866200650961e-04
48 4.0691325033693e+04 1.7038461547737e+03 1.7153444836931e+02 3.6576090721559e-03
49 4.0483989840121e+04 1.4239964469941e+03 -1.4483107974093e+02 3.8188540532024e-03
50 3.9575474276421e+04 4.2250444003446e+03 1.3098359344980e+02 4.6436755233994e-04
51 3.5963552542354e+04 1.4154957938254e+03 1.5536345312316e+02 2.3539302757184e-03
52 3.3223761206499e+04 1.9191524099381e+03 -1.0830379685405e+02 1.8584378365468e-03
53 3.1778269561174e+04 2.3963987106902e+03 1.7402209280626e+02 5.8212634758657e-04
54 3.3311140061743e+04 2.5722011716255e+03 -1.4716152125306e+01 2.2828837924696e-03
55 3.9084421284074e+04 2.2287361417943e+03 1.4878511515542e+02 2.7391929954763e-03
56 3.9678494010612e+04 1.4078248305579e+03 -1.2334695276463e+02 3.7491477241503e-03
57 3.3069174885916e+04 4.0702655347621e+03 1.5587307855036e+02 4.4484031206982e-04
58 3.6241586874398e+04 9.5519316549328e+02 3.5729719193497e+01 2.9965289787527e-03
59 3.3207740350861e+04 2.0340637677776e+03 1.4899596003830e+02 3.1930268638870e-03
60 3.6855698173891e+04 1.8597534062030e+03 4.8207645784385e+01 3.3506400600030e-03
61 3.5157727140634e+04 2.0171194048623e+03 1.5408980063385e+02 2.0746191342182e-03
62 3.6653308973646e+04 6.9607170094430e+02 -1.1126994563311e+02 2.8214587403249e-03
63 3.6175191798259e+04 1.1028942708865e+03 -7.9722758714087e+01 3.7044933763692e-03
64 3.3363246644378e+04 1.9074315416839e+03 -3.5161943847611e+01 1.7623938649484e-03
65 3.4612279774067e+04 1.4090885321252e+03 1.7649712356244e+02 2.7820923040116e-03
66 3.3127521537208e+04 3.1563809297136e+03 1.7915115920563e+02 1.1137633848960e-03
67 3.0323138755989e+04 2.2345962218340e+03 1.6116962366377e+02 3.7043638379171e-04
68 3.7728534529616e+04 2.9155594396608e+03 1.2097249076131e+02 1.6674484693067e-03
69 3.6340139130985e+04 2.3732859025997e+03 3.3241208416285e+01 2.8899463797552e-03
70 3.3954907933880e+04 2.3748599130454e+03 1.6699017928541e+02 1.5261248564558e-03
71 3.4521535408948e+04 5.5099340264634e+02 -1.5411713816758e+02 3.5875889452371e-04
72 3.4041084888566e+04 2.2050892178474e+03 -1.5499963984483e+02 3.1247090710033e-03
73 3.1864333619719e+04 3.2617687618812e+03 1.4820293915075e+02 8.0572430415674e-04
74 3.7261446019315e+04 2.1206214402792e+03 1.3704412054216e+02 3.2210137669095e-03
75 3.5347572729149e+04 3.1218389380329e+03 1.5733984768936e+02 1.2332763997593e-03
76 3.8900016507929e+04 2.9177185428015e+03 1.0801472188505e+02 2.0594458365364e-03
77 3.9247804105384e+04 2.3245112846054e+03 -1.6812719333022e+02 2.9479780812980e-03
78 4.1201376843015e+04 5.9117327842720e+02 -3.6407499665688e+01 1.8535805940996e-03
79 4.2556215627987e+04 1.6321379769234e+03 -9.2183363377912e+01 3.8713678204299e-03
80 4.0717377681474e+04 2.7298069062587e+03 1.3360384286200e+02 1.4835647158017e-03
81 3.8995117951894e+04 3.0903186824356e+03 -1.6436401365800e+02 9.5771492476182e-04
82 3.9843374990846e+04 1.9857599120212e+03 -1.6691606493645e+02 1.4044677125309e-03
83 4.1225547966640e+04 1.5886405465018e+03 -6.3265024384908e-01 3.7746157844328e-03
84 4.0431225461872e+04 3.0890316158809e+03 9.9670450733404e+01 1.8459158850075e-03
85 4.0530487296239e+04 2.1626849070852e+03 1.7354689379728e+02 2.1756884771895e-03
86 4.1384782093454e+04 2.6941289421011e+03 4.0530120594195e+00 2.7406337634239e-03
87 3.9536297823713e+04 1.9568365681078e+03 -1.6852446265963e+02 3.3434762772422e-03
88 3.9525360901857e+04 3.1385651108757e+03 1.5905213410582e+02 1.6778121586711e-03
89 3.9579579118604e+04 1.0766303922502e+03 -7.5449936331194e+01 3.1006383873692e-03
90 3.9688314840349e+04 1.2370270401008e+03 9.9136046137376e+01 3.6057494915619e-03
91 3.6719114911537e+04 2.4191857733579e+03 1.6584793640192e+02 2.1514117282176e-03
92 3.3206213042879e+04 3.2502650362938e+03 2.1595173459337e+01 3.8691127380655e-04
93 3.7543188900883e+04 1.8811820484672e+03 -1.1420693392976e+02 1.7317221107811e-03
94 3.5537296273436e+04 3.3806166224699e+03 1.3401272122058e+02 8.5551198270844e-04
95 3.7805708353993e+04 1.7181164151207e+03 1.7661840052129e+02 1.5210888206518e-03
96 3.3974357544061e+04 2.1513290667218e+03 1.7558025739985e+02 2.8225316558787e-03
97 3.3964938594301e+04 2.9126254261687e+03 1.6056897926467e+02 1.1247374725788e-03
98 3.3914173552519e+04 2.4381334413243e+03 1.7599032125996e+02 2.8026911112698e-03
99 3.8244040510900e+04 2.4829370094195e+03 -5.5978414681020e+00 2.1605585672862e-03
100 3.6661707284523e+04 1.1187921794972e+03 -1.6290377864514e+02 3.6821273059307e-04
101 3.5680089089731e+04 1.8697509768407e+03 -1.1013044405326e+02 2.5731070803492e-03
102 3.8203510097295e+04 2.0588727515746e+03 -5.8242422687558e+00 7.7881204198339e-04
103 3.4473167940076e+04 2.9436283161828e+03 1.6757086916779e+02 6.3152804597158e-04
104 3.8467093583006e+04 1.9315925921075e+03 8.7537277457283e+01 3.5786610538598e-03
105 3.8183132872352e+04 -4.5810666163492e+02 -8.9458367114192e+01 6.6042475627177e-04
106 3.7365838206510e+04 2.9924620225987e+03 1.6922911926131e+02 1.0434935345321e-03
107 3.5830555112714e+04 3.4789956823519e+03 1.4702224172123e+02 9.3347498008715e-04
108 4.2240290093708e+04 2.3641131653409e+03 1.5037161230879e+02 9.7600511136806e-04
109 4.1111277415288e+04 2.0219379209302e+03 1.6665370495246e+02 2.3630928455738e-03
110 4.1084353339161e+04 2.0198364431572e+03 -8.5993469565993e+00 1.8236903799374e-03
111 3.9377584414426e+04 2.0945050410520e+03 -3.5854548922143e+01 3.6205441986558e-03
112 4.1462599735981e+04 1.4808448554543e+03 1.5748646641415e+02 3.1156334900153e-03
113 3.4097830999733e+04 2.3471694361120e+03 -8.7657846954245e+01 2.8455619403916e-03
114 3.5818308111319e+04 2.5735777267370e+03 -6.9922342475471e+01 2.4265287864067e-03
115 3.2375845294677e+04 4.2581809719127e+03 1.4334295045095e+02 4.1875076635068e-04
116 3.2790632203435e+04 2.5773012597134e+03 1.5655076745690e+02 2.0404675438998e-03
117 3.3565158764216e+04 1.5450711611152e+03 4.6746692447271e+01 3.8235659191116e-03
118 3.1374347489789e+04 1.9157023291609e+03 1.5747354867301e+02 2.5660353142040e-03
119 3.0703493738835e+04 1.9194563376116e+03 1.6402715058519e+02 1.3583973822537e-03
120 3.5414902074832e+04 1.7209980572689e+03 1.6333350788591e+02 2.5987688345599e-03
121 3.4874572965949e+04 1.9370934766035e+03 1.5816064063692e+02 3.5287815889262e-03
122 3.4065898991118e+04 1.2310485315329e+03 1.7982878886786e+02 8.3707048142998e-04
123 3.5597294349856e+04 1.7635696140422e+03 1.3268686694345e+02 3.7950622851175e-03
124 3.4287088935078e+04 1.7330652185140e+03 -1.7294966437311e+02 3.6362112365171e-03
125 3.3467114319931e+04 1.6308905564257e+03 -2.9192146042064e+01 2.2318283560150e-03
126 3.5417326840634e+04 1.3958614873769e+03 1.6433037416343e+02 3.5294663522246e-03
127 3.6819122310343e+04 3.1227882471774e+03 1.6708416510380e+02 1.2865742195600e-03
128 4.1274232941216e+04 5.9128684935239e+02 -4.4673030618366e+01 1.3250296211935e-03
129 3.7845199284879e+04 1.3387009935330e+03 -7.7539569652596e+01 3.5388601849747e-04
130 3.7503267375895e+04 2.7201451276412e+03 1.4571516227454e+02 3.9267120359085e-04
131 4.2792920125897e+04 1.6259164215398e+03 1.3615994349198e+02 2.7677916525904e-03
132 4.5676669593928e+04 1.9607007230423e+03 1.4881457752439e+02 2.9728677556879e-03
133 4.7738427512747e+04 1.8511912773893e+03 1.3549551120243e+02 3.8552776917939e-03
134 4.5106157633302e+04 3.4651454803526e+03 1.0859997987022e+02 1.3387872344367e-03
135 4.3087778189867e+04 3.1400974885380e+03 1.6508387887232e+02 1.1158544388440e-03
136 4.5848295333971e+04 2.7714909107279e+03 -1.3977671864950e+02 1.7677946018910e-03
137 4.7569847978757e+04 2.5574821548341e+03 -1.0434876836948e+02 1.0372267171119e-03
138 4.5876035431440e+04 2.2922377995664e+03 -5.8780636194918e+01 3.7270169183958e-03
139 4.5469144173713e+04 2.7487487313684e+03 -5.7428810827044e+01 2.1357644230143e-03
140 5.1827925338789e+04 8.0724179413386e+02 -1.0105158994032e+01 5.4549038678938e-04
141 4.7358826240767e+04 4.7744423980788e+02 -1.0217223606679e+02 1.5913727820946e-03
142 4.8608106948699e+04 2.0189650540286e+03 1.1718221423567e+02 1.2034534057745e-03
143 3.9777911285603e+04 1.4756782192641e+03 -8.4875578379732e+01 3.0342615000429e-03
144 3.8036248828913e+04 2.4335168602751e+03 1.5372500219573e+02 1.1730498064961e-03
145 3.3999145192035e+04 3.3239021440052e+03 1.7113450912629e+02 3.5263758549276e-04
146 3.7252950762548e+04 2.1086056924072e+03 -6.0863034638215e+01 2.4017638769387e-03
147 3.6463257210871e+04 2.9739623897905e+03 -1.7809190029262e+02 4.9925888437496e-04
148 3.9259493065553e+04 1.1060153864964e+03 -1.1629186277117e+02 1.2947692115728e-03
149 3.9812876243800e+04 1.9367986943519e+03 -1.7875661000631e+02 1.9259387647261e-03
150 3.9575985401793e+04 1.3476200433000e+03 1.5941399314390e+02 1.7308741383636e-03
151 3.8993967110168e+04 1.7306956359200e+03 -6.1932068999914e+01 3.6762021928647e-03
152 3.7825051671542e+04 2.5286902911560e+03 7.0211870856415e+01 2.4698293426016e-03
153 4.2016296979082e+04 2.2917903413274e+03 3.0366037169954e+01 2.7718432834318e-03
154 4.1226219428753e+04 1.5244171844612e+03 -1.1911683714916e+02 2.1816249842153e-03
155 4.1340687604552e+04 2.7116095162023e+03 -5.9219479067507e+01 2.5208362303118e-03
156 4.3165913471189e+04 4.5091406260393e+02 -1.6170545184381e+02 1.5821499609517e-03
157 4.4098346648772e+04 2.8920462232375e+03 1.7078546925684e+02 1.0560735324741e-03
158 4.3880398310241e+04 3.9109979474689e+03 1.1550387509606e+02 6.2317216915564e-04
159 4.2647342787921e+04 3.4212311050027e+03 1.7377869567547e+02 1.3401318616068e-03
160 4.0165116790820e+04 4.3572531527841e+03 1.5003839956505e+02 4.2577964428345e-04
161 3.9619676746446e+04 2.3771113911226e+03 1.1377425944531e+02 1.1087015804828e-03
162 4.3588505970408e+04 1.5495208872327e+03 -1.1264931128513e+01 2.8257527421453e-03
163 3.9090191054423e+04 2.7618225257669e+03 1.7350674868401e+02 1.3353814968024e-03
164 4.3418439449274e+04 8.8430420139263e+02 -7.3512871603862e+01 2.5598290534709e-03
165 4.1194155911712e+04 2.4367477325737e+03 8.9130919768741e+01 1.7151671854552e-03
166 3.8892980968194e+04 2.3577362429482e+03 -1.6931238809350e+02 4.2555088208638e-04
167 4.4387617961648e+04 2.0932064162319e+03 -1.7024629218490e+02 1.3728699638483e-03
168 4.3988298664305e+04 2.7724763667779e+03 1.6132196452589e+02 1.8743723023521e-03
169 4.4556552955934e+04 1.2103989944262e+03 -1.0221898785804e+02 2.8049552684317e-03
170 4.3607408867289e+04 2.5015954213978e+03 -1.7562788145067e+02 2.6858693116562e-03
171 4.8130875468824e+04 1.3256953598072e+03 -7.0607741922506e+01 2.4660523186525e-03
172 4.6250697785841e+04 1.5965110340235e+03 1.5230064926491e+02 2.8867697214747e-03
173 4.8170903980236e+04 1.1460712990569e+03 1.5519327390990e+02 1.4391935087591e-03
174 4.5033289537189e+04 2.8058295080601e+03 1.4054522419163e+02 1.6430701816437e-03
175 4.7548222864931e+04 1.4353634140684e+03 -2.1287659031395e+01 3.4054051399195e-03
176 4.5766097371311e+04 2.2831547272969e+03 -9.7212736600105e+01 3.4668828240736e-03
177 4.3662894933748e+04 2.2882733396708e+03 1.4633547135519e+02 2.9857497547949e-03
178 4.2383431042336e+04 3.6184494962229e+03 1.3222813607588e+02 1.0012808904747e-03
179 4.1835152731691e+04 2.5419772313576e+03 -1.6985564324505e+02 3.5309980117609e-04
180 4.4103017551852e+04 2.1657057729922e+03 -1.6124665489809e+02 3.6797252785124e-03
181 4.4798851859874e+04 1.3021333149330e+03 1.4854288589499e+02 1.4699107593318e-03
182 4.5788803473086e+04 2.3693701824309e+03 -5.1778301966101e-01 3.6440153059477e-03
183 4.4908508096644e+04 2.1153812470610e+03 -1.1786622738959e+01 3.7394033775536e-03
184 4.4269132375581e+04 2.5409732653691e+03 -1.4826247655416e+02 3.2547872661975e-03
185 4.5159557071279e+04 1.9288490858441e+03 1.5295997420495e+02 1.1891972610733e-03
186 4.5536898947532e+04 3.2314608770316e+03 4.8899787540514e+01 8.9340494869470e-04
187 4.2545726775654e+04 3.6359182778824e+03 1.5154830994257e+02 8.6717079071504e-04
188 4.4240148093458e+04 3.6359545294976e+03 1.6969189049688e+02 1.1791149248550e-03
189 4.5794098828899e+04 1.6112219153652e+03 -5.1786444674876e+01 3.8133265836210e-03
190 4.3397825747312e+04 2.3238144926163e+03 1.6477335667324e+02 3.0541425569498e-03
191 4.3580251725148e+04 3.9007624120165e+03 1.6531232182587e+02 7.2107467266550e-04
192 4.6815948458694e+04 4.2494555720216e+03 1.7594937230825e+02 1.9477925642774e-03
193 4.6927218785453e+04 2.9637562955587e+03 -1.7258380459684e+02 8.4732774884166e-04
194 4.1049033062187e+04 3.3165307746935e+03 1.4649819089401e+02 9.6824887582512e-04
195 4.1552988410492e+04 2.5633935889122e+03 -1.6509372509985e+02 3.0150470268200e-03
196 4.1723118686156e+04 2.9982589367002e+03 1.7189114810407e+02 1.3087628603335e-03
197 4.2502788999063e+04 4.1359780781834e+03 1.6310968524250e+02 5.2857353794161e-04
198 4.4473839788754e+04 2.3725035947701e+03 1.5690327049904e+02 3.2952206008938e-03
199 4.2222246025348e+04 2.8736080774461e+03 -1.1484593149477e+02 2.3722985107048e-03
200 4.5379077303725e+04 2.8990454994677e+03 1.5147611661036e+01 4.1619201281913e-04
201 4.3187760340503e+04 3.1982915252018e+03 1.6409237407223e+02 1.4266097486606e-03
202 4.3775281529273e+04 2.9698257780580e+03 3.5648182191121e+01 2.3706484509075e-03
203 4.0434912925489e+04 3.9314662645597e+03 9.4575713662756e+01 5.6538791707063e-04
204 4.0054376562544e+04 3.5278081078528e+03 -6.9900629933841e+01 1.0955951180862e-03
205 3.8679204646780e+04 3.9211312326590e+03 1.1184956338802e+02 4.2378477503084e-04
206 4.0010825887992e+04 1.8801187188393e+03 1.6923943387484e+02 1.7640751696696e-03
207 3.9926867382302e+04 2.5877288404550e+03 1.4990249646251e+02 1.9841814629567e-03
208 4.1575659089718e+04 2.5240899817361e+03 1.3249956361712e+02 2.7908350028452e-03
209 3.7967764982297e+04 3.2992388220828e+03 -1.7343301315281e+01 7.2412623555003e-04
210 4.4322660744469e+04 1.6879887689826e+03 1.3658025199212e+02 3.8498535234877e-03
211 4.3823730014394e+04 1.2929623058424e+03 -1.1291643287873e+02 3.1294440344048e-03
212 4.1050873377655e+04 2.6873977817472e+03 -1.3347355745642e+01 1.6744791299398e-03
213 4.0687888306848e+04 1.6976031478370e+03 -2.5203949542627e+01 3.8707525872296e-03
214 4.0773854574790e+04 3.3018759219286e+03 1.1753198339552e+02 1.4680310452420e-03
215 3.8467987276333e+04 2.4370089063362e+03 -1.7079286731413e+02 3.8826806860372e-04
216 4.0641789761851e+04 1.9618647553235e+03 -1.4322013291460e+02 3.8046294618228e-03
217 3.6225799958812e+04 3.1172502449911e+03 -1.7434385421294e+02 5.6256411286154e-04
218 3.8534085616365e+04 3.3763935171328e+03 1.4680054036934e+02 1.2115219466660e-03
219 4.0539770311364e+04 3.6087671017728e+03 1.4014490440680e+02 1.0016442716008e-03
220 4.0555001657505e+04 3.2620722145904e+03 1.6710445717104e+02 1.0865484139543e-03
221 4.0051876476053e+04 1.2541951955329e+03 1.0586413904095e+02 3.6589641710697e-03
222 3.9243408520101e+04 3.8024177403560e+02 -7.1736273262094e+01 1.9755205972857e-03
223 3.7870459562517e+04 3.7133528857048e+02 -1.7565563057655e+02 6.1828636072268e-04
224 3.7360168251343e+04 1.5652130194070e+03 1.4970100509706e+02 8.0419789364930e-04
225 3.4571923148829e+04 3.7921111574391e+03 1.5946878418867e+02 6.2923273955239e-04
226 3.7944023835099e+04 3.2708956169614e+03 6.7388162692277e+01 5.7365866214909e-04
227 3.7020105359683e+04 3.9584294698326e+03 1.5656518314030e+02 5.8956772201423e-04
228 3.6822295233940e+04 3.2227170637736e+03 -1.2424510217952e+02 1.3240790715430e-03
229 3.9250341140543e+04 1.1798965982776e+03 1.7984227306974e+02 3.3753192689373e-03
230 3.8966207973227e+04 8.6788355396934e+02 1.6205390435767e+02 2.2113319743364e-03
231 3.7295470157849e+04 2.7145490241020e+03 1.7903992917283e+02 2.3253993124690e-03
232 3.5975304206527e+04 2.1249213160108e+03 -1.7929017601879e+02 2.2091798545325e-03
233 3.8617957643946e+04 1.3213683985265e+03 1.5629444345452e+02 3.4336276295887e-03
234 3.8617385925681e+04 8.7470184363908e+02 -1.7874310353634e+02 2.7307040084182e-03
235 3.6417349842653e+04 6.1116193466818e+02 -3.8733753942101e+01 2.1401741040578e-03
236 3.3818083258874e+04 2.4033203656177e+03 1.5665148115495e+02 7.3718108884064e-04
237 3.5892902870976e+04 2.5922892307820e+03 1.6535999223921e+02 2.4425387971993e-03
238 3.3726802089948e+04 2.9948544944578e+03 -7.1444827552279e+01 1.1418212723955e-03
239 3.9372495990812e+04 9.0467672133409e+02 -4.8727541045704e+01 3.2438703817764e-03
240 3.7495213161920e+04 2.0283548231679e+03 1.5057140423551e+02 3.6319375835236e-03
241 3.5019377886437e+04 1.7327418973977e+03 1.7680700676484e+02 1.4621505116626e-03
242 3.7192470872080e+04 2.6173800291370e+03 1.4031604706440e+02 1.9434389067842e-03
243 3.5781380761931e+04 1.6582894154054e+03 1.6005157480308e+02 3.8507027906570e-03
244 3.4542886000223e+04 1.7661585296183e+03 1.6427780613925e+02 3.0499224090327e-03
245 3.7288991134061e+04 1.7373835672494e+03 -1.1151343875962e+02 2.1405578786184e-03
246 3.8400012645612e+04 2.4903770265008e+03 1.6095324194600e+02 2.9024591585898e-03
247 3.1537895215753e+04 2.4108160031546e+03 1.6404029101197e+02 1.8372017823949e-03
248 3.1919624012018e+04 1.8681286269079e+03 8.5048531661262e+01 1.6623409266905e-03
249 3.0249121055979e+04 2.8314949179304e+03 1.7728194108988e+02 1.4832279668009e-03
250 3.2471004981428e+04 2.2915988824352e+03 4.7538188221508e+01 1.8500020453243e-03
251 3.2595479380602e+04 2.6216751997498e+03 7.4152548068957e+01 1.9323327254445e-03
252 3.3566221915440e+04 2.0285958880335e+03 1.0106667659359e+02 3.1685488635835e-03
253 3.2158395791658e+04 2.1653940581628e+03 1.7061691410822e+02 2.7667854309837e-03
254 3.4063686309682e+04 3.1487099784766e+03 1.3677398485551e+02 1.1150751578643e-03
255 3.3761789003052e+04 2.6766976020009e+03 1.4836323869987e+02 1.3626210060396e-03
256 3.2286601295590e+04 2.6462717210269e+03 1.3117474195077e+02 2.0553284020287e-03
257 4.0619626509751e+04 2.9737364280125e+03 1.5719827193338e+02 2.0934267307873e-03
258 4.2463036225678e+04 2.7331544745312e+03 9.6171973912618e+01 3.8856138048365e-04
259 4.1673350043777e+04 1.6047380539683e+03 -3.5395594990184e+01 1.7177943301798e-03
260 3.8356286159874e+04 1.7116004446124e+03 1.7290339199199e+02 3.1205345272718e-03
261 3.8158937661832e+04 1.2569184947014e+03 -7.1747248642747e+01 4.0257381283994e-04
262 4.2962407316027e+04 1.3615220992513e+03 -1.7126416445201e+02 4.1767991346727e-04
263 4.5392713518460e+04 1.8672774960982e+03 -2.0622961208461e+01 2.5549090658499e-03
264 4.4694207777805e+04 1.3233415529250e+03 -8.6564444918710e+01 3.4790750107899e-03
265 4.0114051918136e+04 2.6142067240512e+03 -1.5776800291998e+02 1.5369106558211e-03
266 4.4524503128866e+04 3.0054210862924e+03 1.5722419739996e+02 2.1898026204588e-03
267 4.3155023694952e+04 2.8577773564021e+03 -1.3663415420997e+01 7.1653336763895e-04
268 4.3442798826273e+04 2.5512579165885e+03 1.6977113435572e+02 2.1154446702506e-03
269 4.4261828796903e+04 1.0434525401149e+03 -6.7343746566930e+01 8.0791860203487e-04
270 3.7644982853305e+04 1.6294658850570e+03 -1.7670945228933e+02 3.3517080195784e-03
271 3.8935262487856e+04 1.3046665210653e+03 -6.3838261584647e+01 3.2744304492998e-03
272 4.1486523185098e+04 1.7316890634923e+03 1.6607777828984e+01 3.4934513456684e-03
273 3.5664236734614e+04 2.5770024352475e+03 1.5415277413986e+02 2.4064639312942e-03
274 3.6212069876880e+04 2.4961997412477e+03 1.5803928677270e+02 2.7181469034726e-03
275 3.6782312124316e+04 2.8992817928750e+03 1.5983353408045e+02 1.9198876631904e-03
276 4.4926421298634e+04 1.0338350791196e+03 -9.7103338635923e+01 1.5340455601884e-03
277 3.7679626293265e+04 3.0918880028589e+03 1.5776199490998e+02 1.1160384773727e-03
278 3.8557110949214e+04 3.0998550444597e+03 1.7100301238925e+02 1.2717000959190e-03
279 3.9660884342215e+04 1.4339581890663e+03 8.8664210811930e+01 2.6486825531177e-03
280 4.0383790713701e+04 1.1130672384601e+03 1.7190425311635e+02 2.2924784858219e-03
281 3.5888821192004e+04 3.1893022421453e+03 1.4658345409970e+02 6.5050763818835e-04
282 4.1920454259188e+04 1.9851753339546e+03 1.4185131703335e+02 1.1570343464701e-03
283 4.2260716411446e+04 7.0693028126661e+02 -1.3619010445153e+02 1.9450453843396e-03
284 4.2741736870626e+04 2.1871932807150e+03 9.8282110628151e+00 7.1170591279758e-04
285 3.7942380471018e+04 1.9385984514494e+03 1.6436960446342e+02 3.6608206854021e-04
286 4.3217859924132e+04 2.0024150597264e+03 -1.2547923804783e-01 3.4726380935015e-03
287 4.4016492025266e+04 2.0793071605613e+03 -4.4363804036243e+01 2.6700790805977e-03
288 4.3753166260534e+04 2.7323918911013e+03 -1.1164604451263e+02 2.7091105202989e-03
289 4.5329006260762e+04 9.1307265479525e+02 1.2217581479902e+02 1.9920023302863e-03
290 4.6866029599057e+04 9.5706204319126e+02 -1.2220139755081e+02 2.1258247434664e-03
291 4.2194405827181e+04 1.9140625285508e+03 1.5250771278004e+02 4.6736521203950e-04
292 3.9007335559513e+04 2.1991429376780e+03 7.9947898800921e+01 2.0345876564528e-03
293 4.2814055039835e+04 2.5395222132083e+03 1.5002467310928e+02 3.0517889835773e-03
294 4.2909478417724e+04 3.4224518699319e+03 6.9621903568978e+01 8.1279712600136e-04
295 4.2128556191961e+04 3.7219823317832e+03 1.5502088660520e+01 9.5067805409472e-04
296 4.0807761297163e+04 2.9197252880584e+03 1.4914406496477e+02 2.2181984584381e-03
297 4.1474815315562e+04 1.8602330686694e+03 -4.5753321745989e+01 3.8741054253143e-03
298 4.0726938131494e+04 1.6840766820792e+03 -1.5134281792719e+02 2.3261112386480e-03
299 4.0564345268247e+04 2.7481421467587e+03 1.7046129725725e+02 2.2284563178034e-03
300 4.2942352623778e+04 1.1954050855535e+03 -2.6545787832588e+01 3.4609100902752e-03
301 4.2023934501868e+04 1.3925526913459e+03 1.6190167585019e+02 3.5604874314688e-03
302 4.0373430115653e+04 2.0938580512476e+03 -5.4641375725916e+01 3.0343665119104e-03
303 3.7456199714234e+04 3.2020952755797e+03 1.6400365551703e+02 1.2610871484132e-03
304 4.2255314482322e+04 1.4370455325437e+03 -1.7138472148949e+02 1.5501552973719e-03
305 4.4155824592818e+04 1.2904546850936e+03 2.0040449213004e+01 3.4637138566129e-03
306 4.1266565513441e+04 2.2593163948565e+03 1.5466541823463e+02 1.3515244586142e-03
307 4.1107268009857e+04 1.9502011296777e+03 1.5647943743233e+02 1.8274711800397e-03
308 3.7816112548767e+04 3.1497608145109e+03 1.5295283561098e+02 1.5279859407390e-03
309 3.8875929694842e+04 3.6953275321454e+03 1.5775996024591e+01 8.4815323953177e-04
310 4.0664742143873e+04 2.7726422171429e+03 1.6445908395604e+02 2.3802697363931e-03
311 4.2362726358988e+04 1.3746234831986e+03 -3.1961228036592e+01 1.9198652108128e-03
312 4.0126848532806e+04 1.8923277855761e+03 1.6282067748641e+02 3.4814865861516e-03
313 3.9059228931007e+04 3.7827340569547e+03 1.3211942519113e+02 7.5629553289907e-04
314 3.8615709175110e+04 2.5215651701492e+03 -2.2461325714803e+01 1.2280095474865e-03
315 4.0895884947762e+04 1.2542763926222e+03 1.7165024189757e+02 8.9834957574885e-04
316 4.3768231640519e+04 2.0799112928809e+03 1.7919433365297e+02 2.4784671438101e-03
317 4.3051135138123e+04 2.0626912736964e+03 -3.5270936150561e+00 1.0092882546885e-03
318 4.1258902222386e+04 3.1160356004167e+03 1.7706383742949e+02 4.7534720841979e-03
319 4.3705950267413e+04 1.9350902097854e+03 1.6604218110864e+02 2.1999457768754e-03
320 4.3761418987088e+04 1.4552268544838e+03 -7.8837898728367e+01 2.1352037546214e-03
321 4.2896761296500e+04 1.5508680109216e+03 -1.7433524462037e+02 5.5705362348655e-04
322 4.3279147718982e+04 2.7038568061509e+03 -3.5073479923309e+01 2.8890513473290e-03
323 3.8729287853811e+04 3.2594563768930e+03 1.4951605709604e+02 9.8384807925808e-04
324 4.5364548503294e+04 1.4741125708749e+03 1.7232003824830e+02 3.6555578865628e-03
325 4.3788110643656e+04 2.3996275174493e+03 1.7001002018901e+02 2.8546768250963e-03
326 4.1277725349403e+04 1.9281321346947e+03 -9.4429047576881e+01 1.6093121178691e-03
327 4.5819477558936e+04 1.4891031869869e+03 1.6970506484578e+02 3.5107396915941e-03
328 4.4457273653345e+04 1.1255764506036e+03 -1.7639511665680e+02 2.6564316502602e-03
329 4.4041924224265e+04 1.5935755357929e+03 -1.3155080301309e+02 3.8221330445528e-03
330 3.9769674115573e+04 3.0347646914302e+03 1.1602068630856e+02 1.1046346405357e-03
331 4.5979376586149e+04 1.4969201240598e+03 9.4757290573697e+01 3.7127751510014e-04
332 4.3719209577500e+04 2.9962565295574e+03 1.4688098746985e+02 1.9399966675418e-03
333 4.3058505765719e+04 3.5234593124565e+03 1.4474016029600e+02 1.1911790177686e-03
334 4.3815963963231e+04 3.5484182797006e+03 1.6932834680070e+02 8.1932512503514e-04
335 3.8353427228025e+04 4.0367524338064e+03 1.6399057048086e+02 4.3886201536838e-04
336 4.3385475149509e+04 3.2214167028070e+03 1.6565992349972e+02 1.8047727266290e-03
337 4.1340033548711e+04 3.0125107719548e+03 1.6297688918898e+02 4.4592837197444e-04
338 4.3991463468501e+04 4.2226106069592e+03 1.3908118357114e+02 5.1576967643198e-04
339 4.6485120923745e+04 3.0831868592385e+03 1.1588375158011e+02 2.2370024772976e-03
340 4.6185555287755e+04 3.0871109961258e+03 -1.7388350485455e+02 2.1120044461383e-03
341 4.6313787153053e+04 2.7838041622449e+03 1.4355539348717e+02 2.9899777371519e-03
342 4.4760675116967e+04 1.4105618152579e+03 -1.2734393834822e+02 2.3605708109339e-03
343 4.1947962833906e+04 2.8436847786588e+03 1.7136307638629e+02 1.7065572015556e-03
344 4.7601370115189e+04 1.7687862224819e+03 -5.7287880938380e+01 3.7695132031761e-03
345 3.9958876240202e+04 3.4917695122221e+03 1.7425031824032e+02 1.1366942276054e-03
346 4.4528764412008e+04 8.5612146529071e+02 1.6815077365442e+02 2.6396882847676e-03
347 4.0999098734063e+04 2.3502465259440e+03 1.4737480035854e+02 3.1869907442262e-03
348 4.0895628983848e+04 2.5862985261690e+03 1.4289181005462e+02 2.9328494567816e-03
349 4.0448706830751e+04 1.8550705659521e+03 -5.8092147511116e+01 3.8637530109402e-03
350 3.9152042211838e+04 1.7666819793042e+03 -1.6561330567000e+02 3.8718357665803e-03
351 3.9886852553751e+04 1.1894301330402e+03 1.6880834367982e+02 2.5927460365759e-03
352 4.0030331627686e+04 1.9985353378891e+03 1.5720812074390e+02 3.0858382419199e-03
353 3.8179754269002e+04 2.5547775896877e+03 1.5668786885035e+02 1.3124083778893e-03
354 3.9572068362684e+04 1.3757790400728e+03 1.6600963346171e+02 1.9377315973735e-03
355 4.2706675590039e+04 1.7300231021517e+02 -6.0406427041314e+01 1.4279483485540e-03
356 4.4506120585596e+04 2.4059945100965e+03 -1.8686495340771e+01 1.5524367576397e-03
357 4.1539371771189e+04 2.6473977911596e+03 1.7770149683805e+02 2.2410931700208e-03
358 4.2558287764970e+04 2.2392991065011e+03 -9.8642627320645e+01 3.5823244207632e-03
359 4.2425039568060e+04 3.1151904700060e+03 1.6321248684342e+02 4.6489493239211e-04
360 4.1062639322383e+04 1.7598667079727e+03 1.4138792233367e+02 3.0199897181457e-03
361 4.1311297537215e+04 1.6222159464048e+03 1.6036866223228e+02 3.8399947117760e-03
362 3.9592202335150e+04 2.2316434262926e+03 1.5658739387890e+02 1.9425179402139e-03
363 3.8107108748424e+04 2.6972593976234e+03 -1.7323223878115e+02 1.0222412538153e-03
364 3.9393336232155e+04 1.9393153427643e+03 -1.5865663356525e+02 9.4067760511111e-04
365 4.1000441969864e+04 2.0361558075047e+03 1.9886804517321e+01 3.7175493690407e-03
366 3.9236857873389e+04 2.7602416957401e+03 1.5693891796913e+02 1.6404416877232e-03
367 3.6946123971731e+04 3.5322503473826e+03 1.6833103769023e+02 6.6490335227855e-04
368 4.0105956693520e+04 2.8327850477175e+03 2.5371599099465e+01 2.1490071199537e-03
369 3.9108781286157e+04 2.0085200225797e+03 -1.5865713081427e+02 1.6694846378035e-03
370 4.0686553559943e+04 1.5605038373984e+03 3.7496276518179e+00 3.4926382279381e-03
371 3.9654812528662e+04 3.5715896904551e+03 1.2193652498283e+02 5.8392369298318e-04
372 4.4853858779709e+04 2.9230247576676e+03 -9.7363325410730e+01 2.2456995934783e-03
373 4.1541791556226e+04 2.7523009568760e+03 1.2875286119000e+02 6.0843587788710e-04
374 4.1858775369550e+04 1.7481376714364e+03 -1.2443102698913e+02 3.7483973122955e-03
375 3.9077546719435e+04 2.1757259773665e+03 -3.4299905799061e+01 2.4569538224296e-03
376 4.1529240578801e+04 2.7687549759421e+03 7.6345006742273e+01 1.6660195682612e-03
377 4.0647494393654e+04 2.9504453870285e+03 1.6444033590217e+02 1.3840357425689e-03
378 3.8702465406430e+04 2.8578919800629e+03 1.4610147104835e+02 1.2865107671470e-03
379 4.0604315511291e+04 2.4117429547238e+03 2.1997076336528e+01 2.3882582461504e-03
380 4.0027829959091e+04 2.3727346597576e+03 1.3220831767511e+02 1.7527592674422e-03
381 3.9588771213558e+04 2.7117715939546e+03 -1.7492817729683e+02 9.3265980227481e-04
382 3.6196514435759e+04 1.4997648277190e+03 -1.7543319508446e+02 8.4468792434455e-04
383 3.6989946893360e+04 1.6814367920657e+03 1.4380237418221e+02 2.5380672016639e-03
384 4.0129037591272e+04 2.4663494183588e+03 9.3412185139839e+01 2.5180196821034e-03
385 4.3084240614978e+04 3.9694421817399e+03 1.5915582913442e+02 4.1190453244399e-04
386 4.3439753832825e+04 1.9328010973004e+03 1.5264308026467e+02 1.7093982587397e-03
387 4.2140598618070e+04 2.5915370819872e+03 1.6767581374518e+02 2.0733633063646e-03
388 4.3307079004112e+04 2.2897795258856e+03 -1.3364043304984e+02 3.4959895449282e-03
389 4.4194290758653e+04 1.4981586054586e+03 1.6473460400582e+02 5.2603250074416e-04
390 4.3010177202111e+04 1.8585796634019e+03 -1.7665673387024e+02 3.8778329419967e-03
391 4.3185505422788e+04 1.4828002622813e+03 -1.9599242105594e+01 3.7858953004432e-03
392 3.8329025530416e+04 3.1982824622447e+03 -1.7142822930289e+02 1.4738567314305e-03
393 3.7393810692596e+04 2.8235801847346e+03 1.6146065201852e+02 4.8449593714710e-04
394 4.2412671197263e+04 2.8635267647039e+02 8.0260033158956e+01 1.4911160153718e-03
395 3.9439539897215e+04 2.1522584764717e+03 1.7768728402467e+02 3.4247667603861e-03
396 4.1291331541600e+04 2.2211327660434e+03 1.3667973180482e+02 3.3033098982340e-03
397 4.1332842823634e+04 6.2992744615358e+02 1.5697458733682e+02 6.4895229932534e-04
398 3.9050821307774e+04 5.6767975531749e+02 -3.0841808847561e+01 1.2322032684470e-03
399 3.6703486432592e+04 1.5188412739385e+03 -1.7956854832902e+02 1.8720971113030e-03
400 4.0505176164084e+04 6.6722836649279e+02 1.5775257441299e+02 2.6291079297295e-03
401 4.0163038259641e+04 1.0068943867965e+03 -5.9706770061364e+01 3.3635460152138e-03
402 3.5384076313203e+04 8.8283763064311e+02 1.1655120168677e+02 2.9702643315296e-03
403 3.3555035850645e+04 1.9034792753218e+03 1.6965144736440e+02 4.5479740261918e-04
404 3.7088304582407e+04 4.0025405423479e+03 1.5316828692894e+02 5.6828778518889e-04
405 3.8092486506583e+04 1.1486366279916e+03 -9.0394260048836e+01 2.8971553552003e-03
406 3.9703561084939e+04 1.4464481088377e+03 -1.7407671803246e+01 3.7557634061839e-03
407 3.7682812438173e+04 4.4170200411914e+03 1.7400940577802e+02 3.8310507474959e-04
408 4.2415629663013e+04 1.9878207526004e+03 -1.0117074719018e+02 3.0379246345642e-03
409 4.1587005690335e+04 3.4481616131577e+03 -1.4200064299604e+02 1.1956948026873e-03
410 4.3500004635101e+04 1.4989081773711e+03 1.6390689307299e+02 3.1094277435361e-03
411 4.3631624581031e+04 1.3871459895784e+03 -7.1332580694461e+01 3.4568828655525e-03
412 4.4022516935692e+04 2.6247918836989e+03 -1.0718148799196e+02 2.4443082184019e-03
413 4.3532494428624e+04 2.0720686875480e+03 6.3162135271541e+01 2.7968850239843e-03
414 4.1480967960850e+04 1.7350898019331e+03 -3.9326782468655e+01 1.9464194660868e-03
415 4.0699919325126e+04 9.4474903732294e+02 -9.1013554167320e+01 9.2954653965280e-04
416 4.5082696136490e+04 1.4302489164534e+03 -1.6780089789219e+02 3.3836719088772e-03
417 4.3582783586785e+04 1.9915373719710e+03 1.6921380862055e+02 3.3630737865759e-03
418 4.4187096545407e+04 1.9750773747984e+03 1.6766631153856e+02 3.6192649548558e-03
419 4.4581410787281e+04 1.5621466078019e+03 -3.3418630221476e+01 3.7792242404357e-03
420 4.3095634968522e+04 1.8040369415237e+03 -3.5445666294094e+01 2.2416266013182e-03
421 4.1544754142327e+04 1.4769618451166e+03 -2.4315749410053e+01 7.0643346059461e-04
422 3.6379927195282e+04 8.0207225267681e+02 -6.4071700183258e+01 3.5972252461532e-04
423 3.0991324720362e+04 3.1899239153102e+03 1.6891754535640e+02 7.0807527287268e-04
424 3.1293896023436e+04 1.7012236683148e+03 1.7363666413860e+02 4.3712464002982e-04
425 3.0190360055083e+04 3.8719177164504e+03 1.1089426122453e+02 4.9939302786783e-04
426 3.1537545303325e+04 1.4202932409306e+03 -1.2236072880016e+02 4.2181482965261e-04
427 3.2387606571338e+04 3.4016919941200e+03 -1.6426589406980e+02 7.4666981463827e-04
428 3.3953724072975e+04 3.3476817483225e+03 -7.4336670708487e+01 9.6193610453830e-04
429 3.8430458606370e+04 1.9197480888517e+03 -1.1843318620241e+01 2.2752937926421e-03
430 3.9166836366950e+04 1.6686607650495e+03 -1.5711044649382e+01 3.8165324389610e-03
431 3.8056673685128e+04 1.6732094204212e+03 1.3836063379962e+02 1.9043562716404e-03
432 3.7200193510451e+04 2.7265692230464e+03 1.5169156570014e+02 2.1262665724754e-03
433 3.6783150702586e+04 4.4531629452060e+03 1.3746377739469e+02 3.8777668195539e-04
434 3.3165883559595e+04 3.0600203822473e+03 1.4974254056974e+02 8.2268197712121e-04
435 3.6709799700931e+04 2.5660545329423e+03 2.8872845833658e+01 2.4145720669609e-03
436 3.4131167313677e+04 2.6603225814700e+03 -1.5425922103182e+02 8.2305377689076e-04
437 3.5164793750118e+04 2.4997954175176e+03 -1.7650683330354e+02 2.1553758400169e-03
438 3.5153666886288e+04 3.0259755464526e+03 -2.2235621758294e+01 1.4477499381334e-03
439 4.2259608020545e+04 1.0063216739980e+03 1.7003472123047e+02 1.5075956273976e-03
440 4.2017406516115e+04 2.8080628222699e+03 -4.7946189807829e+01 1.7530406860464e-03
441 3.7738751856641e+04 4.1539730593061e+03 6.3869163766696e+01 4.4963370751003e-04
442 3.8774485210593e+04 2.2553385938751e+03 1.7492526987078e+02 3.0199168747110e-03
443 3.8741450819800e+04 3.6441158315289e+03 1.4301198797661e+02 8.9044269777425e-04
444 4.0432340666108e+04 2.0828688727821e+03 -1.4386811368286e+02 3.2465363189874e-03
445 3.9457136224756e+04 2.0592102501448e+03 -1.6692807196876e+02 3.2527431555521e-03
446 3.8729530014871e+04 1.8489071162145e+03 -8.9320072198620e+01 1.1062004830682e-03
447 4.1376624221113e+04 2.0948739257557e+03 3.0616475871973e+01 2.6621211731992e-03
448 4.0971235490947e+04 1.5226018388733e+03 1.7553845286637e+02 4.3243244349456e-03
449 4.0964782063704e+04 3.6690076906739e+03 1.5599105249788e+02 8.9304768606583e-04
450 3.8711595860622e+04 2.7954662609855e+03 1.5145587418842e+02 1.1888514133171e-03
451 3.8746355829913e+04 1.0193411071717e+03 -3.2598008061990e+01 1.1117911869757e-03
452 4.2603995072544e+04 1.0945315236604e+03 -2.2597912161534e+01 2.1866253043762e-03
453 3.7979651900529e+04 3.0188934927938e+02 -1.6584874418915e+02 7.1812600212949e-04
454 3.3430767161557e+04 1.9676384084745e+03 1.7927847703562e+02 4.9452156742909e-04
455 3.4739106862950e+04 2.8809628467838e+03 3.5644267369335e+01 1.5472578778431e-03
456 3.8641165541271e+04 3.2287350448676e+02 1.0376271536534e+02 2.1067574647671e-03
457 3.4812439797633e+04 1.8734744880392e+03 1.3780666604765e+02 1.8348621541069e-03
458 3.6807208672708e+04 8.5727829737430e+02 -1.7995383006065e+02 1.1942328615017e-03
459 3.9548062889189e+04 1.8173453478028e+03 -1.7386340878718e+01 2.0787579159421e-03
460 3.6475465928151e+04 3.1436543159634e+03 1.5393602316230e+02 1.3913082456289e-03
461 3.0426716688322e+04 1.9246089001854e+03 -1.7742585368457e+02 1.1073777821006e-03
462 3.1152971158317e+04 3.1229724718483e+03 1.3334753006223e+02 9.9854796746080e-04
463 2.8097946981273e+04 2.9268370169927e+03 1.6080311323157e+02 5.8161490764219e-04
464 3.9567398409166e+04 7.2579720344695e+02 -1.2177311474943e+01 2.0468906326478e-03
465 3.6633420806836e+04 2.4429506730191e+02 -1.4928288724316e+02 1.9045794681226e-03
466 3.6332034360474e+04 2.2294952448412e+03 -1.7296304284838e+02 3.2488923751819e-03
467 3.8332982082427e+04 1.7406212175153e+03 -2.7336858827554e+01 2.8613262424943e-03
468 3.3385749187508e+04 2.9392987008890e+03 1.4182679509962e+01 1.5152764645537e-03
469 3.2258822793447e+04 2.7081102384926e+03 1.4411711125433e+02 9.8421479239075e-04
470 3.6254920693234e+04 2.4049518251122e+03 8.0791936400019e+00 1.3229299067945e-03
471 3.6206202815929e+04 2.6393099216361e+03 -1.5791975652376e+02 1.6165114848682e-03
472 3.4840790764175e+04 3.0291782342545e+03 -1.7800001054032e+02 1.4255573986573e-03
473 3.3775136667292e+04 2.7984266386132e+03 1.6577138486759e+02 9.1012249436740e-04
474 3.8056839310453e+04 2.7157626148644e+03 1.4336819623976e+02 2.1990298193791e-03
475 3.8857055318687e+04 2.1574497755516e+03 8.0377847232897e+01 1.1463462407735e-03
476 3.7588526164892e+04 2.1222376655708e+03 6.4070115412632e+01 1.5562193612083e-03
477 3.5956474736900e+04 2.1223885203048e+03 1.5502275724655e+02 3.3910928281145e-03
478 3.7480236391677e+04 2.0336870873602e+02 -3.8706337548041e+01 1.0813814997559e-03
479 4.6222008278231e+04 3.1214694505205e+03 -5.2685170748979e+01 2.1542395314245e-03
480 4.4999136434934e+04 2.2589887236776e+03 1.7505005400671e+02 5.1526789030246e-04
481 4.5971717502291e+04 2.8976419021545e+03 1.5573641372110e+02 2.5861052437262e-03
482 4.5319853621779e+04 2.6805786616735e+03 -1.6071683901808e+02 2.8973099182136e-03
483 5.0683841315851e+04 1.7297393873966e+03 1.5148619007989e+02 5.6780803914946e-04
484 4.3486573486773e+04 2.8829770504104e+03 -3.9707141026946e+00 8.8257409263353e-04
485 4.1730879378342e+04 2.4087772848296e+03 2.6057345129588e+01 4.6553633771755e-04
486 4.3980932775604e+04 1.5213421844295e+03 -6.2934824725700e+01 3.6752801960897e-03
487 4.1889545789463e+04 2.4341694076132e+03 1.5687489161722e+02 1.2131204514065e-03
488 4.5577852612476e+04 1.1038943891940e+03 -4.7504007703553e+01 3.1382426351463e-03
489 4.4477038307357e+04 1.9530622235267e+03 1.6410088532569e+02 1.4701795081296e-03
490 4.0522872690458e+04 2.0474102321818e+03 -3.0081286890054e+01 2.9575671119845e-03
491 3.9030020084800e+04 1.9438833439792e+03 -1.3556473818719e+02 8.6690743539669e-04
492 3.0720516987811e+04 1.8707799139728e+03 -1.4553324385667e+02 6.8720644966688e-04
493 3.4613938942513e+04 1.8663976069532e+03 1.2278049255076e+02 2.2162568160557e-03
494 3.1552407826948e+04 2.7316730044891e+03 1.6379857015676e+02 1.7446163385513e-03
495 3.1961713962218e+04 3.0991708172994e+03 1.5047542569578e+02 9.7056701178356e-04
496 3.3196830583376e+04 1.7130559977790e+03 -1.7337891149130e+02 2.4470367768451e-03
497 3.2169383823356e+04 2.4984936085762e+03 1.6187751589520e+02 1.6685755130254e-03
498 3.5085170428321e+04 2.3993758657395e+03 1.2792113107833e+02 2.7977325540434e-03
499 3.4621879458993e+04 2.8186516729760e+03 3.6919415013911e+01 1.6102828141656e-03
