-1.6876660219023e+03 2.7019502272487e+04 -1.1768115103263e+01
-1.6876660219023e+03 2.7019502272487e+04 -1.1768115103263e+01
-3.0376773071453e+03 2.7183935338433e+04 1.7723912868912e+02
-2.0732802464072e+03 2.6612304774054e+04 -1.3046766166837e+02
-1.5711376646376e+03 2.5923920030261e+04 -1.7030335198712e+02
-2.3776240477389e+03 2.5922406838105e+04 1.7687015977816e+02
-1.1535466829694e+03 2.5742086176868e+04 -1.0045185880001e+01
-1.1488097378337e+03 3.0674818415799e+04 1.1700184743292e+02
-1.1871075668468e+03 3.0784371916800e+04 1.1239054614652e+02
-1.1871075668468e+03 3.0784371916800e+04 1.1239054614652e+02
8.6173809662536e+02 3.0189385429013e+04 -3.2046079364840e-01
6.4382886550195e+02 3.1336873324305e+04 -1.2782034612073e+01
6.4382886550195e+02 3.1336873324305e+04 -1.2782034612073e+01
1.6969654027974e+03 3.1193490120435e+04 -8.7653199975054e+00
1.6969654027974e+03 3.1193490120435e+04 -8.7653199975054e+00
9.7873751668684e+02 3.1405143399974e+04 8.6135456154398e-01
9.7873751668684e+02 3.1405143399974e+04 8.6135456154398e-01
-1.5880309756496e+03 2.5507660816099e+04 -2.2076413459164e+01
-8.3706355100777e+02 2.5407604041570e+04 -1.2526189785914e+01
-1.4109271194072e+01 2.6114140697290e+04 1.0457872693755e+01
7.2072405615702e+02 2.6625096904563e+04 -1.1634087748725e+01
-6.2954729054372e+02 2.9594459673036e+04 3.4791054233222e+01
-1.9090033172579e+03 2.2362252624537e+04 -1.5627607514404e+02
-1.8421641475918e+03 2.2676769708654e+04 -1.3374171125867e+02
-1.8421641475918e+03 2.2676769708654e+04 -1.3374171125867e+02
-1.3399667612750e+03 2.2607354844522e+04 -3.8962443845032e+01
-4.3280553896247e+02 2.3801868216152e+04 1.6264291115211e+01
-1.1568768534967e+03 2.5053411585363e+04 1.2296991414777e+02
-2.1575689373646e+03 2.6098591786046e+04 1.3744560305650e+02
-2.1575689373646e+03 2.6098591786046e+04 1.3744560305650e+02
-1.0242721745575e+03 2.5755384335422e+04 -1.9941685425965e+00
-2.0230435987054e+03 2.6793737070953e+04 -1.7075403087001e+02
-1.4308196619071e+03 2.6915093536957e+04 1.3500264326641e+01
1.7115638698528e+02 2.5782140516034e+04 7.2710317604572e+00
-1.4158722289440e+03 2.0816996777884e+04 -5.3193981400042e+01
4.3412812729874e+02 2.0850948636331e+04 -5.5021132078325e+00
-1.7154782978938e+03 2.3639602933739e+04 1.7962843479218e+02
-7.5799328473076e+02 2.6585497823635e+04 1.3961082894192e+01
-7.8531403088512e+02 2.9938916616006e+04 -1.8835095350201e+01
-1.4564077106335e+03 3.1318206478228e+04 1.3200826905465e+01
-1.4564077106335e+03 3.1318206478228e+04 1.3200826905465e+01
-1.1184441294481e+03 3.0974504404134e+04 -3.1342565705669e+01
-1.1184441294481e+03 3.0974504404134e+04 -3.1342565705669e+01
-5.9710941807664e+01 3.0703388046209e+04 -1.1750541267278e+01
-4.6524796992107e+02 3.0915537461156e+04 2.0079456427354e+01
-4.6524796992107e+02 3.0915537461156e+04 2.0079456427354e+01
-9.7817012280692e+02 3.1445680389519e+04 1.7109644014824e+02
-2.3829075917921e+02 3.1900721732532e+04 -1.1877114543561e+01
-2.3829075917921e+02 3.1900721732532e+04 -1.1877114543561e+01
-8.2979947840480e+02 3.0719089198487e+04 1.7464953039029e+02
-1.6772080659057e+03 3.1981545617649e+04 -1.5966508568648e+02
-3.9152832621817e+02 3.2201380362309e+04 1.4346313032467e+00
2.3658114590515e+03 3.1779794392950e+04 -8.4975434940627e+00
-1.0922756008180e+03 3.1399622264868e+04 1.1579295994604e+02
1.4094693377677e+02 3.2878935279221e+04 -1.1120312436353e+00
3.1464395817392e+02 3.2197337578949e+04 -1.6460879164271e+01
4.8237443805212e+02 3.1223228094673e+04 -1.1129037511892e+01
-1.2877151748244e+03 3.0066937070848e+04 1.4890922186523e+02
-1.2877151748244e+03 3.0066937070848e+04 1.4890922186523e+02
1.3362271936671e+03 3.2315354361055e+04 -1.6875297924828e+01
-1.1447505830491e+03 2.6771970428690e+04 -1.7699157258106e+01
-1.2347941320576e+02 3.2752944176967e+04 -1.1378197063302e+01
-1.8367312886907e+03 3.0471385493931e+04 -1.6606449976679e+02
2.8770273561071e+02 3.0261792429493e+04 -1.1596822817587e+01
-2.2148702900448e+03 3.2061501213565e+04 -1.4902676132177e+02
-2.2148702900448e+03 3.2061501213565e+04 -1.4902676132177e+02
4.5312094534222e+02 3.1526880765836e+04 -1.4254481520995e+01
-2.1332836507636e+02 3.1382552697442e+04 -4.0837054997725e+01
-1.5907505381550e+02 3.1638171600005e+04 -2.1419801053917e-01
-1.5907505381550e+02 3.1638171600005e+04 -2.1419801053917e-01
-1.7336791031217e+03 3.1531270731260e+04 -1.6497706873131e+02
-1.7336791031217e+03 3.1531270731260e+04 -1.6497706873131e+02
3.0702936990733e+02 3.1806820271956e+04 -4.3328266939671e+00
-2.7836557244074e+01 3.1667053743566e+04 1.3004322781641e+01
1.0193922375765e+03 3.1442396100239e+04 -5.1810845583795e+00
1.0193922375765e+03 3.1442396100239e+04 -5.1810845583795e+00
-4.7128337896743e+02 3.2063758149364e+04 8.0063007275146e+00
5.6751447279733e+02 3.0226591835608e+04 -1.8301197895867e+01
-1.0309453515104e+03 3.1149077019068e+04 -6.9732423691651e+01
-1.0309453515104e+03 3.1149077019068e+04 -6.9732423691651e+01
1.2378755798807e+02 3.0015771975069e+04 2.1339004403043e+01
-1.9948790810081e+03 3.2277144984997e+04 1.4817311740317e+02
-1.6634477933453e+02 3.1275919574189e+04 -4.5872001844105e+01
-9.7873883988028e+01 3.1415182141295e+04 -1.5666858351564e+01
-2.4278575416913e+02 2.9930317094302e+04 -1.9855150767430e+01
-2.5949939899037e+03 2.8029247353746e+04 -8.5049504441789e+01
-3.1844241638426e+03 2.6428533982350e+04 -7.3443194359690e+01
-1.2306643386625e+03 3.1059547620372e+04 2.1111371110645e+01
-8.5195951459389e+02 3.0738935791234e+04 -1.7569585182540e+01
-8.5195951459389e+02 3.0738935791234e+04 -1.7569585182540e+01
-2.4753157376199e+03 2.8420287537162e+04 5.2026164518965e+00
-1.5870476267095e+03 2.8255260975208e+04 -1.7803373904146e+00
-7.6630115535068e+02 2.7456089737844e+04 -1.8394084419125e+01
-1.3106335502572e+03 2.9035969171652e+04 1.1025152391005e+02
-1.1030354384651e+03 2.7377577173826e+04 -5.9380346594320e+00
-1.8945145956920e+03 3.0123820620455e+04 -5.5359593269114e+00
-1.0802520117741e+03 3.0058882640593e+04 -4.8651294931913e+00
-1.0802520117741e+03 3.0058882640593e+04 -4.8651294931913e+00
-2.0836730172136e+03 2.6964630496368e+04 7.5526006461625e+00
-8.1525710119879e+02 2.9814772965781e+04 -1.7693847211460e+01
-1.3202351960216e+03 2.4805024490655e+04 -1.2499611121712e+01
-1.3202351960216e+03 2.4805024490655e+04 -1.2499611121712e+01
-5.4574325101001e+02 2.5173347087012e+04 -3.8037096452142e+00
-1.6025783797635e+03 2.8097553569379e+04 -8.6654984591667e+00
-4.6007827691645e+01 2.9022705750553e+04 -2.5706900765325e+00
-1.7081571253229e+03 2.6957899920676e+04 1.4281049948160e+01
-1.9340654027934e+03 2.6793069825084e+04 -6.3011252196768e+01
-1.9340654027934e+03 2.6793069825084e+04 -6.3011252196768e+01
-1.4745190862098e+03 2.6348400223045e+04 4.2986175219003e+00
-1.4745190862098e+03 2.6348400223045e+04 4.2986175219003e+00
-2.2295931418845e+03 2.6447906500507e+04 8.3637700168189e+01
-1.7386113427166e+03 2.6630675346881e+04 -1.0952395579583e+02
-1.4971923166461e+03 2.6914028001147e+04 4.0350698904126e+01
-1.4611779838540e+03 2.6838843896184e+04 -1.0470051689328e+02
-1.6278012526552e+03 3.0888295261642e+04 -1.5501386531793e+02
-1.6278012526552e+03 3.0888295261642e+04 -1.5501386531793e+02
-8.6869374693302e+02 3.0836094478263e+04 -2.9422765464945e+01
-8.6869374693302e+02 3.0836094478263e+04 -2.9422765464945e+01
-1.3825174414766e+03 3.1112829112813e+04 1.5553961248342e+02
-3.8693209578629e+02 3.0264683049918e+04 -5.0824080739557e+00
-3.8693209578629e+02 3.0264683049918e+04 -5.0824080739557e+00
1.1128884041052e+03 3.0717612597082e+04 -1.2502664546525e+00
-2.1779120720960e+02 3.0753582228463e+04 -3.6811818970903e-01
-1.7122490298154e+03 3.0116938573488e+04 -3.9654972251848e+01
-4.0976367612875e+02 3.0062066417649e+04 -1.1042383385869e+01
-8.6484982417628e+02 3.0306081366970e+04 -1.1491061756124e+00
-9.3859764859719e+02 3.0665813859169e+04 -1.3271484531339e+01
-9.3859764859719e+02 3.0665813859169e+04 -1.3271484531339e+01
-1.7960492297035e+03 3.0689048935493e+04 -1.7284539127151e+02
-1.1353252045953e+03 3.1663911543035e+04 7.7097306556899e+00
-1.1353252045953e+03 3.1663911543035e+04 7.7097306556899e+00
-8.8566815943889e+02 3.1241507195142e+04 -2.9605183940732e+01
-8.7213798321015e+02 3.1256600423734e+04 9.5488425591898e+00
-8.7213798321015e+02 3.1256600423734e+04 9.5488425591898e+00
-1.3614798231502e+02 3.1091544861273e+04 -2.7459007287545e+00
-5.9177943801083e+02 3.0693035696460e+04 -3.1802874472712e+01
-5.9177943801083e+02 3.0693035696460e+04 -3.1802874472712e+01
-1.0361958176015e+03 3.0756207978444e+04 1.7894213579733e+02
-1.0666016704766e+02 3.1817568638579e+04 -1.5645445415067e+02
-1.3407033329410e+03 3.2971781519802e+04 8.7849485407695e+01
5.9560804995991e+02 3.2300681934201e+04 2.4683053540677e+01
-5.4783699029787e+02 2.9239386255368e+04 4.9319291487584e+00
-5.8684054984264e+02 2.9517867728699e+04 4.7187154598027e-01
-1.1782536389727e+03 2.9498464812566e+04 1.3715660796407e-01
-1.4840521088672e+03 3.1532344662515e+04 -1.7369413088661e+02
-1.6462567690946e+03 3.1413074652169e+04 -1.8108157366041e+01
-1.6462567690946e+03 3.1413074652169e+04 -1.8108157366041e+01
-1.4187430427136e+03 3.1242551911251e+04 -3.3166821612895e+01
-1.4187430427136e+03 3.1242551911251e+04 -3.3166821612895e+01
-1.0995045013524e+03 3.1873942597492e+04 1.5395883663403e+02
-1.0995045013524e+03 3.1873942597492e+04 1.5395883663403e+02
-2.8390721964127e+02 3.1710211462806e+04 -6.9192323166514e+00
3.4654914727011e+02 3.1878195316389e+04 -1.6171995271469e+01
3.4654914727011e+02 3.1878195316389e+04 -1.6171995271469e+01
-1.2773231758514e+02 3.1710445790980e+04 3.9546945295007e+00
-1.2773231758514e+02 3.1710445790980e+04 3.9546945295007e+00
-8.5402429812086e+02 3.1532695183152e+04 -8.0429173173355e+00
4.0581816578945e+02 3.0397788473379e+04 -1.3204002306678e+01
4.0581816578945e+02 3.0397788473379e+04 -1.3204002306678e+01
1.5435200585647e+03 3.0293337192470e+04 -8.9370716946999e+00
-1.6667892807927e+03 3.0587198055254e+04 -1.5456510197375e+02
-2.2725159106491e+03 3.0643193536473e+04 -3.6734483984900e+00
-2.2725159106491e+03 3.0643193536473e+04 -3.6734483984900e+00
-1.0115334278380e+03 3.1071558653898e+04 -2.3416706670058e-02
-9.7995681551782e+02 3.1638972211161e+04 -8.1834056635804e+00
5.5481666715980e+02 3.0461151645151e+04 -2.5383841499530e+01
5.5481666715980e+02 3.0461151645151e+04 -2.5383841499530e+01
5.3011791260435e+02 3.0539570659531e+04 -1.5217217796148e+01
-1.3457235833737e+03 3.0258056379992e+04 4.1506535006201e+01
-1.3457235833737e+03 3.0258056379992e+04 4.1506535006201e+01
-2.0865782294494e+03 3.0277924041453e+04 1.2898783352219e+02
-1.9730355398502e+03 3.0445976287517e+04 2.9050665462034e+01
-1.4310378620070e+03 2.7192490358585e+04 -2.7981823802408e+01
-1.4310378620070e+03 2.7192490358585e+04 -2.7981823802408e+01
-1.6962053821921e+03 2.8484307908796e+04 8.6835511575144e+01
-7.9762120196166e+02 3.0012571577035e+04 1.6283144324530e+02
-2.0690206591601e+02 2.9916125096506e+04 -6.2734941369236e+00
-1.0586926630898e+03 3.1595267198095e+04 2.5422565628432e+01
-1.0586926630898e+03 3.1595267198095e+04 2.5422565628432e+01
3.2581648287473e+02 3.1334524296296e+04 -7.1170457128450e+00
-1.3355261408213e+03 3.0577696549019e+04 4.7222352824298e+01
-1.3355261408213e+03 3.0577696549019e+04 4.7222352824298e+01
-1.4345024496293e+03 3.2001041866821e+04 5.6574370862632e+01
-9.2350521382076e+02 3.1954920816125e+04 2.3150129257628e+01
-9.2350521382076e+02 3.1954920816125e+04 2.3150129257628e+01
8.4133657669714e+02 3.0768008142302e+04 -4.0183912365937e+00
4.7481582573268e+02 3.0734392291673e+04 -6.6711302926874e+00
-1.5399433209004e+03 3.1032534032122e+04 -2.3376500766699e+01
-2.0148201685716e+02 3.0688339313911e+04 5.6573372580733e+00
-4.9016446590514e+02 3.0924550777483e+04 4.4844149990014e+01
-1.6127953338178e+03 3.1559598845689e+04 2.3098358726852e+01
-1.6127953338178e+03 3.1559598845689e+04 2.3098358726852e+01
-2.6346721498519e+03 3.1529084207476e+04 1.6585899384918e+02
-2.1678054217667e+03 3.1346784899961e+04 -2.7599395513811e+01
-2.1678054217667e+03 3.1346784899961e+04 -2.7599395513811e+01
6.5556589727452e+02 3.0470995636389e+04 -3.1723295551163e+00
5.2025379812132e+02 3.0218877631346e+04 -3.0510921877968e+01
2.0019245523935e+03 3.1802588263973e+04 -2.9414391122690e+00
-5.9727685213229e+02 3.2380528877596e+04 2.0053353189276e+01
-4.4095060817402e+02 3.2188816218800e+04 6.2220599202467e+00
-1.0622993703345e+03 2.7773167439168e+04 1.4789284434086e+01
-6.2244555003287e+02 3.0056467278140e+04 -9.0673777362293e+00
-1.7438143913769e+03 2.9995558411319e+04 -1.6555567267839e+02
-1.2787909914292e+03 3.0767000183078e+04 -8.7529114207109e+00
-4.1238753609502e+02 3.2540294103258e+04 1.2366204778948e+02
-3.1799228835073e+02 3.0057932867101e+04 -3.1916454890612e+00
-9.9448414507830e+02 3.0105994771065e+04 -2.2603713768548e+00
-9.9448414507830e+02 3.0105994771065e+04 -2.2603713768548e+00
-5.0893931391747e+02 3.1139836107344e+04 -2.3363619334276e+01
-1.0287769509119e+03 3.1660150257469e+04 2.4461694721047e+01
-1.0287769509119e+03 3.1660150257469e+04 2.4461694721047e+01
3.5440619958315e+02 3.0544243158570e+04 1.7365599918508e+02
3.5440619958315e+02 3.0544243158570e+04 1.7365599918508e+02
1.6753116170587e+03 3.0297233127947e+04 -1.1899417549102e+01
-1.4708144550132e+03 3.0978353835288e+04 1.6714792903691e+02
2.7287612111621e+02 3.0728898783988e+04 -7.4346493742038e+00
2.7287612111621e+02 3.0728898783988e+04 -7.4346493742038e+00
4.6756713947709e+02 3.0626287566758e+04 3.7703608419060e+00
-1.4329187160773e+03 3.0533472064351e+04 -1.7784718069134e+02
-1.6731341831697e+03 2.9621053153690e+04 -1.2456254461964e+02
-1.0652827324689e+03 3.2619698504162e+04 -1.9149594842430e+01
-7.0258197805815e+02 3.2188179564893e+04 -1.1816747551605e+01
6.7481283921210e+01 3.2281919508472e+04 -1.6714327383728e+01
2.2766807439247e+03 3.0924176951908e+04 -9.1337538619077e+00
6.3590155004427e+02 3.1109997481505e+04 -1.8036714402914e+01
6.3590155004427e+02 3.1109997481505e+04 -1.8036714402914e+01
-1.1080894684268e+03 3.1044162408036e+04 2.6764495347252e+01
-1.1080894684268e+03 3.1044162408036e+04 2.6764495347252e+01
-1.4081691124977e+03 3.0975128701639e+04 -1.7495280550865e+02
1.3655672817484e+00 3.2566114032197e+04 3.8423487609808e+01
-8.0263931264007e+02 3.1180829162541e+04 1.5457620343598e+02
-8.0263931264007e+02 3.1180829162541e+04 1.5457620343598e+02
-4.3461850927640e+02 3.0671942514775e+04 -8.6291689531179e+01
4.8330537461262e+02 3.0764246743877e+04 -1.5018224425031e+01
4.8330537461262e+02 3.0764246743877e+04 -1.5018224425031e+01
-2.2289634290450e+03 3.1163303476739e+04 1.7095083498259e+02
-2.2289634290450e+03 3.1163303476739e+04 1.7095083498259e+02
2.8356246416547e+01 3.0858231082368e+04 -7.5168546322724e+00
2.1162540795760e+02 3.0596439222740e+04 2.3287236702956e+01
-1.2529444832403e+03 3.0758453986856e+04 1.6244204675394e+02
-1.6035490282736e+03 3.0581443771633e+04 -1.7007851157143e+02
-1.3410156119541e+03 3.2217062214809e+04 -1.4879004000493e+02
4.3287759977159e+02 3.1229023524331e+04 6.0394171585732e+01
4.3287759977159e+02 3.1229023524331e+04 6.0394171585732e+01
1.0289288601322e+03 3.1413743802659e+04 1.9212691380383e+01
1.0289288601322e+03 3.1413743802659e+04 1.9212691380383e+01
-4.0189699925074e+02 3.1830007058547e+04 -2.5930609709932e+00
1.5255335745021e+03 3.2203379778950e+04 -1.5407890324009e+01
2.1728890748307e+00 3.1462665243836e+04 -2.9915503412034e+01
2.1728890748307e+00 3.1462665243836e+04 -2.9915503412034e+01
-1.0184723832456e+02 3.1959880573978e+04 3.3329696760562e+00
8.0768505862606e+02 3.1716025734275e+04 -4.6257166000746e+00
-1.0403881234037e+03 3.1816848362644e+04 -1.7936065543767e+02
-8.5660486477863e+02 3.1008166919521e+04 -1.6103739643769e+01
-8.5660486477863e+02 3.1008166919521e+04 -1.6103739643769e+01
-1.0873951741993e+03 3.1042648554704e+04 -1.7801860077827e+01
1.1026516503332e+03 3.1502714341666e+04 4.5305165564297e+00
2.8325460581293e+02 3.1395346280972e+04 2.9006636488283e-02
5.4538950242557e+02 3.0902537397345e+04 -5.2421460469151e+00
5.4538950242557e+02 3.0902537397345e+04 -5.2421460469151e+00
1.1035924298511e+03 3.0767575954067e+04 -8.4987021348559e+00
1.1035924298511e+03 3.0767575954067e+04 -8.4987021348559e+00
-1.1979429740287e+03 3.1427619978915e+04 9.1030364512352e+00
-1.1979429740287e+03 3.1427619978915e+04 9.1030364512352e+00
-1.6724349760628e+03 3.1197650954456e+04 -4.8575955841235e+00
-1.6724349760628e+03 3.1197650954456e+04 -4.8575955841235e+00
-3.1180996141990e+02 3.1668689980135e+04 5.8060185113473e+00
-3.1180996141990e+02 3.1668689980135e+04 5.8060185113473e+00
-1.7669342483657e+03 3.1560752918541e+04 -1.7658046088225e+02
2.9804037763581e+02 3.1237389147985e+04 7.7346749374640e+00
2.9804037763581e+02 3.1237389147985e+04 7.7346749374640e+00
-1.2968222375536e+03 3.1245749436045e+04 1.6361344570163e+02
-1.1105721238294e+03 3.0342449284647e+04 1.6725736843369e+02
-7.6294755484277e+02 3.2103458286614e+04 2.9298827773926e+01
-5.1140463816173e+02 3.1930300932615e+04 1.7084660807835e+02
-2.9227330270688e+03 2.9864347360714e+04 -1.6789562757696e+02
-2.9227330270688e+03 2.9864347360714e+04 -1.6789562757696e+02
-2.5396450809849e+02 3.0035376132474e+04 -4.0866481019744e-01
-1.4533114851208e+03 2.7830718776777e+04 -2.0369017906937e+00
-1.3600860352123e+03 2.9440967517375e+04 -2.4073140997089e+00
-2.6041027439054e+03 2.9092631066256e+04 3.0023843945948e+01
-2.6041027439054e+03 2.9092631066256e+04 3.0023843945948e+01
-2.0090660920896e+03 2.9101406747223e+04 5.7763375701763e+00
-1.4757472505885e+03 2.6164858329564e+04 -3.9071841967767e+01
-1.1477772632417e+03 3.1350821063109e+04 -3.2538852531298e+01
-1.1429601533066e+03 3.1509365252516e+04 -6.2025899227010e+00
-1.1429601533066e+03 3.1509365252516e+04 -6.2025899227010e+00
1.5526679040956e+02 3.0919412408768e+04 -7.7811387375722e+01
1.5526679040956e+02 3.0919412408768e+04 -7.7811387375722e+01
-6.7525979917947e+01 3.1353703065856e+04 1.5682214431813e+02
-6.7525979917947e+01 3.1353703065856e+04 1.5682214431813e+02
-1.1404224029003e+03 3.0712546034040e+04 1.8368807243696e+01
-2.0208640630281e+03 3.0589573633941e+04 -1.7854983563356e+02
-2.0208640630281e+03 3.0589573633941e+04 -1.7854983563356e+02
-1.4319068111623e+03 3.0718308834501e+04 1.6665570113251e+02
-1.4319068111623e+03 3.0718308834501e+04 1.6665570113251e+02
-1.0119201794468e+03 3.0559440808230e+04 -5.4377909348328e+01
5.3058189679490e+02 3.1537751252364e+04 1.7252355205382e+01
5.3058189679490e+02 3.1537751252364e+04 1.7252355205382e+01
1.1966062303300e+03 3.1484665306691e+04 5.7465816677571e+00
-9.1518805747130e+02 3.0890256038673e+04 5.4653422113461e+00
-2.1669418386734e+03 3.0898808977199e+04 1.6765994507108e+02
-2.1669418386734e+03 3.0898808977199e+04 1.6765994507108e+02
-1.2295344960797e+03 2.4410493002382e+04 -1.0788828737800e+02
-1.6338653527772e+03 2.5095102215378e+04 -1.5532341311472e+02
-1.6338653527772e+03 2.5095102215378e+04 -1.5532341311472e+02
5.3311365760507e+02 3.0615477865557e+04 -6.6484756940365e+00
5.3311365760507e+02 3.0615477865557e+04 -6.6484756940365e+00
-6.0763712907888e+02 3.0413723307185e+04 -1.2603068080137e+02
-2.5135785736785e+03 3.1397595561118e+04 -1.5900611040667e+02
-6.0270982498218e+02 2.5726550661233e+04 -9.3439205044788e+01
-1.7875552161218e+03 2.8349291631022e+04 4.1708741521581e+01
-2.0761725026504e+03 2.8220432723345e+04 1.5106187985022e+02
-2.0761725026504e+03 2.8220432723345e+04 1.5106187985022e+02
-2.0011324295489e+03 3.0068414043194e+04 1.7064930493133e+02
4.7294354904863e+02 3.1365533956180e+04 9.5476300428576e-01
5.4097155757854e+02 3.1385641676105e+04 2.3184613996127e+00
5.4097155757854e+02 3.1385641676105e+04 2.3184613996127e+00
-1.2258740336909e+03 3.1981596408159e+04 9.8342747405946e+01
-1.2258740336909e+03 3.1981596408159e+04 9.8342747405946e+01
3.2765020303282e+02 3.2251916323288e+04 -1.4023730004055e+02
-8.6654411099318e+01 3.2400121836884e+04 1.6641779186530e+02
5.1557662901507e+02 3.0989122575665e+04 -7.0299990531506e+00
2.6965264862850e+02 3.1341938471866e+04 2.1278449656174e+01
-1.1569467313583e+03 3.0479141923966e+04 -5.3423895441579e+01
9.6484439054488e+02 3.1177528087961e+04 -2.2918326922948e+01
9.6484439054488e+02 3.1177528087961e+04 -2.2918326922948e+01
2.0377161888030e+03 3.1296769051562e+04 4.5459949673321e+00
2.0377161888030e+03 3.1296769051562e+04 4.5459949673321e+00
8.8261362014368e+02 3.1593486602198e+04 -2.1804680569195e+00
4.1324736917047e+02 3.1683391706797e+04 7.5659466150814e+00
4.1324736917047e+02 3.1683391706797e+04 7.5659466150814e+00
-1.4728297519546e+03 2.9501677684917e+04 -8.0216668030287e+01
-1.1166973976222e+02 3.1433399099635e+04 3.0334217127590e+01
-1.1166973976222e+02 3.1433399099635e+04 3.0334217127590e+01
-2.3063607010329e+01 3.0180887323339e+04 -1.6307064939683e+02
2.0442935195869e+03 3.0229442938567e+04 -8.6438125524975e+00
2.4782843235250e+03 3.1044759447060e+04 -6.2371928751350e+00
2.5693672637460e+02 3.1424564787534e+04 1.5218097011234e+02
2.5693672637460e+02 3.1424564787534e+04 1.5218097011234e+02
-5.9634150169837e+01 3.1087436364615e+04 1.5812543106004e+02
3.4998152020253e+02 3.1939931589653e+04 5.7871079895878e+00
2.4978728175105e+02 3.1724410876917e+04 -1.3652044216776e+01
2.4978728175105e+02 3.1724410876917e+04 -1.3652044216776e+01
1.5219832266801e+03 3.1796122767553e+04 5.9648289943308e+00
1.5219832266801e+03 3.1796122767553e+04 5.9648289943308e+00
4.2916868842630e+02 3.2001284792521e+04 3.9716765817834e+01
-1.0328087456335e+03 2.7033446982681e+04 -4.0015965286957e+00
1.1613435780782e+03 2.5516905321378e+04 -1.8269145603241e+00
1.3588168631297e+03 3.0101263169022e+04 -9.3106092266294e+00
-1.0664761506509e+03 2.7399828263227e+04 2.3903388965573e+01
-1.6034318811844e+03 2.5666593273535e+04 -1.7742446519433e+02
-1.2980610603656e+03 2.7834174789789e+04 4.1968828463299e+01
1.0691834614343e+03 2.2374206403027e+04 -9.1030901241434e+00
-7.0540451031144e+02 2.2422093242239e+04 -1.6190008803402e+01
-1.0933566622318e+03 2.3518225967322e+04 7.7303756043282e+00
-4.8575498777301e+02 2.1870969438296e+04 4.5312064514975e+00
-1.5973301484441e+03 2.5628480816014e+04 3.7661124699796e+01
-1.6406755115211e+03 2.5640624920823e+04 5.6852496101088e+01
-8.0697970937577e+02 2.5134629295275e+04 1.2780225104050e+01
-6.0407338115984e+02 2.4434810465254e+04 -8.3005860220227e+00
-7.8266611672293e+02 2.5495548600156e+04 1.1706163995727e+00
-1.3691976509695e+03 2.5338819212544e+04 -9.0534874767950e+00
-2.8632997537541e+03 2.7161087622062e+04 -1.1326582912212e+01
-1.2631104940188e+03 2.5686575194078e+04 -1.5825145157736e+02
-2.6204873999593e+03 2.6120774909216e+04 1.6181582167706e+02
-2.6204873999593e+03 2.6120774909216e+04 1.6181582167706e+02
-1.1019099168272e+03 2.5872602181370e+04 -6.0033976239675e+00
-9.3258168485693e+02 2.4819326902797e+04 1.5861940349373e+02
-1.7842152255280e+03 2.3203911610858e+04 -7.5088020155604e+01
-1.6915929790243e+03 2.3349290762359e+04 -3.7373266415364e+01
-2.5806895381291e+03 2.9759174348573e+04 -6.5386595960262e+00
-2.8219021718647e+03 2.9671310570555e+04 -1.0798799623740e+02
-1.4470147963608e+03 3.0178405276752e+04 1.1091271636615e+02
-7.9637044385572e+02 3.1633849813574e+04 -3.5677545967010e+00
-7.9637044385572e+02 3.1633849813574e+04 -3.5677545967010e+00
-1.2753681272755e+03 2.8218194228259e+04 1.3466438216226e+01
-1.3612010405302e+03 2.8171048390068e+04 1.0673452347485e+01
-1.3320466275001e+03 2.8206094459205e+04 -1.4117427755207e+02
-2.8216597325442e+03 3.0846126321492e+04 -1.7230210284968e+02
-1.3338635051724e+03 3.0983449373520e+04 5.1574524777851e+00
-1.2564081012107e+03 2.6086565520641e+04 -4.2004076945766e+01
-1.8341360955972e+03 2.6152166739873e+04 -1.9029732490591e+01
-3.4701632084349e+03 2.6609326979785e+04 1.6864976220203e+02
-2.3495562055575e+03 2.7066790275862e+04 -1.3261734721958e+02
-2.3495562055575e+03 2.7066790275862e+04 -1.3261734721958e+02
-1.2179665525517e+03 3.0344555784374e+04 -3.6558873366112e+01
5.9658169322375e+00 3.0846536100818e+04 7.6387832803135e+00
5.9658169322375e+00 3.0846536100818e+04 7.6387832803135e+00
9.4422895303333e+01 3.0861513669497e+04 8.4364016481055e+00
-5.9391344958252e+02 2.7957856701924e+04 -4.9863147683277e+01
-1.6648075875274e+03 2.9934874900797e+04 -9.7912269781787e+00
-2.7506744109511e+03 3.0086680332444e+04 1.7637106017730e+02
-2.7506744109511e+03 3.0086680332444e+04 1.7637106017730e+02
-8.9293430727245e+02 2.9977783050476e+04 -6.6082365361205e+00
-3.4086913592560e+02 2.7219837122735e+04 5.1180895026158e+00
-1.6801035040725e+03 2.6709246408644e+04 -1.7169612259960e+02
-2.7641533982808e+03 2.7881810141206e+04 1.7117287904867e+02
-2.7641533982808e+03 2.7881810141206e+04 1.7117287904867e+02
-9.7531515091784e+02 3.1316973587863e+04 -5.1828559322997e+01
-9.7222079007752e+02 3.1412943147607e+04 -3.6389449124335e+01
-9.7222079007752e+02 3.1412943147607e+04 -3.6389449124335e+01
-5.1653055035465e+02 3.0007573081985e+04 1.9935347479930e+01
8.1796802221845e+02 3.0604521096714e+04 1.2971232550887e+01
-3.3274568443334e+02 3.2014890427410e+04 -8.5380392988885e+01
-1.4580526971228e+03 2.7843227141685e+04 1.7609452391006e+01
-2.7732477993254e+03 2.4031650869636e+04 -1.6548357077549e+02
-1.1908080931870e+03 2.4119326965754e+04 -1.6073872299422e+02
-1.4993101837630e+03 2.4906450770209e+04 1.4502932655389e+01
-1.1553726673368e+03 2.4755796454073e+04 -9.2014082095256e+00
-1.6289445788014e+03 2.4822909005657e+04 -2.1434929743428e+01
-1.6289445788014e+03 2.4822909005657e+04 -2.1434929743428e+01
-1.7019144813901e+03 2.5679807694250e+04 -1.3526959188481e+01
-1.9087474073075e+03 2.6677695479909e+04 -1.7266285334655e+01
-1.3511820547046e+03 2.6622670655452e+04 -1.0237313664464e+01
-3.1622300322531e+03 2.6010883963134e+04 1.5633697006632e+02
-1.6973933359017e+03 2.5904828660352e+04 -7.6528832713648e-01
-1.6973933359017e+03 2.5904828660352e+04 -7.6528832713648e-01
-1.6935413091073e+02 3.1355950290902e+04 -1.5086756640847e+01
-1.3559870260627e+03 3.1708281960013e+04 1.6104778733280e+02
-1.3559870260627e+03 3.1708281960013e+04 1.6104778733280e+02
-2.9967114558993e+03 2.6130938715208e+04 1.6790131384248e+02
-2.9967114558993e+03 2.6130938715208e+04 1.6790131384248e+02
-3.3853514925240e+03 2.6015082083501e+04 -1.7865933650338e+02
-8.5648231070178e+02 2.4977502257673e+04 -1.0370527530463e+01
-1.7247586482147e+03 2.4895685136532e+04 -3.7947589914311e+01
-1.3406413637645e+03 2.5982905586984e+04 1.5846711714104e+02
-1.1788995459027e+03 2.8205250865414e+04 -2.0922702096088e+00
-2.1811357060767e+03 2.8476920424500e+04 -7.3175107353674e+00
-3.3646282464500e+03 2.8774175882872e+04 3.2821004835191e+00
-1.3880254034455e+03 2.7959694808592e+04 -7.2763506309495e+00
-4.7921767901071e+02 2.6393617064476e+04 1.0288485474837e+00
-1.0946233972708e+03 2.6353615111287e+04 -3.9945504184077e+00
-1.7722353171386e+03 2.9429461198337e+04 -3.2443473229029e+01
-7.7751189633284e+02 2.6560919628983e+04 -5.9678321024417e+00
-1.1336173394898e+03 2.7002472827242e+04 -1.8479648441382e+01
-2.0166189633798e+03 2.7315023760692e+04 1.5835255368648e+02
-2.0166189633798e+03 2.7315023760692e+04 1.5835255368648e+02
-1.3835233736965e+03 3.2223737131105e+04 -9.4527512448244e+00
-1.0429325877906e+03 3.2246850014399e+04 -1.1618123795843e+00
-5.3118383677445e+02 3.0992279105844e+04 -7.7840030950499e+01
-5.3118383677445e+02 3.0992279105844e+04 -7.7840030950499e+01
7.1145447817485e+02 3.1046720413588e+04 -7.9435030212482e+00
7.1145447817485e+02 3.1046720413588e+04 -7.9435030212482e+00
-1.0159493971421e+03 3.1092673364014e+04 -1.6278681837067e+02
-1.0159493971421e+03 3.1092673364014e+04 -1.6278681837067e+02
-3.4377246463469e+02 3.0851880292111e+04 1.3710947551019e+01
-3.4377246463469e+02 3.0851880292111e+04 1.3710947551019e+01
-3.4064148744930e+02 3.0570212985603e+04 -9.7210620471041e+00
-3.4064148744930e+02 3.0570212985603e+04 -9.7210620471041e+00
-1.4260914426547e+03 3.0420145654975e+04 1.7010122340656e+02
-2.2618739679141e+03 2.7647278676818e+04 -1.2855568349096e+02
-2.2618739679141e+03 2.7647278676818e+04 -1.2855568349096e+02
-1.6229822729212e+03 3.0657029708732e+04 -1.8024095835693e+01
-1.6229822729212e+03 3.0657029708732e+04 -1.8024095835693e+01
-1.8403320860980e+03 3.0976960270919e+04 1.0216631755454e+01
5.5413280356868e+02 3.0897718213478e+04 -6.3166884308980e+00
-2.0740666288286e+03 2.9307284586346e+04 -1.2884154975281e+01
3.3142773045062e+02 3.0014635356660e+04 -7.1206112807772e+00
-3.4161273889928e+03 2.8042857050346e+04 -1.7915384866881e+01
2.5938322722676e+02 3.1078591492825e+04 5.4940206306868e+00
-6.1686730295771e+02 3.1726295599309e+04 -7.7288991002220e+01
-6.1686730295771e+02 3.1726295599309e+04 -7.7288991002220e+01
-6.3348650936136e+02 3.1640904258105e+04 -8.6930242726391e+01
-1.1382960807430e+03 3.1112077853782e+04 -5.5527946487493e+01
-1.1382960807430e+03 3.1112077853782e+04 -5.5527946487493e+01
-1.0347185893824e+03 3.1380886079210e+04 3.8241026088093e+01
-1.0347185893824e+03 3.1380886079210e+04 3.8241026088093e+01
7.1936748027826e+02 3.2211464029098e+04 1.8687020483014e+00
-1.0218269705655e+03 3.2320702223203e+04 -2.5857530460615e+01
1.0750681623782e+03 3.0943012612230e+04 -2.4544596861461e+00
1.0750681623782e+03 3.0943012612230e+04 -2.4544596861461e+00
-2.6680174499882e+02 3.1026203381251e+04 1.5057246228218e+02
1.1648158176693e+03 3.1398243050055e+04 -1.0197678639064e+01
1.1648158176693e+03 3.1398243050055e+04 -1.0197678639064e+01
2.0907552517631e+03 3.1279014438218e+04 -8.4249779245319e+00
2.0907552517631e+03 3.1279014438218e+04 -8.4249779245319e+00
-2.0060357396290e+03 2.9439670112589e+04 6.1388651323723e+01
-2.0370141234427e+03 2.9150811715940e+04 -1.2813573637362e+01
-1.2706728036141e+03 3.2361333402106e+04 3.8208643647554e+00
-1.2706728036141e+03 3.2361333402106e+04 3.8208643647554e+00
-1.8755147146683e+03 3.0165390888204e+04 1.6911391093045e+02
-7.1723882346097e+02 3.0280004769320e+04 1.4174490093715e+02
-7.1723882346097e+02 3.0280004769320e+04 1.4174490093715e+02
-5.2818963230485e+02 2.9475676500479e+04 -7.7264065022453e+00
-1.6426285145764e+03 2.9174850893254e+04 -1.2450443441924e+01
-1.6957615468735e+03 2.9228994685385e+04 -9.2260414877290e+00
-1.7603980915203e+03 2.9877178057366e+04 1.7914894737990e+02
-1.1272967718073e+03 2.7291455227371e+04 -1.4363907831315e+00
-1.2396278355378e+03 2.7356579557204e+04 -4.0913635595040e+00
-1.4766157012312e+03 2.7027761134690e+04 -4.8879856684833e+01
-3.8803135565812e+02 3.1442600570736e+04 2.4711718545034e+00
-2.7313716158145e+03 3.1698867885784e+04 -1.5502565369475e+02
-2.7313716158145e+03 3.1698867885784e+04 -1.5502565369475e+02
-1.9249243203592e+03 3.1928268650787e+04 5.8115797457541e+00
-6.0817023433151e+02 3.1033962776380e+04 -1.2893903350106e+02
-6.0817023433151e+02 3.1033962776380e+04 -1.2893903350106e+02
-4.6489535642099e+02 3.1227014529331e+04 6.2552854059889e+01
-4.6489535642099e+02 3.1227014529331e+04 6.2552854059889e+01
9.8567696392803e+02 2.5470043958386e+04 -5.6903249305960e+00
