1.9898084946344e+04 3.1918582344873e+04 -7.0276083479201e+00
1.0701812949523e+04 3.1909875212878e+04 2.0693974776921e+00
1.1265875281474e+04 3.2282318694132e+04 -1.8560772048748e+00
1.3864999365108e+04 3.1921623759312e+04 1.1940675123028e+00
1.3864999365108e+04 3.1921623759312e+04 1.1940675123028e+00
1.3864999365108e+04 3.1921623759312e+04 1.1940675123028e+00
1.4149856226163e+04 3.0752679448979e+04 -4.0475172565233e+00
1.5126386331951e+04 3.1294974784905e+04 2.4387542161016e+00
1.6395242917534e+04 3.1173808237043e+04 -3.6051573189594e+00
1.6714044410219e+04 3.0695109757819e+04 1.0256449583963e+01
1.7897039135203e+04 3.1464137579812e+04 -1.1581618396098e+01
1.5053090516349e+04 3.1889059328417e+04 2.2515155244626e+00
1.5296459421414e+04 3.1809476722176e+04 -3.1815432049990e+00
1.3913013167256e+04 3.0614149999818e+04 1.2139260165691e+00
1.4130969928057e+04 3.0936959365049e+04 -4.2730710050220e+01
1.1799040746242e+04 3.0643858454045e+04 -5.4772743987165e+00
1.6693707141294e+04 3.1473647206846e+04 -1.8888656420280e+00
1.2313462453230e+04 3.1366230618846e+04 -7.0320557044290e+00
1.1855678498822e+04 3.1432228169825e+04 -1.7573953751003e+02
1.2242181791175e+04 3.1420575878164e+04 -1.1430057137426e+02
1.2787660195486e+04 3.1743819913478e+04 8.3905435532701e-01
1.2652330584346e+04 3.2069961209492e+04 5.1082591311479e+00
1.4283605899531e+04 3.1915556881835e+04 -1.5550418553947e+02
1.4826396289243e+04 3.1980385020888e+04 -8.0743232600155e-01
1.5323145786982e+04 3.1883637558607e+04 -1.6385875688755e+00
1.5323145786982e+04 3.1883637558607e+04 -1.6385875688755e+00
1.6243659585551e+04 3.1856456898766e+04 -1.6697733383659e+00
1.4962119874985e+04 3.1981123141438e+04 3.7184132622983e-02
1.2380645206818e+04 3.2514197860195e+04 -4.5116468738603e+00
1.2928582591904e+04 3.2485899247960e+04 -3.7110827158842e+00
1.2928582591904e+04 3.2485899247960e+04 -3.7110827158842e+00
1.3978581451883e+04 3.2704430907471e+04 -7.1530152288674e-01
1.3392202734928e+04 3.2772448176506e+04 2.7417973489787e+00
1.2803363743829e+04 3.2756116085031e+04 4.3680090990741e+00
1.2646456571976e+04 3.2714819165082e+04 -1.7376494715460e+02
1.2948579177747e+04 3.2650402532510e+04 -1.4161339930274e+01
1.2948579177747e+04 3.2650402532510e+04 -1.4161339930274e+01
1.4303366473722e+04 3.1893251437458e+04 -2.0571684749272e+00
1.4171855754110e+04 3.1732840078424e+04 2.6333658366917e+00
1.6020778608218e+04 3.1648808263164e+04 -4.6877687499976e+00
1.6672385565181e+04 3.1672320563591e+04 -2.2704349851680e-01
1.6672385565181e+04 3.1672320563591e+04 -2.2704349851680e-01
1.6161602280341e+04 3.1656224235086e+04 -2.4104000737648e+00
1.4375558787001e+04 3.1596591315307e+04 -4.0668470886113e+00
1.7513585719685e+04 3.1424698898061e+04 -1.7599554326955e+02
1.3337150687527e+04 3.1772860225831e+04 6.1394100828436e-01
1.2295180751824e+04 3.1789396453502e+04 1.6620404548817e+02
1.2295180751824e+04 3.1789396453502e+04 1.6620404548817e+02
1.5089362049512e+04 3.0820287008542e+04 -1.7876736728523e+02
1.3398732452064e+04 3.1217505703533e+04 -6.6533544528886e-01
1.2286316021809e+04 3.1208146305383e+04 -1.7812169052075e+02
1.2878116100070e+04 3.1075822228399e+04 -3.2420363135805e+01
1.4084120270650e+04 3.2168235457544e+04 1.3839920532921e+00
1.4084120270650e+04 3.2168235457544e+04 1.3839920532921e+00
1.4084120270650e+04 3.2168235457544e+04 1.3839920532921e+00
1.3398110082880e+04 3.2145533486209e+04 8.0887358682921e-02
1.5206297414302e+04 3.2196734723946e+04 -4.3806553692182e+00
1.5206297414302e+04 3.2196734723946e+04 -4.3806553692182e+00
1.4855786474201e+04 3.2175861176252e+04 -1.7252468434744e+02
1.5646218150630e+04 3.2218612951253e+04 1.2890822390273e+00
1.5646218150630e+04 3.2218612951253e+04 1.2890822390273e+00
1.5646218150630e+04 3.2218612951253e+04 1.2890822390273e+00
1.3191766607683e+04 3.2498913945744e+04 4.0761353114585e+00
1.2380542562471e+04 3.2187164089221e+04 -5.6459659411430e+00
1.5896452621659e+04 3.2127766410964e+04 -3.5018954647406e+00
1.6208590511082e+04 3.2136654026991e+04 -1.9918924439087e+00
1.9226452478405e+04 3.1054635927336e+04 -3.9862818903961e+00
1.5735442512291e+04 3.1407560847124e+04 -2.8617594107021e+00
1.6477065760890e+04 3.1437793100881e+04 3.8574779256358e-01
1.7880357760688e+04 3.1262141112193e+04 -5.8849701207847e+00
1.6192771332609e+04 3.1414014035603e+04 -1.7652037232103e+02
1.4682976606353e+04 3.1507147008350e+04 2.3726669943602e-02
2.0349223122848e+04 3.2412598064222e+04 -8.5172445320912e-01
2.0349223122848e+04 3.2412598064222e+04 -8.5172445320912e-01
1.9758250645185e+04 3.2383453475051e+04 -3.0681525642696e+00
1.2521545692501e+04 3.2317458394696e+04 1.7328779303561e+02
1.0368078184157e+04 3.1170069299958e+04 1.2821207898329e+00
1.4139294839777e+04 3.1512714992344e+04 -1.8379926728296e+00
1.3821229783409e+04 3.1792472209130e+04 1.2032324108769e+02
1.3960965897305e+04 3.1640500319352e+04 6.9065045575482e-01
1.3358812940884e+04 3.1642594921962e+04 1.1985747960284e+00
1.3358812940884e+04 3.1642594921962e+04 1.1985747960284e+00
1.3358812940884e+04 3.1642594921962e+04 1.1985747960284e+00
1.3788479647492e+04 3.1386348551540e+04 -1.5376460180242e+02
1.4916291136172e+04 3.1407184764546e+04 -1.3927033280181e+00
1.4435126411726e+04 3.1455916857182e+04 2.4402819865186e+00
1.4435126411726e+04 3.1455916857182e+04 2.4402819865186e+00
1.4660970167095e+04 3.1407596236222e+04 -1.8185604513014e+00
1.4534722965685e+04 3.2130960679269e+04 2.8890699979123e+00
1.3908448485019e+04 3.1639778727125e+04 -9.5911072550473e+01
1.3245590375241e+04 3.1602955533494e+04 -1.7550416854676e+02
1.3245590375241e+04 3.1602955533494e+04 -1.7550416854676e+02
1.5241572940105e+04 3.1801696970235e+04 3.9965892829017e+00
1.5084580677156e+04 3.1873003717808e+04 -6.1378857146798e-02
1.5084580677156e+04 3.1873003717808e+04 -6.1378857146798e-02
1.4079712202677e+04 3.1929399353839e+04 7.3407984961327e+00
1.7534031233365e+04 3.1761863269515e+04 -8.4590940488609e+00
1.7786949285641e+04 3.1870487777984e+04 7.8637255088250e+00
1.7786949285641e+04 3.1870487777984e+04 7.8637255088250e+00
1.7473927377290e+04 3.1610476135921e+04 -2.5630452494570e-01
2.1221578659758e+04 3.1733033563246e+04 -5.6487789829234e-01
2.0702659154564e+04 3.1922436759287e+04 -5.0705277901285e-01
1.5198027176774e+04 3.1457607116140e+04 -5.1907168394110e-01
1.5497785083238e+04 3.1434378536970e+04 -1.7626498583037e+00
1.6262005339350e+04 3.1694404429809e+04 1.4930319921907e+00
1.6262005339350e+04 3.1694404429809e+04 1.4930319921907e+00
1.1595410667774e+04 3.0482652079167e+04 -2.1665305903019e+01
1.4757289079062e+04 3.0861203532031e+04 8.9346536610752e-01
1.4757289079062e+04 3.0861203532031e+04 8.9346536610752e-01
1.2437273188894e+04 3.0760598727393e+04 -1.6179142193092e+02
1.2609332141497e+04 3.1313216908693e+04 2.7244670127560e+00
1.1661765311003e+04 3.1202786722909e+04 -3.5051239676877e+01
1.4096212742468e+04 3.1271850565024e+04 -1.2155958273493e+00
1.3538332252633e+04 3.1261666513310e+04 1.6844902811719e-02
1.2804271247948e+04 3.1252601587146e+04 -1.4992429267637e+00
1.3555165802193e+04 3.1250982938881e+04 -6.7392325775438e+00
1.3555165802193e+04 3.1250982938881e+04 -6.7392325775438e+00
1.0795436378517e+04 3.1348204361679e+04 -3.0024944088598e+01
1.1216252567148e+04 3.1398168963720e+04 3.0594618579901e-01
1.1216252567148e+04 3.1398168963720e+04 3.0594618579901e-01
1.2233304774327e+04 3.1233933256141e+04 2.8171792113087e+00
1.0018023885214e+04 3.2051302636269e+04 -1.7392970964613e+00
1.0452207517514e+04 3.2003782158826e+04 -3.6389960687998e+00
1.0452207517514e+04 3.2003782158826e+04 -3.6389960687998e+00
1.2951700654726e+04 3.1962631641088e+04 -5.5140837153990e-01
1.2951700654726e+04 3.1962631641088e+04 -5.5140837153990e-01
8.9575050796036e+03 3.0951160649897e+04 -2.1137084211951e+00
1.2692497540375e+04 3.1559625876307e+04 -1.0966964562111e+00
1.3204217359770e+04 3.1551800815420e+04 -1.0250548872706e+00
7.2081738557816e+03 3.1635925762021e+04 -1.7649804940891e+02
1.0324988471425e+04 3.1891156949343e+04 -1.7389345604449e+02
1.0813967676150e+04 3.1938268919507e+04 -1.7276539772725e+02
1.1177473154679e+04 3.1900246514717e+04 -3.4645865351981e+01
1.1457267803635e+04 3.1854604149932e+04 -1.1592971620711e+00
1.3820928606652e+04 3.1613710673618e+04 1.4918898919172e+02
1.3820928606652e+04 3.1613710673618e+04 1.4918898919172e+02
1.4841312466376e+04 3.1526915722949e+04 1.9398006363620e+00
1.4841312466376e+04 3.1526915722949e+04 1.9398006363620e+00
1.6805190359291e+04 3.1234581392433e+04 -7.3179649722298e+00
1.7534964217648e+04 3.1499327647256e+04 -2.2981464310905e+00
1.6791335669385e+04 3.1528388755153e+04 -8.1432377073003e+00
1.5390389656451e+04 3.1486614182030e+04 -1.0472025319391e+01
1.4845456737556e+04 3.1427969248660e+04 -1.4105861120006e+00
1.6027778657857e+04 3.1693060728276e+04 -7.0142142865104e-01
1.6027778657857e+04 3.1693060728276e+04 -7.0142142865104e-01
1.7416324013348e+04 3.2178107583072e+04 7.1212200561999e+00
1.9784570415073e+04 3.2178289556447e+04 8.3336492161491e-01
1.5031828154017e+04 3.1789402958887e+04 4.9918747375975e+00
1.1546595013712e+04 3.1641405621379e+04 -9.7560372286480e+00
1.1755297061711e+04 3.1725204155806e+04 -9.0276319884849e+01
1.2974801563261e+04 3.1729797140323e+04 -2.9957789441795e+00
1.2655525650425e+04 3.1808098734295e+04 9.2295864014029e-01
1.2655525650425e+04 3.1808098734295e+04 9.2295864014029e-01
1.2655525650425e+04 3.1808098734295e+04 9.2295864014029e-01
1.4026636593437e+04 3.1458833544716e+04 -1.8421006402399e+00
1.5349783968532e+04 3.1252838756833e+04 6.5961204192359e+00
1.3435214004787e+04 3.0910303605188e+04 -9.7534255388951e-01
1.1596052159493e+04 3.1743393213624e+04 -9.9252022961507e-01
1.2527639140335e+04 3.1784625890850e+04 -1.2952652669658e+02
1.3147171792311e+04 3.1718890736769e+04 -9.1014111263428e+00
1.2824228680840e+04 3.1717606988179e+04 -3.4824600225288e+00
1.2824228680840e+04 3.1717606988179e+04 -3.4824600225288e+00
1.6667026673149e+04 3.1158223325484e+04 1.7657957366479e+02
1.3471752053896e+04 3.1252483420911e+04 1.6345593768359e-01
1.3471752053896e+04 3.1252483420911e+04 1.6345593768359e-01
1.4620938970937e+04 3.1170225972049e+04 -1.7209494338999e+00
1.3991836435407e+04 3.1695997123406e+04 -4.9231985879282e-01
1.1335949317890e+04 3.1886325692548e+04 -7.8107264706729e+00
9.3523054753033e+03 3.2045536736273e+04 1.8013549834530e-01
1.3104293689582e+04 3.1719198002514e+04 -1.6847740812903e+02
1.3060798429593e+04 3.1543639295297e+04 -1.7603389376295e+02
1.3060798429593e+04 3.1543639295297e+04 -1.7603389376295e+02
1.3838702256384e+04 3.1523604292412e+04 -4.8582506858757e+00
1.1016485596360e+04 3.1790093799289e+04 1.7075599732307e+00
1.3301003882873e+04 3.1320067725807e+04 1.9360122768374e+00
1.2714928948065e+04 3.1925172969777e+04 2.6139962171537e+00
1.3576755649225e+04 3.1917577229988e+04 7.8809510872955e-01
1.3576755649225e+04 3.1917577229988e+04 7.8809510872955e-01
1.3576755649225e+04 3.1917577229988e+04 7.8809510872955e-01
1.3199675133342e+04 3.1713607163585e+04 -2.9147542046942e+00
1.3199675133342e+04 3.1713607163585e+04 -2.9147542046942e+00
1.1645193110006e+04 3.1267879170008e+04 -1.7780075389548e+02
1.6143622531323e+04 3.1712632982996e+04 -3.0996822236777e+00
1.5531970722969e+04 3.1604035430224e+04 -9.8799104486852e+00
1.6503453398583e+04 3.1647752409594e+04 3.6771805158966e-01
1.6652473766498e+04 3.2015993690601e+04 2.0323101233044e+00
1.5079938925413e+04 3.1097266031582e+04 -5.7084917480458e-01
1.7971218938923e+04 3.1233396772369e+04 2.4900319797985e+00
1.3339330279086e+04 3.0954967158921e+04 2.1812576863655e-01
1.3339330279086e+04 3.0954967158921e+04 2.1812576863655e-01
1.7627376597661e+04 3.0687919142676e+04 -3.4421465620928e+00
1.2840209649183e+04 3.1600787970622e+04 -1.6287898718980e+02
1.4824237151791e+04 3.1608504608429e+04 -1.7250745907286e+00
1.4824237151791e+04 3.1608504608429e+04 -1.7250745907286e+00
1.5290393778922e+04 3.1049418424569e+04 1.1323855392208e+00
1.5290393778922e+04 3.1049418424569e+04 1.1323855392208e+00
6.4358295543351e+03 3.1698686372486e+04 1.7447112193315e+02
8.1742687428420e+03 3.1650989326293e+04 6.1579742248540e-01
8.1742687428420e+03 3.1650989326293e+04 6.1579742248540e-01
1.8643911758047e+04 3.1653803340024e+04 -1.7751738580720e+02
2.0593352890681e+04 3.1948876140636e+04 1.4653839179604e-01
2.0593352890681e+04 3.1948876140636e+04 1.4653839179604e-01
1.9683169851619e+04 3.1896886328430e+04 -1.0773698453623e+01
1.7327564361872e+04 3.1718380264062e+04 -8.2352032241439e-01
1.5728773918466e+04 3.2026787738212e+04 -2.1308303241016e+00
1.5827102621504e+04 3.2050607121965e+04 -2.2076076211340e-01
1.6208651572912e+04 3.1761482483994e+04 5.3310713292504e-01
1.6208651572912e+04 3.1761482483994e+04 5.3310713292504e-01
1.6208651572912e+04 3.1761482483994e+04 5.3310713292504e-01
1.4539014982542e+04 3.1756160807583e+04 -1.6821841655329e+02
1.5608220717432e+04 3.1783534226495e+04 -4.7052278568993e-01
1.5608220717432e+04 3.1783534226495e+04 -4.7052278568993e-01
1.6154522978695e+04 3.1965488754093e+04 -4.3035365735731e+00
1.6657453217716e+04 3.1944998378995e+04 -3.2316332577934e+00
1.5679900842488e+04 3.1978533267432e+04 -4.7622082317191e-01
1.5679900842488e+04 3.1978533267432e+04 -4.7622082317191e-01
1.5596092189270e+04 3.1964800944908e+04 -2.1481072147791e+00
1.4125070973507e+04 3.1938348295622e+04 4.6258395387507e+00
1.4125070973507e+04 3.1938348295622e+04 4.6258395387507e+00
1.5734433521317e+04 3.2201592547420e+04 3.5466343901979e-01
1.5734433521317e+04 3.2201592547420e+04 3.5466343901979e-01
1.3996930958993e+04 3.2209127066727e+04 1.7842079814203e+02
1.2822543001523e+04 3.2257661562245e+04 -1.7859841086770e+02
1.4255485770505e+04 3.1967886264504e+04 1.6341394071235e+02
1.4255485770505e+04 3.1967886264504e+04 1.6341394071235e+02
1.5630481176255e+04 3.1904836321957e+04 -6.3834087909724e-01
1.7046640098508e+04 3.1587601632504e+04 -1.7803726221071e+02
1.5823939990522e+04 3.2435885228431e+04 -1.7841346038310e+02
1.0346756130154e+04 3.1939150993837e+04 4.5000643036362e+00
9.1405929867059e+03 3.1637136515586e+04 -8.1832747374782e+00
8.3661759749609e+03 3.1642179410137e+04 -1.7476700074068e+02
1.6516148745475e+04 3.1094846856415e+04 -4.9324107662134e+00
1.3832250848255e+04 3.1310588558824e+04 8.1777576375847e-01
1.5081998233420e+04 3.1281807343510e+04 -7.0208886908247e-01
1.2947652736383e+04 3.1020435266246e+04 1.4381221609338e+00
1.2947652736383e+04 3.1020435266246e+04 1.4381221609338e+00
1.2947652736383e+04 3.1020435266246e+04 1.4381221609338e+00
1.2944882771045e+04 3.0984504281780e+04 -9.0105823755702e-01
1.3968931116011e+04 3.2688616311007e+04 -1.6176998171765e+02
1.2579373627434e+04 3.2553564857114e+04 1.6471351334614e+02
1.3292558819717e+04 3.2517608040099e+04 1.1560466709752e+00
1.3292558819717e+04 3.2517608040099e+04 1.1560466709752e+00
1.3292558819717e+04 3.2517608040099e+04 1.1560466709752e+00
1.5809044047583e+04 3.1288242024600e+04 -2.9998889100646e+00
1.3632931430669e+04 3.1153419595394e+04 -1.7843984977555e+02
1.3498818557282e+04 3.1328205172741e+04 -2.7491883534055e+00
9.6295865555779e+03 3.0919741185773e+04 -1.7516723013556e+00
1.4224803723459e+04 3.0893643266303e+04 -1.1943600069246e+00
1.2347467132516e+04 3.1250162285903e+04 -6.1342239826772e+00
1.2795997927428e+04 3.1248050659177e+04 -3.4577506940898e+00
1.2750201541159e+04 3.1396081934662e+04 6.2391946713793e-01
1.2750201541159e+04 3.1396081934662e+04 6.2391946713793e-01
1.3051771961533e+04 3.1532177106388e+04 -5.7254945657408e-01
1.3051771961533e+04 3.1532177106388e+04 -5.7254945657408e-01
1.5425877416739e+04 3.1038892533582e+04 -3.0135187534936e+00
1.4851990018465e+04 3.1208008532423e+04 -2.0662940782226e+00
1.6770539622313e+04 3.1279477583194e+04 -8.8549206218730e-01
1.6685066044474e+04 3.1344990305027e+04 -1.7671106064647e+02
2.1374123696660e+04 3.1396527114986e+04 -3.5483462483218e+00
1.0614022052476e+04 3.1355647650983e+04 -1.8121869258050e+00
1.0726883251797e+04 3.1387990286892e+04 2.5961829078641e+00
1.2169282758451e+04 3.1007322112221e+04 -3.6731275933992e+00
1.3348385977175e+04 3.1998696269597e+04 -1.7669098979389e+02
1.3128940694525e+04 3.1626205911839e+04 -1.9161778432223e+00
1.2403592081787e+04 3.1716024504432e+04 5.7852230151924e-01
1.0751091054346e+04 3.1393895952479e+04 -1.1155396492473e+00
1.0751091054346e+04 3.1393895952479e+04 -1.1155396492473e+00
1.2156972114228e+04 3.1620948777042e+04 3.9271809069324e+00
1.0621788522000e+04 3.1539152729612e+04 -1.7791337863493e+02
1.1661415692973e+04 3.0843452896029e+04 -6.8224274764383e-01
1.1331289970257e+04 3.1137839032335e+04 -1.3618758176061e+00
1.1164068247540e+04 3.1115621824207e+04 -4.6686612119375e+00
1.2096449483831e+04 3.1171255862412e+04 3.5360453894156e-01
1.2096449483831e+04 3.1171255862412e+04 3.5360453894156e-01
1.4149521207444e+04 3.1376050997507e+04 2.5478558949730e+00
1.6650399072246e+04 3.1117360287893e+04 -1.2078257137235e+00
1.5345494582020e+04 3.1360742950032e+04 -1.4329356014093e+00
1.4919894732298e+04 3.1364793649666e+04 2.0831546221517e+00
1.4400586524204e+04 3.1257401386349e+04 -9.7408476368542e+00
1.6100421046155e+04 3.1252811075368e+04 -1.0680454145030e-02
1.6100421046155e+04 3.1252811075368e+04 -1.0680454145030e-02
1.5051411321169e+04 3.1920694367529e+04 -2.1068532654963e+00
1.7119878296014e+04 3.1083454296393e+04 -2.6359382352994e+00
1.5350896540713e+04 3.0892702277045e+04 -8.4290726106721e-01
1.6212540570597e+04 3.1677047882601e+04 -2.0621284214677e+00
1.6868268710599e+04 3.1535355139668e+04 -9.2969778940290e+00
1.6909756526520e+04 3.1631269256998e+04 1.0598202296526e+00
1.3468561236617e+04 3.1613552577535e+04 1.6124021995439e+00
1.3468561236617e+04 3.1613552577535e+04 1.6124021995439e+00
1.3220183008443e+04 3.1349042962883e+04 -1.7749858561008e+00
1.2760242221417e+04 3.1381721734234e+04 3.4158313443764e-01
1.2760242221417e+04 3.1381721734234e+04 3.4158313443764e-01
1.1788283444225e+04 3.1544017399774e+04 3.5040639218358e+00
1.8667694530588e+04 3.1681632413082e+04 2.9528754688054e-01
1.6973549962049e+04 3.1931387188873e+04 8.3387994751977e-01
1.7266099843740e+04 3.1783136568194e+04 4.3279548055808e-01
1.7266099843740e+04 3.1783136568194e+04 4.3279548055808e-01
1.6607331141695e+04 3.1850746928517e+04 4.6383875095524e+00
1.6607331141695e+04 3.1850746928517e+04 4.6383875095524e+00
1.8620886081447e+04 3.1902075560039e+04 6.6745839614965e-01
1.4575705995811e+04 3.1732592440733e+04 1.4187668349033e+00
1.4575705995811e+04 3.1732592440733e+04 1.4187668349033e+00
1.4953761607369e+04 3.1388263518621e+04 -1.6456962977586e+02
1.6070180977188e+04 3.1428109742662e+04 8.9844889195038e-01
1.0187289366137e+04 3.1503984890167e+04 3.5137762270053e-02
1.0187289366137e+04 3.1503984890167e+04 3.5137762270053e-02
1.2605808328254e+04 3.1865742290497e+04 5.1167107220846e+00
1.1916864559422e+04 3.1864420154029e+04 1.7577944673634e+02
1.1916864559422e+04 3.1864420154029e+04 1.7577944673634e+02
1.2500815035208e+04 3.2052740585136e+04 -5.6726349670497e+00
1.4182569365389e+04 3.1124669230846e+04 5.9398454420914e-01
1.1215672052419e+04 3.0514557479321e+04 -9.1850598581641e+00
1.3310919053784e+04 3.0992637016621e+04 -7.0876710850868e+00
1.1641197610956e+04 3.2505289782236e+04 -1.7896931898850e+02
1.1641197610956e+04 3.2505289782236e+04 -1.7896931898850e+02
1.2711556287841e+04 3.2562899790153e+04 1.6066655365026e+02
1.3263238979485e+04 3.2201143491810e+04 -5.1535680395103e+00
1.1564141955396e+04 3.2762315580338e+04 -1.9665115573420e+00
1.1404120876725e+04 3.1243551716290e+04 -1.2967587237331e+00
1.1232531966858e+04 3.1308924577805e+04 1.9028430397488e+00
1.0658268225106e+04 3.1312855023566e+04 -6.5450879326713e-01
8.3524960876282e+03 3.0604441225820e+04 -2.6764069533565e+00
9.1729796307693e+03 3.0609382515994e+04 1.2064561505822e+00
9.1729796307693e+03 3.0609382515994e+04 1.2064561505822e+00
8.7628686486836e+03 3.0609687387873e+04 2.8547006539017e+00
1.5988561953776e+04 3.1921692695902e+04 -1.6470258777917e+00
1.5940573735823e+04 3.1847069483248e+04 -7.0463631454281e+00
1.5940573735823e+04 3.1847069483248e+04 -7.0463631454281e+00
1.3163621543084e+04 3.1652748320910e+04 -9.4080451175815e-01
1.0317125448783e+04 3.1885359932217e+04 -2.1296299644668e+00
9.8775699526421e+03 3.1925719323718e+04 1.6313065160951e+02
1.3307094120630e+04 3.1756279184196e+04 -7.6844853919788e+00
1.4833447684048e+04 3.1787933330990e+04 -3.4179404775362e-01
1.2697190920595e+04 3.1786605272097e+04 -1.7876469901100e+02
1.2284707368988e+04 3.1573089972729e+04 -1.7190662401663e+02
1.7373904894138e+04 3.1146831202624e+04 -1.6054749711679e+00
1.2288432680777e+04 3.1389428711918e+04 1.7928902471235e+02
1.2288432680777e+04 3.1389428711918e+04 1.7928902471235e+02
1.2288432680777e+04 3.1389428711918e+04 1.7928902471235e+02
1.2369827575015e+04 3.1197747418660e+04 -1.7705543987533e+02
1.8979226091633e+04 3.1920288568951e+04 -1.6573234874498e-01
1.8163136009136e+04 3.1874704991385e+04 -1.1347960524464e+02
1.5843706169718e+04 3.1679304606704e+04 1.6734002458400e+02
1.5553233086825e+04 3.1453679213568e+04 1.2010144041608e+00
1.7177007125688e+04 3.2114548368501e+04 1.2814377989401e+01
1.8201693443089e+04 3.2174026710146e+04 3.7596549824811e+00
1.8201693443089e+04 3.2174026710146e+04 3.7596549824811e+00
1.7888597115100e+04 3.1932626626817e+04 -3.5448620396615e-02
1.6625947037838e+04 3.1978623561250e+04 2.5584435923223e+00
1.6625947037838e+04 3.1978623561250e+04 2.5584435923223e+00
2.0686715112348e+04 3.1863262080098e+04 2.1210492803445e+00
1.5845544184788e+04 3.1801110021619e+04 -1.1239150400127e+01
1.5845544184788e+04 3.1801110021619e+04 -1.1239150400127e+01
1.6390904304337e+04 3.1856963877655e+04 1.0485127489711e-01
1.4802943397188e+04 3.1253511573742e+04 -1.5761325774349e+02
1.7678987900932e+04 3.1116733721281e+04 -1.3039121618792e+02
1.3707552572304e+04 3.1245269143023e+04 -1.1200376906381e+00
1.3159664832935e+04 3.1177823459425e+04 -1.0589689464956e+01
1.0748838784768e+04 3.1231803816153e+04 7.9397499054379e+00
1.5800762321646e+04 3.1342051843702e+04 1.7971837063852e+02
1.5800762321646e+04 3.1342051843702e+04 1.7971837063852e+02
1.6222208348195e+04 3.1441491440943e+04 -6.7851293092209e+00
1.5521312182572e+04 3.1545438283221e+04 2.0054099614296e+00
1.0802878753909e+04 3.1692767466607e+04 -3.6903215504443e-01
1.4292541518864e+04 3.2105085774891e+04 3.4899476791847e+00
1.4292541518864e+04 3.2105085774891e+04 3.4899476791847e+00
1.4432504399294e+04 3.2078536399332e+04 1.5169307933421e+00
1.4669704866901e+04 3.2062014881063e+04 4.7541314740254e-01
1.4669704866901e+04 3.2062014881063e+04 4.7541314740254e-01
1.3527993471461e+04 3.2002008012537e+04 -2.3828915574365e+01
1.3527993471461e+04 3.2002008012537e+04 -2.3828915574365e+01
1.0616030952664e+04 3.1962007032683e+04 1.9041601806791e+00
1.0585329209848e+04 3.2204541044287e+04 -8.0418997621178e+00
1.4217387087373e+04 3.2499331369396e+04 -2.7940723742325e+00
1.6737983335871e+04 3.2504502118944e+04 -8.2661309354958e+00
1.6806976047154e+04 3.1155061990556e+04 1.7680570164257e+02
1.7164464517361e+04 3.1693301235894e+04 -2.5934494437608e+00
1.7007049025006e+04 3.1709096201266e+04 1.7517898366499e-01
1.7007049025006e+04 3.1709096201266e+04 1.7517898366499e-01
1.4714744362615e+04 3.1988118104575e+04 1.6299968066515e+02
1.7125791254169e+04 3.2029180205267e+04 -1.6011508335145e+01
1.7125791254169e+04 3.2029180205267e+04 -1.6011508335145e+01
1.8125710744154e+04 3.2084663997787e+04 -1.3706150272708e-01
1.7428569925656e+04 3.2024630288461e+04 -7.0851634213230e+00
1.7428569925656e+04 3.2024630288461e+04 -7.0851634213230e+00
1.7824572873881e+04 3.2118849024000e+04 1.9874634991552e+00
1.7824572873881e+04 3.2118849024000e+04 1.9874634991552e+00
1.7958509662327e+04 3.2385877531444e+04 1.2904506627043e+01
1.8261080890558e+04 3.2318673888320e+04 -6.3570596228108e+00
1.8702629910422e+04 3.2347898578357e+04 -4.3066758888928e+00
1.6159996646492e+04 3.1828986903156e+04 -9.3203761171377e+00
1.7407012687961e+04 3.1810156535589e+04 -3.3376311027291e+01
1.7500028641518e+04 3.1851057234386e+04 -9.6653075824801e+00
1.7664608221538e+04 3.1882130352758e+04 -6.9776689193402e-01
1.7664608221538e+04 3.1882130352758e+04 -6.9776689193402e-01
1.3946349887763e+04 3.1552686345905e+04 -6.7544574368967e+00
1.4491879324082e+04 3.1486304774422e+04 -6.8844385312538e+00
1.4491879324082e+04 3.1486304774422e+04 -6.8844385312538e+00
1.3205447728325e+04 3.1308193091664e+04 -2.3887058380564e+01
1.5532518311487e+04 3.1491691917209e+04 -2.6260834702029e+00
1.3601923282313e+04 3.1559544635560e+04 2.7302532294737e+00
1.3601923282313e+04 3.1559544635560e+04 2.7302532294737e+00
1.6662160316366e+04 3.1063365580257e+04 -6.0925667166437e+00
1.5019503686242e+04 3.1350514131124e+04 -2.8341027062569e-01
1.4417637915040e+04 3.1308842597584e+04 -1.6224741622776e+02
1.7637761326933e+04 3.1497800441325e+04 -1.7236689247207e+02
1.4922436802186e+04 3.1547300908996e+04 -1.7842785115358e+02
1.4922436802186e+04 3.1547300908996e+04 -1.7842785115358e+02
1.3824862122875e+04 3.2331229816311e+04 -5.9922142182163e+00
1.3728179850173e+04 3.2402006675565e+04 7.6721112108734e-01
1.3728179850173e+04 3.2402006675565e+04 7.6721112108734e-01
1.1074519249514e+04 3.2539097549990e+04 2.5376087029535e+00
1.3651202633156e+04 3.1701234820969e+04 -9.3545399991916e-01
1.1898441153629e+04 3.1780466422905e+04 -2.5116008123897e-02
1.5510946277243e+04 3.1702102232646e+04 -2.9548846012988e+00
1.6119139230723e+04 3.1710999564224e+04 -1.0998452963256e+00
1.6119139230723e+04 3.1710999564224e+04 -1.0998452963256e+00
1.7653310817837e+04 3.1602547243890e+04 1.4780427181673e-01
1.5854658996478e+04 3.1776438250383e+04 1.4194398589200e+01
1.7119750966352e+04 3.1455066532088e+04 -9.4995217533145e+00
1.3373007058162e+04 3.1277486498651e+04 -1.7612869606324e+02
1.5240498752562e+04 3.1294475678187e+04 -7.4839985401741e-01
1.4879236478662e+04 3.1134642460425e+04 -9.6616976783400e+00
1.6508875596547e+04 3.1564942587061e+04 -2.2728323144671e+00
1.0329443061501e+04 3.0830103662898e+04 1.7154100897836e+01
1.3557095606275e+04 3.1497769862731e+04 -4.6039419834483e+00
1.0177399484299e+04 3.1362551302325e+04 -1.5984593166787e+02
1.4272015776670e+04 3.1323348377979e+04 9.7829677311914e-01
1.4272015776670e+04 3.1323348377979e+04 9.7829677311914e-01
1.1279143468821e+04 3.1166349426597e+04 2.8868816715916e-01
1.1677561284044e+04 3.1584297784364e+04 2.1232545116317e+01
1.1264026409704e+04 3.1541041901080e+04 1.7375157590190e+02
1.7716710117060e+04 3.1118031922784e+04 -4.5161331038586e+00
1.4227121293859e+04 3.0496094748966e+04 -8.6859774264796e+01
1.4958054320230e+04 3.1925480718021e+04 3.7736030835461e+00
1.4958054320230e+04 3.1925480718021e+04 3.7736030835461e+00
1.5646068509162e+04 3.1826973493353e+04 -3.0762581137153e+00
1.6338635456873e+04 3.1911159921808e+04 9.4126411980557e-01
1.6338635456873e+04 3.1911159921808e+04 9.4126411980557e-01
1.6338635456873e+04 3.1911159921808e+04 9.4126411980557e-01
1.5457116298170e+04 3.1852050220525e+04 -2.9521995739935e+00
1.6604769958009e+04 3.1609650153745e+04 1.6839973669000e+02
1.4320069826306e+04 3.1439193457895e+04 -5.6291292891370e-01
1.3702146578920e+04 3.1418397987489e+04 -5.6926704773362e+00
1.3702146578920e+04 3.1418397987489e+04 -5.6926704773362e+00
1.4555198114488e+04 3.1035899387755e+04 -2.4092145876173e+00
1.5963079930811e+04 3.0745417667357e+04 1.7900303911342e+02
1.5963079930811e+04 3.0745417667357e+04 1.7900303911342e+02
1.3377645349057e+04 3.1081291623501e+04 -3.0221865647630e+00
1.1220214138320e+04 3.1361191140908e+04 -1.1518624587667e+02
1.6485629667477e+04 3.1117954847183e+04 -1.7757547107682e+02
1.0107491946983e+04 3.2323328658058e+04 4.0707161551742e+00
1.2475564540709e+04 3.2050497243626e+04 5.6517418896740e-01
1.1208590362442e+04 3.2056045459826e+04 -5.7799967646925e-02
9.8154873818956e+03 3.2107523569154e+04 1.7573774872830e+02
9.8154873818956e+03 3.2107523569154e+04 1.7573774872830e+02
1.7641467841455e+04 3.2440057779285e+04 -2.1080757292051e+00
1.3249273492631e+04 3.2463289918242e+04 1.7947958572671e+02
1.4702536744779e+04 3.2454114087408e+04 -4.2241416064859e-02
1.4791605622636e+04 3.2371639227687e+04 -3.3552371566497e+00
1.6296580049456e+04 3.1019678747675e+04 -3.1879783445784e+00
1.4488208546544e+04 3.1535813533215e+04 -1.8530375366643e+00
1.7859599547416e+04 3.1483156537423e+04 -1.4497936884161e+00
1.7377681543259e+04 3.1546560835364e+04 3.0882755618661e+00
1.7939506824062e+04 3.1219694918257e+04 1.2176932790819e+00
1.7939506824062e+04 3.1219694918257e+04 1.2176932790819e+00
1.7939506824062e+04 3.1219694918257e+04 1.2176932790819e+00
1.4288883080343e+04 3.1649072046872e+04 -4.0333817035238e+00
1.3312258097646e+04 3.1888721089013e+04 8.8020665270495e-01
1.3312258097646e+04 3.1888721089013e+04 8.8020665270495e-01
1.3513483455462e+04 3.1845312501282e+04 -2.1863206898011e+00
1.5826677359239e+04 3.2237189568451e+04 -3.7230326578162e+00
1.4954844298220e+04 3.1974049550920e+04 -6.3683973048085e-01
1.7106354718533e+04 3.1959652418334e+04 -1.0941773219572e+01
1.7106354718533e+04 3.1959652418334e+04 -1.0941773219572e+01
1.6445193142391e+04 3.1970155610593e+04 -1.7375607542579e+02
1.2668502285217e+04 3.1780887417033e+04 1.7205892030708e+02
1.2984216682775e+04 3.1459378855335e+04 -4.3969978357704e+00
1.7389004171864e+04 3.1136689407632e+04 -1.9034037709450e+00
1.5621357028624e+04 3.1265423657041e+04 -2.9011138244214e+00
1.4768495031142e+04 3.1156331819735e+04 -1.1292334339571e+00
1.4589135063396e+04 3.1245297756725e+04 -5.0501833739984e+00
1.2992566210303e+04 3.1285717302609e+04 -1.7506435961109e+02
1.5471997030790e+04 3.1655458112710e+04 5.0542138422740e+01
1.5471997030790e+04 3.1655458112710e+04 5.0542138422740e+01
1.3025348667078e+04 3.1452773040868e+04 -1.3041469789087e+02
1.3025348667078e+04 3.1452773040868e+04 -1.3041469789087e+02
1.3888838068204e+04 3.1498936469482e+04 -1.5544135607392e+00
1.3394056396715e+04 3.1099777989736e+04 4.1164686234433e-01
1.1033357278095e+04 3.1103768758662e+04 -1.5986109799519e+00
1.0935641337615e+04 3.1074100965273e+04 -3.8183837780233e+00
9.8749560525278e+03 3.1270963938485e+04 1.7830322095679e+02
1.2017306639345e+04 3.0869156517685e+04 -8.0422331151507e-01
1.3137934868698e+04 3.0656715187176e+04 -1.7286689617652e+02
1.0080194867036e+04 3.0994776459352e+04 -8.2153038304086e+00
1.0222171153469e+04 3.1115361421115e+04 5.3562144613751e+00
1.9052333152677e+04 3.1449481578765e+04 -2.4909782271819e+00
1.8471475030296e+04 3.1209929160267e+04 -3.0925575326081e+01
1.8799343896308e+04 3.0629496599817e+04 -1.8235183670204e+00
1.5852759339923e+04 3.1296832453583e+04 -1.6241710195532e+02
