2.3662716877445e+04 2.6217966124143e+03 8.6742211611909e+01
2.2650675837398e+04 2.0551189915054e+03 8.3629436401487e+01
2.2650675837398e+04 2.0551189915054e+03 8.3629436401487e+01
2.2502934405776e+04 2.2357084383788e+03 9.6162543621026e+01
2.2674178830823e+04 1.3504084983317e+03 -7.5803266494519e+01
2.2674178830823e+04 1.3504084983317e+03 -7.5803266494519e+01
2.1789656571631e+04 8.6264410588647e+02 9.8512880613448e+01
2.1789656571631e+04 8.6264410588647e+02 9.8512880613448e+01
2.1789656571631e+04 8.6264410588647e+02 9.8512880613448e+01
2.1936215894449e+04 2.1740079042309e+03 7.1302596743290e+01
1.7527592554029e+04 2.6827450384053e+03 9.8960164989316e+01
2.1118829963734e+04 3.4348197239060e+01 -6.4321397956427e+01
2.1118829963734e+04 3.4348197239060e+01 -6.4321397956427e+01
2.0905804274104e+04 1.5114617387154e+02 1.0045338564128e+02
2.0905804274104e+04 1.5114617387154e+02 1.0045338564128e+02
2.0924711138987e+04 1.3224335148800e+03 1.0750710761920e+02
2.0924711138987e+04 1.3224335148800e+03 1.0750710761920e+02
2.0984579522642e+04 2.4394040052738e+03 9.6525813498102e+01
2.0995975726735e+04 1.3217836151459e+03 9.0007944651339e+01
2.0995975726735e+04 1.3217836151459e+03 9.0007944651339e+01
2.0995975726735e+04 1.3217836151459e+03 9.0007944651339e+01
2.1495776017939e+04 2.1482127782817e+03 8.2039085385224e+01
2.1446643227982e+04 1.6665637319057e+03 8.8254804928652e+01
2.1446643227982e+04 1.6665637319057e+03 8.8254804928652e+01
2.1513636068293e+04 3.0725408394733e+03 8.3611253003592e+01
2.1316924932640e+04 1.7522819957840e+03 -8.6877673400557e+01
2.1199131463775e+04 2.9109849489329e+03 9.0704735514243e+01
2.1276282333379e+04 1.4763744245378e+03 6.2937205274763e+01
2.1276282333379e+04 1.4763744245378e+03 6.2937205274763e+01
2.5474820681214e+04 2.5350044929587e+03 8.9326355961209e+01
2.5478572440567e+04 1.2425197856724e+03 8.8175563590411e+01
2.5478572440567e+04 1.2425197856724e+03 8.8175563590411e+01
2.2222889471311e+04 3.5788311958160e+03 1.0009106480531e+02
2.5020379649626e+04 3.5865394910460e+03 1.1012165922727e+02
2.7625180339455e+04 2.7666526133618e+03 8.2796053325604e+01
2.7787447607088e+04 2.5849324024945e+03 8.3241290446802e+01
2.7689306504475e+04 1.0993528932188e+03 -1.1668042611479e+02
2.7689306504475e+04 1.0993528932188e+03 -1.1668042611479e+02
2.7689306504475e+04 1.0993528932188e+03 -1.1668042611479e+02
2.7571315604759e+04 2.3315459856407e+03 -5.6606232339227e+01
2.7534637260982e+04 2.1988142780591e+03 8.4481236076386e+01
2.7534637260982e+04 2.1988142780591e+03 8.4481236076386e+01
3.0776076691839e+04 2.7896796104605e+03 8.1503366431114e+01
3.0470509889306e+04 2.9004819509275e+03 1.0694726268103e+02
2.9420114438011e+04 2.6953965300540e+03 9.3097168725513e+01
2.9503850602046e+04 1.6606860988456e+03 6.6462039801573e+01
2.9503850602046e+04 1.6606860988456e+03 6.6462039801573e+01
2.8609308696029e+04 3.2336941710189e+03 1.0072200377012e+02
2.8972464233869e+04 2.0619562131928e+03 9.5738668211579e+01
2.7668098712884e+04 1.6097032757445e+03 9.2047804343275e+01
2.7668098712884e+04 1.6097032757445e+03 9.2047804343275e+01
2.7668098712884e+04 1.6097032757445e+03 9.2047804343275e+01
2.9910885468633e+04 1.7113623882173e+03 -3.7593540923858e+01
2.9910885468633e+04 1.7113623882173e+03 -3.7593540923858e+01
2.9834513376020e+04 1.4196901822570e+03 -8.6810440937232e+01
2.9834513376020e+04 1.4196901822570e+03 -8.6810440937232e+01
1.1629545272676e+04 2.4904236146163e+03 9.1765511851022e+01
1.1629137675150e+04 2.2095443246993e+03 9.6785419133400e+01
1.0956852119062e+04 7.3887177271281e+02 5.4667557956278e+00
1.0956852119062e+04 7.3887177271281e+02 5.4667557956278e+00
1.0924713612494e+04 9.7365955807189e+02 -3.9003537567523e+01
1.0924713612494e+04 9.7365955807189e+02 -3.9003537567523e+01
1.1013111111045e+04 1.9554506184098e+03 9.4321609464439e+01
1.6071827374543e+04 2.0825518925440e+03 9.3134073803511e+01
1.9054610905695e+04 1.5607805938371e+03 -9.9701079310315e+01
1.9054610905695e+04 1.5607805938371e+03 -9.9701079310315e+01
1.9053776252713e+04 2.1886341053042e+03 1.0428169067664e+02
1.9068262369169e+04 2.4842483758618e+03 9.5346764030797e+01
1.9017905732468e+04 1.5395346420925e+03 -8.7010622630507e+01
1.9017905732468e+04 1.5395346420925e+03 -8.7010622630507e+01
1.6349837969365e+04 1.8679399817014e+03 1.2140684440864e+02
1.6486236738412e+04 4.2848476385817e+03 9.2596398440881e+01
1.6759399583427e+04 2.0528563535952e+03 -1.2770304885715e+02
1.6579790388884e+04 4.1568952409034e+03 9.6519643777460e+01
1.8419745212322e+04 2.1233756625572e+03 8.1922252645103e+01
1.8467303736265e+04 2.9776314743371e+03 9.7558890269871e+01
1.8464177123545e+04 2.1623662760067e+03 1.0754430477937e+02
1.5800420022799e+04 2.7811047873186e+03 8.5014203118642e+01
1.5702128608624e+04 2.0967030554077e+03 9.3243344073922e+01
1.9734659670242e+04 1.8694070655419e+03 1.1439698041083e+02
1.9734659670242e+04 1.8694070655419e+03 1.1439698041083e+02
1.6291318434383e+04 1.6601451621402e+03 9.6101585582997e+01
1.6219542030096e+04 2.0480289664461e+02 -1.2429633534996e+02
1.6219542030096e+04 2.0480289664461e+02 -1.2429633534996e+02
1.6219542030096e+04 2.0480289664461e+02 -1.2429633534996e+02
1.6369913882515e+04 1.2069343638576e+03 1.3778851696671e+02
1.6369913882515e+04 1.2069343638576e+03 1.3778851696671e+02
1.6368258346186e+04 2.0433469934601e+03 9.2374850513913e+01
1.5738082431283e+04 2.1144130990444e+03 8.9836294722303e+01
1.5814384089438e+04 2.0830590722042e+03 5.0802960292960e+01
9.1529303231401e+03 2.7853767299101e+03 8.6749050877585e+01
1.7357757445090e+04 1.4838600698089e+03 8.8757438848228e+01
1.7357757445090e+04 1.4838600698089e+03 8.8757438848228e+01
1.7491732598243e+04 1.0217899630040e+03 7.0155710777724e+01
1.7491732598243e+04 1.0217899630040e+03 7.0155710777724e+01
1.7397191111113e+04 2.4211368042674e+03 8.7331093001869e+01
1.7415084611465e+04 1.6662713925867e+03 8.6141442837463e+01
1.7415084611465e+04 1.6662713925867e+03 8.6141442837463e+01
1.6480773128039e+04 2.6333657289841e+03 1.0050583915270e+02
1.7539731874017e+04 2.5622158925102e+03 -8.3568339907843e+01
1.8633910399038e+04 1.9539962411216e+03 8.8732356593781e+01
1.6243390355682e+04 2.1623285116568e+03 9.0199891172675e+01
1.6290684051801e+04 2.1965934214605e+03 7.8607631937382e+01
1.6185002481459e+04 1.7567844072667e+03 -1.0037472407971e+02
1.7038170658865e+04 1.4326149731340e+03 1.0565194856724e+02
1.7038170658865e+04 1.4326149731340e+03 1.0565194856724e+02
1.7205838648084e+04 3.2979711353497e+03 8.9871701094714e+01
1.7205117759739e+04 2.1762021487796e+03 8.6003871679030e+01
1.7198242990233e+04 2.1360264047212e+03 9.3155036070668e+01
1.7311591516352e+04 1.5180275665700e+03 8.4096754978173e+01
1.7311591516352e+04 1.5180275665700e+03 8.4096754978173e+01
1.7393890288188e+04 2.6222009906779e+03 8.5252558141126e+01
1.6128834998842e+04 1.9529980288564e+03 9.2568535854582e+01
1.6108724000944e+04 1.9823148134691e+03 9.2078278611525e+01
1.6011112773135e+04 2.0685313413090e+03 1.0898372398635e+02
1.6011112773135e+04 2.0685313413090e+03 1.0898372398635e+02
1.5644516372630e+04 1.0339379428558e+03 -9.5538713059867e+01
1.5644516372630e+04 1.0339379428558e+03 -9.5538713059867e+01
1.5733482597143e+04 1.7583194771661e+03 9.2227289431093e+01
1.5698924869469e+04 2.4495770597557e+03 9.8263745963071e+01
1.5213168399319e+04 1.1568054707884e+03 8.3061901335270e+01
1.5213168399319e+04 1.1568054707884e+03 8.3061901335270e+01
1.3044645957785e+04 2.5447920344198e+03 9.2087482449682e+01
1.3478282414034e+04 2.1648634101277e+03 8.5868272756102e+01
1.3545825698359e+04 2.0703830126575e+03 1.8770703032564e+01
1.3358697291386e+04 1.8653496103585e+03 1.3143707389638e+02
1.0635278983655e+04 1.3440503653915e+03 1.6845177028539e+02
1.2155665956261e+04 2.2405529836732e+03 -9.3167760262237e+01
1.8390884139208e+04 2.1574736210947e+03 9.1254150266049e+01
1.8599299406334e+04 2.1842781730305e+03 7.9391608963347e+01
1.4681247370063e+04 2.4573890596800e+03 9.9814510238602e+01
1.4713683821157e+04 1.9373820807503e+03 1.0382144808879e+02
1.4717211913566e+04 2.1198101532291e+03 9.8385241901031e+01
1.4092578863374e+04 1.0915318162179e+03 -1.0433052396616e+02
1.4092578863374e+04 1.0915318162179e+03 -1.0433052396616e+02
1.4115204954952e+04 1.7920973133047e+03 9.4804275499784e+01
1.4159047377600e+04 2.1037015495942e+03 8.8777182343501e+01
1.4109445039709e+04 4.0849525780913e+03 8.4253426036793e+01
1.1509144677194e+04 8.4054220763414e+02 9.0119793440286e+01
1.1509144677194e+04 8.4054220763414e+02 9.0119793440286e+01
1.1531947137634e+04 1.4544382520643e+03 8.8769330452646e+01
1.1531947137634e+04 1.4544382520643e+03 8.8769330452646e+01
1.3057835352486e+04 3.3960956735402e+03 9.1096788227503e+01
1.2943570769585e+04 1.8753497915881e+03 1.1306824340306e+02
8.1737750559254e+03 2.4953689779880e+03 8.8911373394077e+01
8.5631715197879e+03 1.1149898752226e+03 9.2281146825934e+01
1.2231216125726e+04 2.5938959881200e+03 9.5582098841205e+01
1.2047668094004e+04 3.0239535382834e+03 8.5731325871614e+01
1.0863638081915e+04 -1.4298181208315e+02 1.0964011100187e+02
1.0863638081915e+04 -1.4298181208315e+02 1.0964011100187e+02
1.0958908531925e+04 1.1669430650567e+03 9.2965011478233e+01
1.0958908531925e+04 1.1669430650567e+03 9.2965011478233e+01
2.1487708757789e+04 1.3838083403081e+03 7.4337020335037e+01
2.1487708757789e+04 1.3838083403081e+03 7.4337020335037e+01
2.1487708757789e+04 1.3838083403081e+03 7.4337020335037e+01
2.1409472437194e+04 1.5302464338436e+03 9.0126699703320e+01
2.1409472437194e+04 1.5302464338436e+03 9.0126699703320e+01
2.1966483322514e+04 2.9320153415077e+03 8.6910793268609e+01
2.2378258958197e+04 2.1734794587954e+03 8.0390598899894e+01
2.4611759560071e+04 2.7399576423593e+03 9.4579446074651e+01
2.4735539134247e+04 2.6089831495229e+03 8.6018632271693e+01
2.3174272911473e+04 2.3138178721905e+03 1.0899748132139e+02
2.3137201810641e+04 2.5153652552395e+03 9.8290992504316e+01
2.4162921021709e+04 2.7242251825269e+03 9.2309677420729e+01
2.0992683102955e+04 2.1606970343630e+03 9.0205597544470e+01
2.1116619100485e+04 1.5853748409275e+03 -6.2987926780699e+01
2.1116619100485e+04 1.5853748409275e+03 -6.2987926780699e+01
2.1533221253446e+04 3.1363800862026e+03 8.5068170318348e+01
2.1397935738879e+04 2.3660602281788e+03 9.0822475349810e+01
2.3306234001443e+04 2.1236040480878e+03 1.4347371499122e+02
2.3452494127163e+04 2.1227519004535e+03 8.8440436589060e+01
2.2983577470710e+04 1.1530600719276e+03 8.6848717828700e+01
2.2983577470710e+04 1.1530600719276e+03 8.6848717828700e+01
2.2850681620516e+04 1.3667132854658e+03 1.1411377631918e+02
2.2850681620516e+04 1.3667132854658e+03 1.1411377631918e+02
2.2850681620516e+04 1.3667132854658e+03 1.1411377631918e+02
1.9247155454076e+04 4.1245257471621e+03 9.5730975555778e+01
1.1896483833241e+04 1.8381941753078e+03 1.3930363645667e+02
1.3710054213272e+04 6.0130452838020e+02 -9.7684312051294e+01
1.3710054213272e+04 6.0130452838020e+02 -9.7684312051294e+01
1.3710054213272e+04 6.0130452838020e+02 -9.7684312051294e+01
1.0243952201487e+04 2.3474984326000e+03 9.6629087109058e+01
9.6246340945819e+03 1.9611805037899e+03 -1.0443164013620e+02
1.0818720290959e+04 1.8859321392659e+03 -9.4034958120095e+01
2.7871186785613e+04 2.5374266863757e+03 1.2633572370913e+01
2.7445090355092e+04 1.7969851389802e+03 -3.5716111649080e+01
2.7445090355092e+04 1.7969851389802e+03 -3.5716111649080e+01
2.7324039401444e+04 1.2776095696383e+03 -1.1361546549037e+02
2.7324039401444e+04 1.2776095696383e+03 -1.1361546549037e+02
2.5759995471920e+04 1.9048265237112e+03 -9.0993446863929e+01
2.5759995471920e+04 1.9048265237112e+03 -9.0993446863929e+01
2.5385717551698e+04 2.4694583413135e+03 1.0628858991483e+02
2.2387286858451e+04 1.9501463498120e+03 9.6571167731374e+01
2.2233302723577e+04 1.5591219186814e+03 -1.0066928138819e+02
2.2233302723577e+04 1.5591219186814e+03 -1.0066928138819e+02
1.9362120669300e+04 3.3782186028069e+03 8.3503366385359e+01
2.6065130815686e+04 1.4591237709297e+03 8.0792137427244e+01
2.6504180356450e+04 3.0482564252538e+03 1.1068061637001e+02
2.5962824970568e+04 3.7776127435145e+03 9.8992525949417e+01
2.5449826173108e+04 2.7423734946460e+03 5.9150086741914e+01
2.4787742398623e+04 3.9291189071006e+03 8.7640018424647e+01
2.4161511738710e+04 2.2151006660598e+03 9.6641517798770e+01
2.4288574174450e+04 1.1670235268448e+03 1.2123494213213e+02
2.4288574174450e+04 1.1670235268448e+03 1.2123494213213e+02
2.4288574174450e+04 1.1670235268448e+03 1.2123494213213e+02
2.5651386412195e+04 -4.4314803187347e+01 7.6991790310182e+01
2.3245198056640e+04 3.5841804960305e+03 9.5619007957811e+01
2.4163571023856e+04 2.6848656669269e+03 9.5280677870715e+01
2.4210026508657e+04 1.4850779150535e+03 9.1016163143537e+01
2.4210026508657e+04 1.4850779150535e+03 9.1016163143537e+01
2.4170260622999e+04 1.1864080387605e+03 1.0448981240104e+02
2.4170260622999e+04 1.1864080387605e+03 1.0448981240104e+02
2.2620969203803e+04 1.9338683025877e+03 8.7888064176817e+01
2.2656151614253e+04 3.3288183917350e+03 8.8040127233436e+01
2.2910268839235e+04 2.7796837926257e+03 8.9967674427960e+01
2.3053862631328e+04 8.5878832872839e+02 -7.7996902349754e+01
2.3053862631328e+04 8.5878832872839e+02 -7.7996902349754e+01
2.2209920235035e+04 3.2239940016744e+03 8.7370734947779e+01
2.4505294859865e+04 1.2141289252965e+03 1.5247053723955e+02
2.4505294859865e+04 1.2141289252965e+03 1.5247053723955e+02
2.4750263184069e+04 2.4173438482441e+03 8.9221811982086e+01
2.3063645804261e+04 3.8499686320016e+03 8.1852063015230e+01
2.3969846170576e+04 2.4475706926429e+03 8.9977633250358e+01
2.2080406085620e+04 1.8398701204252e+03 -8.4988303271963e+00
2.2080406085620e+04 1.8398701204252e+03 -8.4988303271963e+00
2.2027919026956e+04 1.1500170268253e+03 9.3328039799665e+01
2.2027919026956e+04 1.1500170268253e+03 9.3328039799665e+01
2.2135046875117e+04 2.2239549985854e+03 -6.5111162328247e+01
2.2074171449681e+04 1.9190566494730e+03 8.0034122385665e+01
2.2074171449681e+04 1.9190566494730e+03 8.0034122385665e+01
2.1769970428930e+04 2.0495453872276e+03 8.2359281903768e+01
2.2413133570727e+04 2.3043623758413e+03 9.0154693894917e+01
2.2379246197585e+04 2.4563922650582e+03 9.2389674043209e+01
2.2351571390829e+04 2.6867370792781e+03 9.6883342133636e+01
2.1942005730827e+04 2.7394066908285e+03 9.1061855720714e+01
2.3400223281224e+04 2.7337319377081e+03 8.2634914232151e+01
2.3285955514608e+04 2.4314539204685e+03 1.0390437582109e+02
2.3285955514608e+04 2.4314539204685e+03 1.0390437582109e+02
1.9441653359255e+04 2.1697266698822e+03 9.8188048205977e+01
1.9568158000927e+04 2.9456452250363e+03 7.2632829578500e+01
1.9949820873643e+04 1.6471156538348e+03 9.1605718512670e+01
1.9904265199035e+04 1.0596084035456e+03 1.3888086744626e+02
1.9904265199035e+04 1.0596084035456e+03 1.3888086744626e+02
2.4948990329526e+04 3.1467126940986e+03 8.4965116128835e+01
2.4214740899959e+04 7.2524423113259e+02 7.8119829134939e+01
2.4214740899959e+04 7.2524423113259e+02 7.8119829134939e+01
2.4049490993466e+04 6.4389116346083e+02 1.1112590056987e+02
2.4049490993466e+04 6.4389116346083e+02 1.1112590056987e+02
2.4028978484276e+04 1.7958521973244e+03 1.0308842581029e+02
2.4028978484276e+04 1.7958521973244e+03 1.0308842581029e+02
2.4147399383634e+04 7.6159888925026e+02 -9.3567870282270e+01
2.4147399383634e+04 7.6159888925026e+02 -9.3567870282270e+01
2.4225822719033e+04 2.9256761592205e+03 2.4967862871119e+01
2.1380877267905e+04 3.6629646715456e+03 9.2064517229427e+01
2.6595530704354e+04 3.6527378366779e+03 9.0950026544412e+01
2.7819598803188e+04 1.6946243443184e+03 9.3403862362213e+01
2.7878833954827e+04 1.8598044678096e+03 8.9706064405732e+01
2.7878833954827e+04 1.8598044678096e+03 8.9706064405732e+01
2.1618562270851e+04 2.3200004269050e+03 9.7957973618258e+01
2.1674530046237e+04 2.9559053623099e+03 8.9550670822406e+01
2.3755662290164e+04 3.6058791507144e+03 9.6043376578470e+01
9.6401272472402e+03 1.1902037996921e+03 -9.4779611543023e+01
9.6401272472402e+03 1.1902037996921e+03 -9.4779611543023e+01
1.0010721220641e+04 3.9993412708831e+03 8.7657372504671e+01
1.4262280459763e+04 6.5843868063744e+02 8.2758576129319e+01
1.4226648684411e+04 1.6593598374980e+03 9.0350628556475e+01
1.4226648684411e+04 1.6593598374980e+03 9.0350628556475e+01
1.4162910404168e+04 1.4553555746122e+03 9.5084435597435e+01
2.0202749621234e+04 1.5138153060999e+03 8.3449676370880e+01
2.0202749621234e+04 1.5138153060999e+03 8.3449676370880e+01
1.7064022466818e+04 1.7807257226401e+03 7.8916587940085e+01
1.7122012652757e+04 1.6091396934433e+03 8.2267486893471e+01
1.7122012652757e+04 1.6091396934433e+03 8.2267486893471e+01
1.7007028734200e+04 1.3452461501781e+03 9.8288091095899e+01
1.7007028734200e+04 1.3452461501781e+03 9.8288091095899e+01
1.6976349533004e+04 2.2839720643688e+03 9.7454109473788e+01
2.0343923003603e+04 2.7862163479939e+03 -6.5695688627047e+01
2.1340449093148e+04 2.0381420565923e+03 9.4156950256837e+01
2.1416381130663e+04 1.3101896732844e+03 9.0814072231059e+01
2.1416381130663e+04 1.3101896732844e+03 9.0814072231059e+01
2.1416381130663e+04 1.3101896732844e+03 9.0814072231059e+01
2.1690305985125e+04 7.3573149774818e+02 1.1700246290899e+02
2.1690305985125e+04 7.3573149774818e+02 1.1700246290899e+02
2.4389127959640e+04 1.6373031827790e+03 -8.9083296822896e+01
2.4443316071695e+04 2.2307969132094e+03 9.0177511487639e+01
2.4443316071695e+04 2.2307969132094e+03 9.0177511487639e+01
2.4512101638644e+04 1.2457049296282e+03 -6.3272059488379e+01
2.4512101638644e+04 1.2457049296282e+03 -6.3272059488379e+01
1.7928980556393e+04 1.7726814415317e+03 1.0487207469624e+02
1.8015881201469e+04 2.3219730825912e+03 -7.1132822701850e+01
1.9296656071801e+04 3.5631205293333e+03 8.3633263744882e+01
1.7191611086566e+04 3.2890246155971e+03 9.4538586829161e+01
2.5684637052250e+04 1.8311055077874e+03 9.1297056430469e+01
2.5684637052250e+04 1.8311055077874e+03 9.1297056430469e+01
2.5863182083893e+04 1.3828259729752e+03 2.0436310456119e+01
2.5863182083893e+04 1.3828259729752e+03 2.0436310456119e+01
2.4449161577017e+04 2.2986179006195e+03 9.8335144338466e+01
2.4449161577017e+04 2.2986179006195e+03 9.8335144338466e+01
2.4554732650046e+04 2.4657386705841e+03 8.2040607748683e+01
2.0881647051051e+04 2.6426082029570e+03 -6.8181942134163e+01
2.0800801241868e+04 2.1529526611434e+03 9.6804194410574e+01
2.0947861062166e+04 1.3970703147723e+03 -6.9206144631350e+01
2.0947861062166e+04 1.3970703147723e+03 -6.9206144631350e+01
2.3935169555370e+04 2.9777985761479e+03 6.8645413628499e+01
2.3516205019542e+04 1.6492600738695e+03 1.0988523347944e+02
2.3516205019542e+04 1.6492600738695e+03 1.0988523347944e+02
2.3557005468542e+04 2.5027086164243e+03 9.1060003137243e+01
2.3517358134009e+04 2.0560006278167e+03 9.2395217852532e+01
2.3517358134009e+04 2.0560006278167e+03 9.2395217852532e+01
2.3571953560022e+04 1.8089526616668e+03 8.4156149544130e+01
2.3571953560022e+04 1.8089526616668e+03 8.4156149544130e+01
2.3673542564803e+04 3.3095183949453e+03 8.4203147850879e+01
2.4842935180097e+04 1.6691144130384e+03 1.0105444188623e+02
2.4842935180097e+04 1.6691144130384e+03 1.0105444188623e+02
2.4808333643734e+04 2.5781037672716e+03 9.5788369004699e+01
2.3607921600125e+04 1.7947613932151e+03 9.2833931858358e+01
2.3607921600125e+04 1.7947613932151e+03 9.2833931858358e+01
2.3638740927606e+04 1.4621731795546e+03 8.8823619817359e+01
2.3638740927606e+04 1.4621731795546e+03 8.8823619817359e+01
2.4436807374206e+04 3.0111577671230e+03 7.4358941567678e+01
2.4274862533799e+04 2.5671540949794e+03 1.0673207896957e+02
2.3993969917008e+04 2.9918334853416e+03 9.9407730015585e+01
2.4023706026485e+04 2.6410775903969e+03 9.7325923765226e+01
2.4195797072487e+04 1.1094328884767e+03 5.3911382234221e+01
2.4195797072487e+04 1.1094328884767e+03 5.3911382234221e+01
2.4964478912785e+04 3.9526429621542e+03 9.1765400462876e+01
2.5140432668446e+04 1.8477618336022e+03 -5.4515127774924e+01
2.4279284381106e+04 8.5574507885981e+02 -1.0634600960244e+02
2.4279284381106e+04 8.5574507885981e+02 -1.0634600960244e+02
2.4292936056165e+04 2.2886184831412e+03 9.2396564836588e+01
2.4346717032876e+04 2.6743055627232e+03 8.7774072135433e+01
1.8893948207420e+04 2.2296741627958e+03 8.9433858819391e+01
2.3526274898904e+04 2.6139896530609e+03 9.0745389777987e+01
2.5891903967078e+04 2.1778203068262e+03 5.9736132677221e+01
2.5639448530559e+04 1.7194680064324e+03 1.1166277672764e+02
2.5639448530559e+04 1.7194680064324e+03 1.1166277672764e+02
2.5508755699097e+04 2.4768742383660e+03 9.4721947870709e+01
2.5797801249097e+04 1.4165170186152e+03 5.9368226824898e+01
2.5797801249097e+04 1.4165170186152e+03 5.9368226824898e+01
2.2169621136665e+04 1.9668082690702e+03 9.1743707678196e+01
2.2169621136665e+04 1.9668082690702e+03 9.1743707678196e+01
2.2029019022668e+04 2.2169977496913e+03 1.1784192819469e+02
2.2070595855281e+04 2.7969931327361e+03 9.9798306919525e+01
2.1413488535546e+04 3.4820443925547e+03 9.8485100958718e+01
2.0922586694452e+04 2.5269538936707e+03 7.4818362728612e+01
2.0136638104533e+04 1.9577362395244e+03 1.1783002970664e+02
2.0809961433773e+04 2.3538026118571e+03 9.3829293400844e+01
2.0120496615838e+04 2.3617476688007e+03 -7.7029852818227e+01
2.2340758365008e+04 2.5193708402339e+03 9.2441639370267e+01
2.2416742524523e+04 1.5091435581444e+03 9.3782898572768e+01
2.2416742524523e+04 1.5091435581444e+03 9.3782898572768e+01
2.2552059699705e+04 1.1119851860668e+03 -7.4357062458385e+01
2.2552059699705e+04 1.1119851860668e+03 -7.4357062458385e+01
2.2552059699705e+04 1.1119851860668e+03 -7.4357062458385e+01
1.8952699655487e+04 1.6759556199012e+03 1.2242077440754e+02
1.8952699655487e+04 1.6759556199012e+03 1.2242077440754e+02
1.8952699655487e+04 1.6759556199012e+03 1.2242077440754e+02
2.4733653856717e+04 1.2236051400358e+03 -6.5118307409975e+01
2.4733653856717e+04 1.2236051400358e+03 -6.5118307409975e+01
2.4733653856717e+04 1.2236051400358e+03 -6.5118307409975e+01
2.0408561883793e+04 2.6247356348294e+03 9.2090192942022e+01
2.2955203576019e+04 2.2670106744934e+03 9.6718066252730e+01
2.2955203576019e+04 2.2670106744934e+03 9.6718066252730e+01
2.2983315224268e+04 1.9215250040555e+03 9.5931407587742e+01
2.2883178475424e+04 3.9649350638595e+03 1.0365916982651e+02
1.6747234929005e+04 1.8251832474491e+03 9.7440074253149e+01
1.6787919943461e+04 8.9855519493559e+02 -1.0690494098030e+02
1.6787919943461e+04 8.9855519493559e+02 -1.0690494098030e+02
1.6787919943461e+04 8.9855519493559e+02 -1.0690494098030e+02
1.6736076792360e+04 1.6711370766013e+03 -1.0157231687143e+02
1.6894254801353e+04 4.1819373155216e+02 -8.1418434507152e+01
1.6894254801353e+04 4.1819373155216e+02 -8.1418434507152e+01
1.6894254801353e+04 4.1819373155216e+02 -8.1418434507152e+01
1.6710085342657e+04 1.3370498005433e+03 9.2062621363439e+01
1.6710085342657e+04 1.3370498005433e+03 9.2062621363439e+01
1.6784769037291e+04 2.1788672529976e+03 8.5566929048366e+01
1.6315457905113e+04 1.4364705789184e+03 -9.4464400520011e+01
1.6315457905113e+04 1.4364705789184e+03 -9.4464400520011e+01
1.6425709824946e+04 2.8124232742200e+03 8.4693554993749e+01
2.1381594878233e+04 1.6655832755356e+03 9.0991966466178e+01
1.9779120287234e+04 2.6066467874091e+03 9.7629794116533e+01
1.9838670224848e+04 2.8488754482308e+03 9.3437279952913e+01
1.9290527208457e+04 3.0773903198477e+03 1.0004627502631e+02
3.3307023981275e+04 3.8739265046974e+03 9.1411115705090e+01
3.2204629520879e+04 1.6402805559920e+03 -8.5489128340019e+01
3.2204629520879e+04 1.6402805559920e+03 -8.5489128340019e+01
3.2233553936338e+04 2.1919664933539e+03 -8.4873045819141e+01
3.2233553936338e+04 2.1919664933539e+03 -8.4873045819141e+01
3.2184862104512e+04 2.8071731457997e+03 9.0766557502149e+01
2.8720756707724e+04 2.3527540114432e+03 9.4553569317082e+01
2.8818906400275e+04 2.1225701336184e+03 9.0784902672814e+01
2.8818906400275e+04 2.1225701336184e+03 9.0784902672814e+01
2.8390692956823e+04 4.2252027546121e+03 9.0407445306572e+01
3.0068882879661e+04 2.0793486143205e+03 9.8535431950123e+01
3.0106437032100e+04 1.9525252632617e+03 -1.0406796217465e+02
3.0106437032100e+04 1.9525252632617e+03 -1.0406796217465e+02
3.0214110469834e+04 4.5804524029442e+03 8.9118341333077e+01
3.4333648268919e+04 2.6427981014645e+03 1.0327398884519e+02
3.4453198565905e+04 1.7177087499138e+03 -8.5364978670466e+01
3.4453198565905e+04 1.7177087499138e+03 -8.5364978670466e+01
3.3766938761476e+04 2.9724489190467e+03 8.2754939329980e+01
3.2498088891763e+04 1.9429336431223e+03 1.0182968591555e+02
3.2498088891763e+04 1.9429336431223e+03 1.0182968591555e+02
3.2593507134029e+04 1.7654419947947e+03 8.3027566668792e+01
3.2593507134029e+04 1.7654419947947e+03 8.3027566668792e+01
3.2624585667664e+04 3.3456285885914e+03 -5.4310160080500e+01
3.2294517020634e+04 1.7699428064878e+03 -9.4521544796258e+01
3.2294517020634e+04 1.7699428064878e+03 -9.4521544796258e+01
3.2280488215475e+04 2.6702080808965e+03 9.5996861428782e+01
3.0382668878183e+04 3.1152851923355e+03 8.1704987656944e+01
3.2401879209336e+04 3.7057331584483e+03 9.0630566191612e+01
3.2365910118099e+04 2.8570498082603e+03 1.0153244512906e+02
3.2145719479168e+04 2.2461503690972e+03 1.0059015110424e+02
3.2145719479168e+04 2.2461503690972e+03 1.0059015110424e+02
3.2214803809097e+04 2.4396137223082e+03 9.0179648909933e+01
3.2214803809097e+04 2.4396137223082e+03 9.0179648909933e+01
3.2128760635715e+04 2.9130069376769e+03 1.0766481529358e+02
3.2505910833532e+04 3.7955517435259e+03 9.1625185443251e+01
3.0442693680636e+04 2.5909187044878e+03 9.2259773884606e+01
3.1795849789751e+04 2.7322734581957e+03 9.9078275338610e+01
3.2013583109580e+04 2.2115198570634e+03 6.7288228128781e+01
2.5874261766250e+04 2.8857718377408e+03 9.3874419242238e+01
2.8080223628393e+04 1.9589405083597e+03 9.9370523503477e+01
2.8080223628393e+04 1.9589405083597e+03 9.9370523503477e+01
2.8175896216595e+04 2.4483582582746e+03 8.8631357131560e+01
2.8104898377298e+04 3.3152813316875e+03 9.3748425215759e+01
3.1203927000394e+04 3.8881564881242e+03 9.9844060591063e+01
3.1247706797994e+04 1.9913940283964e+03 -9.2098281776456e+01
3.1247706797994e+04 1.9913940283964e+03 -9.2098281776456e+01
2.9385953432851e+04 1.8602285276697e+03 9.2292981136631e+01
2.9385953432851e+04 1.8602285276697e+03 9.2292981136631e+01
2.9341273219666e+04 1.5876415404243e+03 1.2130741420475e+02
2.9341273219666e+04 1.5876415404243e+03 1.2130741420475e+02
2.9422555824139e+04 1.9168120974754e+03 8.7549187686897e+01
2.9422555824139e+04 1.9168120974754e+03 8.7549187686897e+01
2.8547344192292e+04 4.5159680898582e+02 -1.1084048470268e+02
2.8750136261410e+04 1.1815270579155e+03 -8.9742436628209e+01
2.1756500058683e+04 2.1119773715518e+03 9.6788746674104e+01
2.1756500058683e+04 2.1119773715518e+03 9.6788746674104e+01
2.1775963288095e+04 8.7589547209158e+02 -9.3297923004354e+01
2.1775963288095e+04 8.7589547209158e+02 -9.3297923004354e+01
2.2059302580778e+04 2.7616266955946e+03 9.2177630846321e+01
2.2120687161665e+04 2.0911539136831e+03 1.0966371433074e+02
2.2119713009464e+04 1.9400350603849e+03 9.2453754007314e+01
2.2119713009464e+04 1.9400350603849e+03 9.2453754007314e+01
2.1819780221920e+04 2.4422115623503e+03 8.8920527108874e+01
2.1872745084470e+04 1.9332257522472e+03 4.1661712694888e+01
2.1855240113297e+04 2.7947666463864e+03 8.5950039826761e+01
2.1740163182791e+04 1.0051145890868e+03 5.2708063633034e+01
2.1740163182791e+04 1.0051145890868e+03 5.2708063633034e+01
2.1717039011290e+04 2.2021253978551e+03 8.6291521858743e+01
2.1717039011290e+04 2.2021253978551e+03 8.6291521858743e+01
2.0502807389388e+04 2.5645396185012e+03 -1.5482915427322e+02
2.0432317108137e+04 2.9847210803594e+03 1.0925510974665e+02
2.1883900929430e+04 2.3980177020972e+03 8.4842482496035e+01
2.3818107168826e+04 3.1059673443774e+03 9.0164451655736e+01
1.5540404593694e+04 1.1925411118043e+03 7.3719966491184e+01
7.8103773111006e+03 1.7362746582585e+03 9.3365457002147e+01
7.6896679208825e+03 2.9218354542430e+03 8.5098999571200e+01
1.9004633091055e+04 3.1918549403604e+03 8.0659021534718e+01
1.8617513350178e+04 2.0668314927597e+03 7.1549499734764e+01
1.8393885220300e+04 2.7528858338275e+03 9.8701220101806e+01
2.1895930255365e+04 8.7631837227965e+02 1.2084855254329e+01
2.1895930255365e+04 8.7631837227965e+02 1.2084855254329e+01
2.1742169703987e+04 1.5343311687884e+03 9.6200709030949e+01
2.1742169703987e+04 1.5343311687884e+03 9.6200709030949e+01
1.7842758988012e+04 1.5827152911815e+03 1.0400401697310e+02
1.7842758988012e+04 1.5827152911815e+03 1.0400401697310e+02
1.7999146075671e+04 1.5206334333010e+03 7.2672106878356e+01
1.7999146075671e+04 1.5206334333010e+03 7.2672106878356e+01
1.6165293160814e+04 2.0655228202405e+03 9.1868597671775e+01
1.6165293160814e+04 2.0655228202405e+03 9.1868597671775e+01
1.6400098362290e+04 2.1333088867776e+03 4.8309213439141e+01
1.6161424903305e+04 2.2339718912464e+03 9.2855056008117e+01
1.6279642877082e+04 1.6427548759720e+03 5.6191962061597e+01
1.4546753462091e+04 3.3449186879277e+03 8.9404421141509e+01
1.7695367189040e+04 2.9963672074774e+03 9.0099880747691e+01
1.7612384806900e+04 2.2169560153721e+03 1.4612680280250e+02
1.7940797400105e+04 1.2846029535764e+03 8.1705492546280e+01
1.7940797400105e+04 1.2846029535764e+03 8.1705492546280e+01
1.7843690995632e+04 1.4401021784857e+03 8.8316452750989e+01
1.7843690995632e+04 1.4401021784857e+03 8.8316452750989e+01
1.7738577921797e+04 8.7473976765062e+02 1.0302204249138e+02
1.7738577921797e+04 8.7473976765062e+02 1.0302204249138e+02
1.7822396228877e+04 1.3807601174081e+03 9.0662547679082e+01
1.7822396228877e+04 1.3807601174081e+03 9.0662547679082e+01
1.8248017884491e+04 2.4993567627366e+03 9.1104548854743e+01
1.8217441816716e+04 1.9647551628191e+03 -1.4978249488109e+00
1.8212633270736e+04 1.9368886431855e+03 8.7053559201585e+01
1.6681674933907e+04 2.4766545381460e+03 1.0167426840680e+02
1.7189286595201e+04 1.8592720423598e+03 8.6642903748985e+01
2.0493470157175e+04 1.6376855446870e+03 9.1709335940877e+01
2.0493470157175e+04 1.6376855446870e+03 9.1709335940877e+01
2.0489211544642e+04 2.0004703770556e+03 9.1280272590028e+01
2.0489211544642e+04 2.0004703770556e+03 9.1280272590028e+01
1.9918612643386e+04 1.6544386262658e+03 -4.2494333991551e+01
1.9918612643386e+04 1.6544386262658e+03 -4.2494333991551e+01
2.1438721766399e+04 2.8446556974724e+03 -7.8625426217960e+01
8.9210032836186e+03 1.2170324490520e+03 9.6711068389964e+01
1.0716836470070e+04 3.3914996254775e+03 1.1595574321064e+02
