4.3779751373855e+02 1.5881739470231e+04 8.7835718580423e+01
3.7405180752051e+02 1.7204425277127e+04 8.6078136930696e+01
-8.1499984173232e+02 2.6256861133628e+04 9.0170435263775e+01
-5.9192387560706e+02 2.2137681189012e+04 8.7748883396195e+01
-7.1269304544613e+02 2.0907015635307e+04 8.7300491098551e+01
-7.6691971689199e+02 2.0257116426285e+04 9.1354023069828e+01
-5.0079647478289e+02 2.6626281139194e+04 8.9067649578090e+01
-1.0231300676459e+03 2.8482507535808e+04 8.9561357497761e+01
-1.2854436034670e+03 2.4649460611435e+04 -9.4904917112825e+01
-1.1397671892417e+03 2.3088442580711e+04 8.7186177709464e+01
-1.3162207121302e+03 2.2330217897668e+04 9.3247257857997e+01
-1.2762877674972e+03 2.4974823567871e+04 8.9909769564172e+01
-1.1659971022738e+03 2.4397239256257e+04 8.7120542232412e+01
-1.3587247940269e+03 2.5428890810189e+04 8.9891651514717e+01
-1.3808252705351e+03 2.6494844408423e+04 8.9925085790640e+01
-1.0253089660378e+03 2.4927496681201e+04 8.7839402569823e+01
-7.1014628214800e+02 2.1152681492066e+04 -9.1179223734585e+01
-6.5852164698699e+02 2.3367359386118e+04 9.0459571202424e+01
-4.4953577937961e+02 2.3953839660815e+04 8.9614284366708e+01
-5.2536988891128e+02 2.9148348609709e+04 8.9932307115474e+01
-8.5954083521670e+02 3.0948969993200e+04 8.8350817694511e+01
-9.2066302528486e+02 3.3037503390991e+04 9.3917819493947e+01
-4.4053534091871e+02 2.5520310705469e+04 -8.4722862411067e+01
-1.2818677403173e+03 2.5568978671576e+04 9.0187731059020e+01
-1.3729638493474e+03 2.1728993993154e+04 9.4191977082969e+01
-1.2909674437515e+03 2.2500658822091e+04 -9.4981664024842e+01
-1.3565617040161e+03 2.4739320731660e+04 9.1121152579333e+01
-1.1597503890253e+03 1.8111143178519e+04 8.9283482200265e+01
-1.0898122059971e+03 1.8156826464766e+04 -8.8304477366869e+01
-1.1992443930866e+03 2.0279986121537e+04 9.0078809229419e+01
-9.9112587432875e+02 1.8865520475141e+04 -9.1496888381688e+01
-1.0429074770985e+03 1.7176608625543e+04 -8.8579616144650e+01
-1.0463197212849e+03 1.7956591819994e+04 8.9859285665513e+01
-1.0920434137705e+03 1.8736463778903e+04 9.0839751902574e+01
-1.0511361061320e+03 2.0899326269198e+04 -9.4305007978883e+01
-1.0667053761526e+03 2.2240080712758e+04 8.8436132174251e+01
-5.9575820286480e+02 2.0476240362261e+04 8.8901373834326e+01
-7.6793940165448e+02 2.5672337692284e+04 8.1304781152360e+01
-8.3558364219263e+02 2.6800517603481e+04 9.0153164545727e+01
-9.0153716002056e+02 2.8621375893874e+04 8.9668425140562e+01
-8.9445882354276e+02 2.7265822048368e+04 9.0230684987084e+01
-6.7107352027043e+02 1.5404296223264e+04 -9.1431161794766e+01
-8.5812674068160e+02 1.9078100967502e+04 9.0792667004791e+01
-3.0635326785516e+02 1.6770324079469e+04 9.0950433298854e+01
-2.0686949599437e+02 1.7247014252096e+04 8.9426524849221e+01
-3.0592089491244e+02 1.9606310542717e+04 9.0698383512844e+01
-3.5008358828671e+02 2.0542929753096e+04 9.2315443045909e+01
2.1363515696169e+02 1.3115600506715e+04 -7.8865062986671e+01
-4.1230905425860e+02 1.7353265195251e+04 -8.0577455364373e+01
-4.0459476556199e+02 1.8839227750511e+04 9.0071494125457e+01
-3.6202061021551e+02 1.9191015966788e+04 8.9012179246597e+01
-3.2926841849101e+02 1.7616304870478e+04 8.7987225910974e+01
-2.4163327239889e+02 1.7523389482863e+04 7.9299993211116e+01
-3.1811734434358e+02 2.2368305412399e+04 8.6905221635476e+01
-2.7800627074411e+02 2.2683420216660e+04 9.0396716813326e+01
-4.7134069609738e+02 2.2393506699922e+04 8.9947001717568e+01
-6.3945486543813e+02 2.8375356383589e+04 9.0597089799741e+01
-5.6366527672477e+02 2.6468083551747e+04 8.4784285883752e+01
-3.0257990022403e+02 2.6177129283351e+04 8.8149076659405e+01
-1.1750432187091e+03 2.5081008032913e+04 9.0004638277945e+01
-1.1642282305660e+03 2.4549423337815e+04 -7.6128887711662e+01
-8.1846837666111e+02 2.6833019861980e+04 9.1729616191175e+01
-8.9319842251075e+02 2.1891111466056e+04 9.6549137676573e+01
-9.6418588470097e+02 2.2456493769688e+04 9.1220190205098e+01
-8.7045212700116e+02 2.3317848873227e+04 9.5089481447195e+01
-5.7710009257675e+02 2.5387366597934e+04 -8.7986653563580e+01
-8.2642691457216e+02 2.0898759951463e+04 -7.6746975785519e+01
-4.4554684347230e+02 2.2833584260966e+04 8.8129509359451e+01
-5.4052837995325e+02 1.8705896273393e+04 7.6247825116992e+01
-5.5522363117746e+02 1.9136783834320e+04 9.0418724439265e+01
-5.2607861971820e+02 1.8396392847437e+04 9.2149183550785e+01
-3.3177252644351e+02 1.4797231145840e+04 8.5713408547654e+01
-6.1394968015921e+02 2.0657240185274e+04 8.8981537395186e+01
-6.3309114506384e+02 1.9169719118017e+04 -7.2647784533782e+01
-1.6340760980487e+02 2.4814990252341e+04 8.8614761577299e+01
-7.8399313762243e+02 2.4479591108002e+04 8.8381167665326e+01
-9.6305081979389e+02 2.5190666155698e+04 8.9409423000560e+01
-9.8794981698358e+02 2.4720369090425e+04 9.0736477575447e+01
-4.4528746566046e+02 2.7344943273929e+04 8.9694651091871e+01
-8.1730606342626e+02 2.3419430854258e+04 8.9936533011940e+01
-1.7383291067867e+03 2.9456870662674e+04 -8.3903088298578e+01
-1.6117076037646e+03 2.6467886786873e+04 -8.8242406331145e+01
-1.3003183017572e+03 2.6231967219241e+04 8.9443820345790e+01
-1.2361016467920e+03 2.4313977136876e+04 -8.6406835774269e+01
-1.3636749969065e+03 2.6434145058867e+04 8.9346407502623e+01
-1.4634141919593e+03 2.5530474318723e+04 -1.0374704875645e+02
-1.1048255559101e+03 2.7994306498820e+04 -1.0118250469705e+02
-1.1682058711058e+03 2.7306202941428e+04 9.0829166688893e+01
-1.1824827778308e+03 2.7040965278137e+04 8.9101389127077e+01
-1.1844299416406e+03 2.7677724912157e+04 8.7622615492937e+01
-1.5137724415981e+03 2.7587323634548e+04 9.0336885470296e+01
-1.5684004755519e+03 2.8262775012993e+04 9.0735300531118e+01
-1.4550827512220e+03 2.7580451224235e+04 9.1041454604045e+01
-1.0834590253325e+03 2.6335696805386e+04 8.6931320407645e+01
-1.1731585736586e+03 2.8232786039904e+04 8.9030192781750e+01
-1.2592934477725e+03 2.9476626167241e+04 9.2053309854627e+01
-1.1178592453628e+03 2.5495975165935e+04 8.7428374575241e+01
-9.5484193420692e+02 2.3575169519616e+04 8.7691145048519e+01
-1.0136471501692e+03 2.0837275385996e+04 9.1638827087843e+01
-1.0362057579659e+03 2.2132884911550e+04 8.9603924833501e+01
-7.6943894340997e+02 2.2240251694589e+04 8.9475227501707e+01
-9.3759015902528e+02 2.2629305832172e+04 -9.9819064500879e+01
-4.1756522230719e+02 2.2171053442824e+04 9.0506237162760e+01
-4.1958218796509e+02 2.1979553397024e+04 8.6508125649734e+01
-5.3816217669198e+01 1.9665218147834e+04 7.9735532253596e+01
-2.7424245287423e+01 2.1252314518932e+04 8.9835330652029e+01
-6.5342416029582e+02 2.6090470986283e+04 8.7777474188124e+01
-1.2726970756967e+03 2.2204163591670e+04 8.4860491754354e+01
-1.1549280966007e+03 2.2725205120810e+04 8.7598995232266e+01
-5.5005557034918e+02 3.2762020838680e+04 8.8719783041942e+01
-5.4492121674723e+02 3.3991296177350e+04 8.8223412736849e+01
-1.1533974936576e+03 2.9185200067300e+04 8.8582519444727e+01
-1.2321710570139e+03 2.7810432015761e+04 8.8102179013606e+01
-9.3614462436916e+02 2.7812920452474e+04 8.9899447039479e+01
-1.1955642734257e+03 2.9792063418367e+04 9.2055223863567e+01
-1.0995311764689e+03 2.7292047931091e+04 -9.0011067070541e+01
-1.3345583590479e+03 2.5391290296445e+04 9.1209592054929e+01
-1.3881172620006e+03 2.6774727711284e+04 9.2958385132580e+01
-1.1632572220696e+03 2.5318765942674e+04 9.0923780461774e+01
-1.0091284571240e+03 3.0124527747553e+04 9.0014228670589e+01
-1.1999834623283e+03 2.7904660027065e+04 -9.3219988801328e+01
-1.0778132010516e+03 2.8538436360238e+04 8.8523418332337e+01
-9.5992508909018e+02 2.3400440143937e+04 8.9553275681310e+01
-1.0090270482882e+03 2.2617555086225e+04 9.0328823416581e+01
-1.0557282939405e+03 2.2436161690634e+04 9.0406832505996e+01
-4.0465091587075e+02 1.9852023518812e+04 8.9085042596726e+01
-3.9126632397234e+02 2.5968531941903e+04 9.1291549544751e+01
-1.5612882586228e+03 2.5694924184588e+04 8.8693269912188e+01
-1.5587319716420e+03 2.6091680386621e+04 8.9315087872377e+01
-1.3953019673279e+03 2.5753621130356e+04 -8.9358646764421e+01
-1.4073223829709e+03 2.7400525279261e+04 9.0211603294983e+01
-1.4220378554879e+03 2.2999713725347e+04 -8.5003935417738e+01
-1.4373382424015e+03 2.5420417037877e+04 8.9104579134309e+01
-1.4743602325569e+03 2.3313654710506e+04 8.9659557419134e+01
-1.5311162266533e+03 2.6451985471092e+04 8.9433659836355e+01
-1.4711621893598e+03 2.4353288311744e+04 8.2672893438756e+01
-1.5294527409965e+03 2.4520515310719e+04 9.2550734919471e+01
-1.7341106621913e+03 2.2921416741676e+04 3.3073758629329e+01
-1.6448168884681e+03 2.5923927397370e+04 8.9823307378808e+01
-1.7071207077501e+03 2.5138316780589e+04 9.0904369762387e+01
-1.2714215282679e+03 2.4898689222141e+04 9.1228733157744e+01
-1.3539501012817e+03 2.7405534720761e+04 9.0110366349414e+01
-1.3921718374022e+03 2.7165168750916e+04 -9.3742354449596e+01
-1.5111578058889e+03 2.3839659069836e+04 9.2383692778719e+01
-1.4431901291582e+03 2.4985668552165e+04 6.9567724079340e+01
-1.4207552960295e+03 2.5351166365498e+04 9.1000112694637e+01
-1.4171711942917e+03 2.5073548322886e+04 8.7745298365313e+01
-1.4946372315204e+03 2.5431245257466e+04 8.9554791480313e+01
-1.6574934529160e+03 2.4028041697183e+04 -9.1236317890193e+01
-1.5347537225450e+03 2.2989347319780e+04 8.9228706569115e+01
-1.2837890455109e+03 2.4624122763188e+04 8.8618625399945e+01
-1.1456138663861e+03 2.2416307768824e+04 -8.9596330329934e+01
-8.7836867934409e+02 2.4453219688414e+04 9.0027991646077e+01
-9.4537955620061e+02 2.4820164608436e+04 9.0695972133183e+01
-8.8599538433083e+02 2.2740160546266e+04 8.5967022835304e+01
-1.3167944226738e+03 2.6752443537877e+04 9.1038225777991e+01
-1.3332867471822e+03 2.6726053786960e+04 9.0353821788350e+01
-1.4730845715540e+03 2.2129018601035e+04 9.1741083125211e+01
-9.8027188363142e+02 2.1944453421613e+04 8.8219136228148e+01
-9.9663600969409e+02 2.3079314722464e+04 8.8451946701208e+01
-1.0134223412818e+03 2.0656837815603e+04 9.2702168337633e+01
-1.3205924653687e+03 2.0401797280517e+04 9.3202354731562e+01
-1.3050099393174e+03 2.0853612092812e+04 9.1284660823535e+01
-1.0545568453108e+03 2.6358005630439e+04 -9.0498715844879e+01
-1.1555253765797e+03 2.7597805089222e+04 9.3621755953988e+01
-1.0025450449310e+03 2.4042558111783e+04 8.8377785927034e+01
-6.1072040479333e+02 2.2192460179017e+04 9.1113557569969e+01
-5.1729982273115e+02 2.1283685569385e+04 8.9618673470991e+01
-6.9073569035539e+02 2.0866791131277e+04 -9.0422297073432e+01
-3.5995501496619e+02 2.3146021602011e+04 8.7930658856254e+01
-6.3348317519670e+02 2.6901303143390e+04 8.8503848309171e+01
-1.0825719532987e+03 2.8586983568676e+04 8.1268259560689e+01
-1.0950341333717e+03 2.8590521573728e+04 8.9207750822216e+01
-1.3965975948055e+03 2.8347747474278e+04 8.6496146621255e+01
-1.3566301542209e+03 2.7580057720573e+04 8.8482421090378e+01
-1.4109339756940e+03 2.6754996910606e+04 6.9389810041706e+01
-1.5686213441095e+03 2.6888956579515e+04 8.9323116045953e+01
-1.6458318215943e+03 2.5927973185987e+04 -1.2770622883115e+02
-1.6243354711262e+03 2.5074403644520e+04 8.8676540699019e+01
-1.7477982952356e+03 2.8199925097071e+04 9.0691128564055e+01
-1.7311764522235e+03 2.5428459243276e+04 8.8043659509373e+01
-1.7740565492468e+03 2.6518556515401e+04 9.0867322744398e+01
-1.8752412633001e+03 2.7483775818329e+04 8.9286982980601e+01
-1.8320012839911e+03 2.5422593869211e+04 9.0159973609886e+01
-1.7253701613906e+03 2.4186874823662e+04 -8.2458899180994e+01
-1.7341370492031e+03 2.5040815449229e+04 8.8452733207100e+01
-1.8396381180926e+03 2.5303645451033e+04 8.9511317582251e+01
-1.6657001256674e+03 2.4612888364198e+04 6.7678367020609e+01
-1.5698866331518e+03 2.6747936647117e+04 -8.6733140712756e+01
-1.8118828209440e+03 2.6581814304194e+04 9.0220104352995e+01
-1.6540870639831e+03 2.8195933495174e+04 8.9477303988631e+01
-1.7066820866990e+03 2.8546791055116e+04 9.2021451021863e+01
-1.6296998561617e+03 2.8289397286189e+04 8.8608061324358e+01
-1.6304179180894e+03 2.7089931895103e+04 9.0858482413493e+01
-1.6706888017258e+03 2.8775674011298e+04 8.9716032816844e+01
-1.7097703259021e+03 2.8811296130030e+04 8.7549879758512e+01
-1.7579391434963e+03 2.7287153729493e+04 9.1219155756094e+01
-1.7263328614214e+03 2.6777106655427e+04 8.9710368133500e+01
-1.5316117994688e+03 2.8975924632365e+04 9.2146300759506e+01
-1.7259192456583e+03 3.1530760796782e+04 8.9756586535267e+01
-1.7719505923779e+03 2.6692446211413e+04 8.7486392999075e+01
-1.7257151802328e+03 2.7950667554806e+04 9.0553211987700e+01
-1.9058401120712e+03 2.5888844754657e+04 -8.0531817837110e+01
-2.1122300936629e+03 2.6370889228037e+04 8.9231856398107e+01
-2.1109437851096e+03 2.6234905129435e+04 -9.5896431094312e+01
-2.0771788563256e+03 2.8370972608824e+04 9.0103602794297e+01
-1.7292172010601e+03 2.9042065021630e+04 8.3949141233576e+01
-1.7138172830076e+03 2.8870396392030e+04 7.1713604285400e+01
-1.7061693626576e+03 2.7622225186005e+04 8.1194577517343e+01
-1.7111190717904e+03 2.8721754288727e+04 8.9874428206316e+01
-1.7705640750020e+03 2.9153489192828e+04 8.9833755937538e+01
-1.7842892228373e+03 2.9944375367541e+04 -8.9158384372055e+01
-1.7448087773082e+03 2.6263376948924e+04 8.7887480302406e+01
-1.7253143641444e+03 2.7887074432403e+04 9.0292465371200e+01
-1.7035657382130e+03 2.8269170185741e+04 9.0120218177517e+01
-1.4346135956327e+03 2.8378802854065e+04 -8.9712171901923e+01
-1.4249662096267e+03 2.8823695236273e+04 9.2515832228762e+01
-1.7219520927755e+03 2.5631610636709e+04 8.9979388588042e+01
-1.7070079216598e+03 2.7443370409913e+04 8.9262862397191e+01
-1.2397885777298e+03 2.8054229321724e+04 5.3968888035732e+01
-1.2527843381197e+03 2.8465990889969e+04 8.8315812569520e+01
-1.1583137553896e+03 2.7608877087526e+04 8.1138699547069e+01
-1.2452062490455e+03 2.7365234107733e+04 7.9043712839053e+01
-1.1876668318201e+03 2.7834582556682e+04 8.7454348904050e+01
-1.1205292484185e+03 2.8476559843517e+04 8.9243453131390e+01
-1.5037140176125e+03 2.8217409229637e+04 -8.9860884607602e+01
-1.7887658580734e+03 2.9385098924852e+04 8.8537291641795e+01
-1.7970248591453e+03 3.3262026203066e+04 9.2827778706358e+01
-1.5479846654248e+03 3.2489179217740e+04 8.9810626737351e+01
-1.5039335651481e+03 3.0203869578395e+04 9.1154472571033e+01
-1.5627450926166e+03 3.0122203552035e+04 8.9179508361412e+01
-1.6733084381577e+03 2.7532067450860e+04 -8.8487630088187e+01
-1.8433126697733e+03 2.9644149400411e+04 9.2372257326437e+01
-1.4989619184441e+03 3.1700361795236e+04 8.9692427700029e+01
-1.5523908608315e+03 2.9529026616044e+04 8.8780767872709e+01
-1.4259610900875e+03 3.0202141092719e+04 8.8013228474515e+01
-1.5925431010962e+03 3.1515060033637e+04 9.1631436393804e+01
-1.4460237566718e+03 2.9660548090248e+04 -9.0057629320675e+01
-1.5202478201802e+03 3.1655915476613e+04 9.0965597150164e+01
-1.4583277095941e+03 2.9826058975727e+04 -9.0659606329209e+01
-1.3414414083394e+03 3.1497379814308e+04 8.5586596625122e+01
-1.2916451703957e+03 3.0691631132810e+04 8.6207907275537e+01
-1.7853668736377e+03 3.0133989279495e+04 8.8178334173566e+01
-1.8687760468746e+03 2.9912226997571e+04 8.8052366385208e+01
-1.3052810106428e+03 2.6676365580588e+04 9.1467462055414e+01
-1.3880147932348e+03 2.5396992405320e+04 -9.3264864961688e+01
-1.8500245199848e+03 2.7265777233788e+04 9.0715542864832e+01
-1.7875667517808e+03 2.5769201460382e+04 -8.6581113793185e+01
-1.7907436147166e+03 2.7797537837936e+04 8.9926341562400e+01
-1.7332346532267e+03 2.8646574939779e+04 8.8666240642626e+01
-1.6946025705413e+03 2.7570083633982e+04 8.3054042063695e+01
-1.7021260954330e+03 3.0310998006686e+04 8.9791402166060e+01
-1.6076556228980e+03 2.7691060424822e+04 8.9315955742006e+01
-1.6518500286200e+03 2.6557961414821e+04 9.0894433513862e+01
-1.6328647905424e+03 2.3216717846254e+04 -8.5503381321318e+01
-1.6595875212367e+03 2.4676162920093e+04 1.0649759070476e+02
-1.6540868160128e+03 2.6571986334176e+04 8.8268993729478e+01
-1.6417474516863e+03 2.5182561519320e+04 8.8875007036610e+01
-1.5370062957578e+03 2.9151424423841e+04 9.0008764888829e+01
-1.5431922302317e+03 2.7942507257929e+04 -8.7331378848919e+01
-1.5958734970733e+03 2.7725313061153e+04 -9.1905890517597e+01
-1.5602281912071e+03 2.7813181195939e+04 9.1203069265613e+01
-1.7868381359968e+03 2.9464644909834e+04 -9.2597918242353e+01
-1.7634875451870e+03 3.2524548791835e+04 9.0343640419854e+01
-1.7617590211924e+03 3.2321538563958e+04 8.8700240999839e+01
-1.7197952986372e+03 3.0715413700176e+04 -9.2325656021568e+01
-1.6933678467888e+03 2.7393951283188e+04 -9.2500387942922e+01
-1.6809323832005e+03 2.9830477255843e+04 8.8913298739162e+01
-1.7250072304203e+03 2.9367280195452e+04 8.7605852244928e+01
-1.5849516013191e+03 2.8718978901602e+04 -8.4082865878481e+01
-1.7362014467724e+03 2.9893886224827e+04 9.1478658021578e+01
-1.7636768751762e+03 3.0350610552750e+04 8.9793320374649e+01
-1.7630650342091e+03 2.7621275425537e+04 -7.4500892195603e+01
-1.7385687876979e+03 2.6251456291332e+04 8.6453870148285e+01
-1.7573653725212e+03 2.6332494627364e+04 9.0611222405738e+01
-1.6068160567892e+03 2.7481707223366e+04 8.9082053053207e+01
-1.7412648304727e+03 2.5504994007382e+04 8.9145787060166e+01
-1.7652665575603e+03 2.4377003025452e+04 9.2214093750480e+01
-1.7086368374743e+03 2.4996153250666e+04 8.5962754166605e+01
-1.5553334401548e+03 2.2706114364015e+04 8.9039587233936e+01
-1.5490081815091e+03 2.5399486888777e+04 9.0019505010027e+01
-1.6256125399308e+03 2.3486571481187e+04 9.1272779098964e+01
-1.1770135714019e+03 2.5886977167149e+04 9.0667603193775e+01
-1.3290320449339e+03 2.6903187880036e+04 8.9530353574659e+01
-1.4084591817282e+03 2.6003818024792e+04 -9.0275550700247e+01
-1.3462095891320e+03 2.2130896989665e+04 9.0288215833788e+01
-1.2472259805663e+03 2.3290968981038e+04 8.7378575833219e+01
-1.4178864517578e+03 2.4278645732198e+04 9.8505760557459e+01
-1.4375857777942e+03 2.4251979262805e+04 9.0999038071924e+01
-1.5360178601677e+03 2.5044496299552e+04 9.0201359830910e+01
-1.7388615003043e+03 2.4044863807514e+04 9.0168316544203e+01
-1.6798147223397e+03 2.5863474386769e+04 8.8859164925555e+01
-1.7324768108340e+03 2.6058701813103e+04 8.8617591600243e+01
-1.4919716559114e+03 2.6042035156697e+04 9.0959345113656e+01
-1.4519850783650e+03 2.3235314426209e+04 -8.8928347761902e+01
-1.4917774795211e+03 2.5360008354830e+04 8.9269941186124e+01
-1.5118587136879e+03 2.4557650338204e+04 9.2085534449268e+01
-1.6578659338001e+03 2.8135860559046e+04 9.0471857850762e+01
-1.6323524939642e+03 2.9243444050088e+04 8.9286510084172e+01
-1.5928762271169e+03 2.8492202351255e+04 9.0786705609325e+01
-1.0068631695725e+03 2.9070425370169e+04 6.6226702619778e+01
-1.0819562833426e+03 2.8630161049304e+04 8.8524900023497e+01
-8.8394886222349e+02 2.4734975214632e+04 8.9446507242488e+01
-9.0305324122687e+02 2.5099772440491e+04 8.9217234118339e+01
-6.8642028542533e+02 1.9309749691061e+04 9.0168332567179e+01
-6.8889079869460e+02 1.6750597011768e+04 8.9678788094459e+01
-1.2760956370870e+03 2.3569540780639e+04 8.8929241914562e+01
-1.2877053279336e+03 2.2547610149660e+04 -6.7741124495902e+01
-1.5423863559569e+03 2.3160995979750e+04 9.1494488410429e+01
-1.3468326580693e+03 2.6317705163427e+04 8.9789009870259e+01
-1.2752495661864e+03 2.4778376314215e+04 -8.6616075793010e+01
-1.3169172128130e+03 2.4642255419418e+04 9.0281887589388e+01
-1.3008921556145e+03 2.5874367623128e+04 9.0643682796282e+01
-1.2040967246648e+03 2.5803254830450e+04 -4.7361046317066e+00
-1.1836017682296e+03 2.7275205288921e+04 9.0926826391475e+01
-8.8806757814122e+02 2.4192679448473e+04 8.9721838875176e+01
-1.1556254949337e+03 2.0822930068373e+04 8.9564970173134e+01
-7.0360971769022e+02 2.6446829268753e+04 8.9276950847476e+01
-7.2067465169938e+02 2.5536486508069e+04 9.0598794475602e+01
-8.9903247221949e+02 2.7914437278824e+04 9.1865292312800e+01
-1.0046899398725e+03 2.2526389285497e+04 8.8124353380918e+01
-1.1056360372861e+03 2.6718232995937e+04 8.9555534681318e+01
-1.4745461744523e+02 2.5141691413284e+04 8.4380311428091e+01
-9.3919164241840e+02 1.9935254730547e+04 -8.9970267847139e+01
-4.6348830481863e+02 2.7134590397205e+04 8.9412443926348e+01
-1.0516949512794e+03 2.4629669880451e+04 -8.8114544954197e+01
-1.0860574929233e+03 2.7058918340300e+04 8.9939564858041e+01
-7.6479713935018e+02 2.5978880465171e+04 8.8399622866504e+01
-9.1625780439049e+02 2.5608274103520e+04 -9.1480798625206e+01
-8.5973258585916e+02 2.7571841245823e+04 9.0351336990774e+01
-8.5349437583184e+02 2.6173902319000e+04 8.4872862938517e+01
-1.3672997763092e+03 2.5935607960867e+04 8.9497213577025e+01
-1.4639865845151e+03 2.4536208263121e+04 8.9019444677757e+01
-1.2733307146466e+03 2.5619241168653e+04 9.1124713985842e+01
-1.1597339382424e+03 2.4944463580609e+04 8.9570882703343e+01
-1.1871046504603e+03 2.4804088948038e+04 9.0700047000740e+01
-1.1050537641763e+03 2.2185730541961e+04 9.0638967133375e+01
-1.1052044591316e+03 2.1271257233519e+04 -9.0287004680115e+01
-1.1473411128235e+03 2.2241210204618e+04 8.9608753816603e+01
-9.8184063030354e+02 2.2246062870611e+04 -8.5114916024966e+01
-1.1268971060025e+03 2.4365527265222e+04 9.1418173321421e+01
-6.8655737271775e+02 2.4375090074082e+04 9.2695718644308e+01
-6.8356666626112e+02 2.4293889430039e+04 8.9668572497155e+01
-8.5167151972875e+02 2.0540734835300e+04 -9.0368074742906e+01
-5.6327368846342e+02 1.9360658226712e+04 -8.4893444913211e+01
-4.8314516177429e+02 2.1786991200253e+04 8.9165393935019e+01
-6.8988162615269e+02 1.9399131951736e+04 9.6098592899889e+01
-6.5523059848970e+02 2.0886786005133e+04 8.9515953556625e+01
-3.6665606932369e+02 2.2238599448748e+04 8.5572616775189e+01
-5.5944932106841e+02 2.0400291499698e+04 8.3385020257301e+01
-6.0970109966543e+02 2.2314210674881e+04 8.8615311030364e+01
-9.3288213291031e+02 2.6872697786944e+04 8.9806848086117e+01
-1.9178065054002e+03 3.2297662402944e+04 8.8957823595027e+01
-1.9662434696187e+03 3.2873739948678e+04 9.1809693874235e+01
-1.8858371645814e+03 3.0185591692841e+04 -9.0762473917311e+01
-1.8822838907939e+03 3.1976596912510e+04 8.7992357526752e+01
-1.8462968692261e+03 3.2180494431933e+04 8.9858418160369e+01
-1.9406708527961e+03 3.0777146266285e+04 -1.0320900448581e+02
-1.9552443297860e+03 3.2870541761518e+04 8.9885304832906e+01
-1.8814797584954e+03 3.1597690062269e+04 8.7532839358592e+01
-1.9667643874424e+03 3.3836419383880e+04 8.9030313510712e+01
-1.9665733615059e+03 3.2553959179002e+04 8.9134547017271e+01
-1.9456377422163e+03 3.1559710942138e+04 8.9489363418354e+01
-2.0360743754921e+03 3.2145090767796e+04 9.0553276511438e+01
-1.8404660714063e+03 2.9633324403897e+04 -9.0184995931018e+01
-2.0395550564539e+03 3.2474815121942e+04 8.6890954011659e+01
-2.1198717718123e+03 3.2555781722757e+04 9.9693824378935e+01
-1.7404444046053e+03 2.7854408030008e+04 -8.6433411778186e+01
-1.6811031837978e+03 2.9120418445414e+04 8.7612734519024e+01
-1.7080750928156e+03 2.8701791919719e+04 8.6987460600449e+01
-1.7787376152636e+03 2.9724873425233e+04 8.9936411026607e+01
-1.7359693433117e+03 3.0151275508928e+04 8.9012676622920e+01
-1.7459895968287e+03 2.7578864842402e+04 -6.6064825742745e+01
-1.9778641236443e+03 3.3669311623111e+04 8.9752251057239e+01
-1.8292106135966e+03 3.1619734910616e+04 -8.2231665188094e+01
-1.2786879020057e+01 2.3574163180474e+04 9.5337052179690e+01
-8.3337491816123e+02 2.2779264473438e+04 -8.9693812444856e+01
-9.1015292452566e+02 2.2280429168972e+04 7.7911598837111e+01
-9.7906098670401e+02 2.2626989913527e+04 1.2872749590637e+02
-8.9648514308471e+02 2.3108891588395e+04 8.9423441863470e+01
-9.9367650221815e+02 2.2284940566423e+04 6.8059357558243e+01
-9.2013671319072e+02 2.3337081637375e+04 8.8795153899756e+01
-7.7136713518995e+02 2.2591131264887e+04 8.0830497003458e+01
-9.2052721057876e+02 2.5630929929547e+04 8.9511748802785e+01
-1.2650327776148e+03 2.2429444472347e+04 1.0024772594389e+02
-5.3224934902710e+02 2.0860283711004e+04 -5.4387009132447e+01
-2.5955693225535e+02 1.9740770753000e+04 -9.7012143377182e+01
-6.9066807284023e+02 2.4426470183951e+04 -8.9789105240012e+01
-7.7002956471090e+02 2.6798874169856e+04 9.0130804657054e+01
-7.8871720815211e+02 2.7585497697475e+04 -7.5808374213894e+01
-6.8957950302837e+02 2.5575905858002e+04 9.0385340553630e+01
-1.2909526342026e+03 1.9345973545386e+04 8.8832029882854e+01
-1.2439997158185e+03 2.1335837269144e+04 8.9392990222546e+01
-1.2944544244383e+03 2.0807492130340e+04 9.1193923690225e+01
-1.4279182507668e+03 2.1253539220162e+04 9.4675494244524e+01
-1.3516500298139e+03 2.2614703355363e+04 9.0182918926187e+01
-1.4099325207790e+03 2.1909229604793e+04 -9.4590522396600e+01
-1.2379688172501e+03 2.1990556102050e+04 8.8095848404990e+01
-1.0454539488104e+03 1.9443879792524e+04 -8.7319378430531e+01
-9.8098789076407e+02 2.0852104310210e+04 8.8617697803242e+01
-9.9866993742338e+02 2.0529220134566e+04 9.2077863639665e+01
-8.8584788092349e+02 1.9840187597988e+04 8.9582071947085e+01
-1.4669562736918e+03 2.5399461305813e+04 8.9827556720343e+01
-1.4622277988204e+03 2.2659024457616e+04 9.8937124917152e+01
-1.4153883674664e+03 1.8037853750972e+04 -8.9593089353419e+01
-1.5680875311627e+03 2.4531175555039e+04 8.9513867174046e+01
-1.5283314685094e+03 2.3980566297321e+04 8.8886998189381e+01
-1.5449532199856e+03 2.3493723766737e+04 8.2268856438096e+01
-1.5448375143129e+03 2.4809694876019e+04 1.1415150099300e+02
-1.4471123411199e+03 2.2106383712181e+04 8.6226517737777e+01
-1.4995417031507e+03 2.1084223825549e+04 9.0363255868805e+01
-1.4301194292652e+03 2.1187123969318e+04 8.8235276816996e+01
-1.6109839922991e+03 2.1229200784782e+04 8.4284597372941e+01
-1.6184779442496e+03 2.0274967541177e+04 8.8336711740606e+01
-1.5755653781899e+03 2.1441350631191e+04 -8.9730880740052e+01
-1.5553534677736e+03 2.1050885328509e+04 -9.2119723108704e+01
-1.9095340814383e+03 2.2992867655835e+04 8.9867007137099e+01
-1.7283040599988e+03 2.4295905041285e+04 -7.0951660779594e+01
-1.8457805625386e+03 2.4708376664618e+04 8.9445353357506e+01
-1.6610893663529e+03 2.3208893229935e+04 -6.4828344959663e+01
-1.7305287162048e+03 2.6151948188089e+04 8.7130305544189e+01
-1.6640023884926e+03 2.4808304269006e+04 9.0652144772103e+01
-1.7582519607430e+03 2.2922847142817e+04 9.0546713772851e+01
-1.7563503466508e+03 2.1413037916977e+04 -9.3608249016691e+01
-1.8584246392641e+03 2.2657653102656e+04 9.1184142302945e+01
-1.7704152866197e+03 2.2272208223181e+04 8.9934404718860e+01
-1.7199078079187e+03 2.2171948448135e+04 -8.0743034086364e+01
-1.7471508475948e+03 2.3295055844254e+04 8.9248255743963e+01
-1.6014091451285e+03 2.6636106856076e+04 8.8157098940884e+01
-1.6009327985786e+03 2.3677457069984e+04 -8.4218298666800e+01
-1.7593338237506e+03 2.4718621247664e+04 8.7280567266916e+01
-1.8030283935639e+03 2.4579107301837e+04 8.8201479603032e+01
-1.9194613801152e+03 2.7337021477838e+04 9.1367614149960e+01
-1.8368579600445e+03 2.6067971745492e+04 9.0006917762800e+01
-1.3121364108105e+03 2.5231133519801e+04 9.0872254434017e+01
-1.4262778905176e+03 3.0154315428407e+04 8.9979601695165e+01
-9.2704052932952e+02 2.6984546505436e+04 8.8816248125352e+01
-1.2340760849815e+03 2.9800249469362e+04 9.0929857444828e+01
-1.2675728398301e+03 2.7896187140391e+04 -8.2884430652311e+01
-1.5264468716471e+03 3.2901283142831e+04 8.9078074307383e+01
-1.6760851176073e+03 2.4634920590368e+04 9.0282963628095e+01
-1.6096041478259e+03 2.2106329583673e+04 -9.3077597693563e+01
-1.5401321291440e+03 2.4981899317796e+04 9.1647146756485e+01
-1.6331868378075e+03 2.3452812032308e+04 8.9485381345640e+01
-1.4367946711007e+03 2.5349544831247e+04 8.7956372441821e+01
-1.4984561853584e+03 2.5770853555816e+04 8.9965394118274e+01
-1.4332909929687e+03 2.4375512865022e+04 -7.7784191288674e+01
-1.5597640447629e+03 2.6234092937665e+04 9.1266768630869e+01
-1.5998572699493e+03 2.3591429919584e+04 8.9864813278675e+01
-1.5466102693091e+03 2.3396349122619e+04 8.7965326576834e+01
-1.5226503262684e+03 2.3456065780589e+04 9.1969047101281e+01
-1.4925623828330e+03 2.3308076117539e+04 9.0020356152908e+01
-1.3964749301022e+03 2.4385432960669e+04 6.3326947852049e+01
-1.1618618531852e+03 2.5040942617048e+04 8.9935398930336e+01
-1.5545898621694e+03 2.1428490752684e+04 -9.1304175478408e+01
-1.5207080208047e+03 2.2305256853868e+04 8.8921958889223e+01
-1.4781051693166e+03 2.2142181743568e+04 -8.8216406475694e+01
-1.4791853815220e+03 2.5291638090406e+04 8.9884170239529e+01
-1.4740494271163e+03 2.3371638743313e+04 9.5523670749454e+01
-1.4097982460960e+03 2.4018773823655e+04 9.0907416374331e+01
-1.3788139060695e+03 2.3585126525889e+04 9.0190279839422e+01
-1.4185568653434e+03 2.0284497000330e+04 9.1112072168245e+01
-1.3986681322131e+03 1.9901244514886e+04 8.9665783421680e+01
-1.3989097763943e+03 2.0953743050008e+04 9.0367198914053e+01
-1.5839868452404e+03 2.2363581191227e+04 8.8678381209391e+01
-2.0613946695650e+03 2.7199847086049e+04 9.0099987170280e+01
-2.1353804625158e+03 2.4794864893682e+04 -9.3869155221054e+01
-2.1867712967662e+03 2.3471124152330e+04 -9.5648770523947e+01
-2.0487365495587e+03 2.3366703123710e+04 8.8172496200736e+01
-2.1028422053501e+03 2.2881496216180e+04 8.8990615078227e+01
-2.1499425572475e+03 2.2966423776326e+04 9.0877180291476e+01
-1.8515016240856e+03 2.5512538719294e+04 8.8772813431888e+01
-1.7386300372444e+03 2.3283107954384e+04 8.8293715701421e+01
-1.7663536396742e+03 2.2403327411195e+04 8.9745379773055e+01
-1.8963499511072e+03 2.4584327074261e+04 8.9854601266726e+01
-1.8779020410831e+03 2.5242887352678e+04 9.1326567404743e+01
-1.7984855561106e+03 2.5357407782842e+04 8.9466835900813e+01
-1.8251572477108e+03 2.7035288103562e+04 8.8939707076785e+01
-1.7859290749894e+03 2.3961099224992e+04 -8.4743565315944e+01
-1.7580188359575e+03 2.6534845974421e+04 9.0590933199593e+01
-1.9840717007760e+03 2.3237362047602e+04 -8.9487510069411e+01
-2.0592172924838e+03 2.5845325290406e+04 8.8793724874465e+01
-2.1287162708865e+03 2.6452964509953e+04 8.6693634580826e+01
-2.1074282015293e+03 2.6221824341930e+04 9.2531957165259e+01
-2.1821763836919e+03 2.7991999869172e+04 9.0906021555769e+01
-1.9997160377157e+03 2.4796173949583e+04 -8.7688279966128e+01
-2.0430356757143e+03 2.4298680190934e+04 -8.7899054573883e+01
-2.1425744288843e+03 2.4886172057940e+04 -1.0175025922491e+02
-2.1634714302753e+03 2.4342490962991e+04 9.0036833005828e+01
-2.3516727264070e+03 2.4146162289846e+04 9.2274230033836e+01
-2.3375892837549e+03 2.3583565141106e+04 8.9290797683549e+01
-2.0431611834053e+03 2.7489398246017e+04 8.9541440136106e+01
-2.0902290615761e+03 2.7290569184883e+04 9.0667817297671e+01
-2.1508239703333e+03 2.7876450554195e+04 9.2203450045541e+01
-2.0315112878551e+03 2.6062126788401e+04 9.0219071097312e+01
-1.9940557299225e+03 2.2812993466911e+04 8.9843304320958e+01
-8.4423157351146e+02 1.8884677502318e+04 8.9827102425701e+01
-8.8279001122818e+02 2.3143409851685e+04 8.9870752605191e+01
-7.1715427034672e+02 2.2103762678295e+04 9.1777209058803e+01
-5.3721410804106e+02 2.3638641245463e+04 9.2944056566492e+01
