5.3437448651223e+04 1.2024977034090e+03 -9.7364199909264e+01
5.4533752822702e+04 1.7203853962753e+03 -5.3873433943394e+00
5.6685253658714e+04 2.4602176623603e+03 -3.7691541895337e+01
5.3111407872198e+04 1.4186020261303e+03 9.8156670177762e+01
5.3111407872198e+04 1.4186020261303e+03 9.8156670177762e+01
4.8947141577466e+04 3.5782777480534e+03 1.4555580704383e+02
5.1118885124686e+04 1.4111405121395e+03 1.7182596413507e+02
4.8837769697004e+04 2.0728303685175e+03 1.6635030713668e+02
5.0203993438802e+04 2.3476969477005e+03 1.5187078578066e+02
5.3600838662625e+04 2.6562433281555e+03 1.4063177435155e+02
5.3600838662625e+04 2.6562433281555e+03 1.4063177435155e+02
5.1397654611584e+04 2.9239944491399e+03 -1.0139062078016e+02
4.9621435665641e+04 2.6063837138557e+03 -2.2632217967022e+01
4.9621435665641e+04 2.6063837138557e+03 -2.2632217967022e+01
4.9489588010077e+04 2.0638315670964e+03 -9.3060797348137e+01
5.2175840311670e+04 1.7782301473636e+03 1.7111956906261e+01
5.2175840311670e+04 1.7782301473636e+03 1.7111956906261e+01
5.1940552508071e+04 1.1350119858318e+03 1.7063238654890e+02
5.1164974061344e+04 2.7993999066056e+03 -1.7904628572931e+02
4.7902215228907e+04 3.7752372140374e+03 1.6052330528639e+02
4.5566379965159e+04 3.1667447113815e+03 -1.2159243570417e+02
5.6282678978394e+04 2.1492327859281e+03 -1.1388103408520e+02
5.9159991249022e+04 2.7718329277769e+03 4.2523370593061e+01
5.9159991249022e+04 2.7718329277769e+03 4.2523370593061e+01
5.6898751396140e+04 2.7320298772866e+03 1.6087801628360e+02
5.4351905610088e+04 4.5873060598403e+03 1.4338504151538e+02
5.7766356279474e+04 1.4058987391384e+03 -2.4304505520004e+01
5.6644252939444e+04 2.1023209769416e+03 -9.0335033429829e+01
5.6644252939444e+04 2.1023209769416e+03 -9.0335033429829e+01
5.6008638494811e+04 2.8535789424648e+03 5.8803325299728e+01
5.6008638494811e+04 2.8535789424648e+03 5.8803325299728e+01
5.6407275929165e+04 2.4343883731765e+03 -8.7167625942413e+01
5.6407275929165e+04 2.4343883731765e+03 -8.7167625942413e+01
5.4990960075355e+04 2.3194841470321e+03 -6.1284020176098e+01
5.5688586514432e+04 1.5715177174613e+03 1.6281559517156e+02
5.7678851890697e+04 3.5838065069347e+03 1.5084031868495e+02
6.0676194287480e+04 1.7939117245288e+03 1.4597534444139e+02
6.0676194287480e+04 1.7939117245288e+03 1.4597534444139e+02
5.8510046932431e+04 2.8273716829885e+03 -1.6648150495051e+02
6.0775441928176e+04 3.1735677982927e+03 1.3036799875889e+02
6.0775441928176e+04 3.1735677982927e+03 1.3036799875889e+02
5.7722663070538e+04 3.2798238820526e+03 1.4519797466931e+02
5.7488863870878e+04 3.5404883492746e+03 1.6687908500376e+02
5.2332792226676e+04 3.4508803461417e+03 -9.8811535532003e+00
5.5392394890531e+04 2.2564242508078e+03 1.5628199581168e+02
5.4817320204955e+04 2.8539049642463e+03 1.7850428821507e+02
5.4817320204955e+04 2.8539049642463e+03 1.7850428821507e+02
5.7101704719409e+04 2.9693646361818e+03 5.4045110362896e+01
4.9038095764078e+04 3.1832348415898e+03 1.2474802613254e+02
4.9038095764078e+04 3.1832348415898e+03 1.2474802613254e+02
4.7040253581670e+04 2.5631007574694e+03 -6.3289854438291e+01
4.7726124614351e+04 3.0592697137183e+03 8.0308674429672e+01
5.3122742102646e+04 2.8825637382904e+03 1.2222859468950e+02
5.3122742102646e+04 2.8825637382904e+03 1.2222859468950e+02
5.3157581910432e+04 2.8348216686472e+03 1.5009861818978e+02
5.4477612014475e+04 1.2191589829289e+03 -1.7051831865772e+02
5.4477612014475e+04 1.2191589829289e+03 -1.7051831865772e+02
5.5830736759863e+04 1.6375877560698e+03 -1.3988854581701e+02
5.1822041356044e+04 2.4642955214705e+03 1.7608117130365e+02
5.1822041356044e+04 2.4642955214705e+03 1.7608117130365e+02
5.1572498473253e+04 1.9072861407564e+03 1.5976020540431e+02
5.1572498473253e+04 1.9072861407564e+03 1.5976020540431e+02
5.1736933128690e+04 2.4317630442157e+03 -8.7423856614011e+01
4.8938837387307e+04 3.3761546103382e+03 1.0022373462568e+02
5.5837042475475e+04 2.7423378915504e+03 -9.9517145630676e+01
5.3411774534092e+04 2.8674508146690e+03 1.2232978056163e+02
5.3411774534092e+04 2.8674508146690e+03 1.2232978056163e+02
4.8859424450940e+04 1.9365603799978e+03 1.5754726642635e+02
4.8859424450940e+04 1.9365603799978e+03 1.5754726642635e+02
4.8727494523194e+04 8.2427471264350e+02 -9.0875057499842e+01
5.0118998469419e+04 3.8284267097794e+03 1.5718616153914e+02
4.9062607051959e+04 2.2323887503828e+03 -1.6853491897640e+02
5.0856711762371e+04 3.1930211878209e+03 1.4297514274653e+02
4.9211604530135e+04 2.8627205186829e+03 2.5063343129714e+01
4.9211604530135e+04 2.8627205186829e+03 2.5063343129714e+01
4.9254824363765e+04 1.9337620064256e+03 1.3434148764245e+02
4.9254824363765e+04 1.9337620064256e+03 1.3434148764245e+02
4.9599346719695e+04 1.5266289243638e+03 3.8097263851847e+01
5.2073493622642e+04 3.0332132772910e+03 1.6338906698781e+02
5.4833760311952e+04 1.9167810950361e+03 -1.5485602518728e+02
5.4833760311952e+04 1.9167810950361e+03 -1.5485602518728e+02
5.3712465192407e+04 3.2009027741883e+03 1.5665588654702e+02
5.3298166591034e+04 3.3989825705277e+03 1.7727408330522e+01
5.6157169472035e+04 2.4831866074137e+03 1.7113566602539e+02
5.6157169472035e+04 2.4831866074137e+03 1.7113566602539e+02
5.3579591725251e+04 3.1867000984244e+03 -1.1571217703587e+00
5.3579591725251e+04 3.1867000984244e+03 -1.1571217703587e+00
5.3367293535363e+04 2.1898837866089e+03 -1.6904610722304e+02
5.3367293535363e+04 2.1898837866089e+03 -1.6904610722304e+02
5.5826885779463e+04 1.5904964461137e+03 3.4146196401213e+00
5.5826885779463e+04 1.5904964461137e+03 3.4146196401213e+00
5.3685426824351e+04 9.7218754103178e+02 -1.7827333535431e+02
5.3536127711740e+04 1.4048790942111e+03 -1.7251344591384e+02
5.3315343661143e+04 2.3322644856123e+03 -1.2160873154202e+02
5.3315343661143e+04 2.3322644856123e+03 -1.2160873154202e+02
5.7631739075696e+04 1.3986415794469e+03 1.6792420080079e+02
5.7631739075696e+04 1.3986415794469e+03 1.6792420080079e+02
5.2376820966058e+04 8.7853606169942e+02 -5.3392546364290e+01
5.0273798385845e+04 1.5478915034292e+03 1.6591930309986e+02
4.9490857164485e+04 2.2122115731949e+03 1.1401888225187e+02
4.9490857164485e+04 2.2122115731949e+03 1.1401888225187e+02
5.0947299585076e+04 2.1535777166946e+03 1.6558762032069e+02
5.1562092907215e+04 3.2381108149436e+03 -1.6009793231856e+02
5.1562092907215e+04 3.2381108149436e+03 -1.6009793231856e+02
5.1444923373540e+04 2.4458256562351e+03 -9.1816343742711e+01
5.2810000899082e+04 2.5130473211528e+03 1.7943309196907e+02
5.2810000899082e+04 2.5130473211528e+03 1.7943309196907e+02
5.2757465518137e+04 2.0605134656354e+03 -1.5830164362199e+02
5.3076341044323e+04 3.9076921300453e+03 1.4720552003402e+02
5.1433380400985e+04 2.4034818761969e+03 1.7460469028932e+02
5.3128082034828e+04 3.2333296804770e+03 1.5883893606781e+02
5.5404487193543e+04 8.3441932350417e+02 -3.2101655785212e+01
5.5906919356470e+04 3.7334784109835e+03 1.5085279550271e+02
5.4199475301701e+04 2.9391112553741e+03 1.6044307125388e+02
5.2505787307206e+04 1.2857394443062e+03 1.6798673038916e+02
5.1718467283387e+04 3.4003133388110e+03 1.6294387399512e+02
5.1691006622656e+04 1.9731436106660e+03 -4.3936134630049e+01
5.1691006622656e+04 1.9731436106660e+03 -4.3936134630049e+01
5.6684434474395e+04 2.4033841776184e+03 1.0509644926581e+01
5.6684434474395e+04 2.4033841776184e+03 1.0509644926581e+01
5.6277841914266e+04 2.0955168265539e+03 -1.3022777853874e+02
5.4240442320148e+04 4.1820394684200e+03 1.5580463678084e+02
5.2836384632193e+04 2.0317618231559e+03 -1.7935043609892e+02
5.2836384632193e+04 2.0317618231559e+03 -1.7935043609892e+02
5.2571639723232e+04 2.6392285666740e+03 1.7771322194741e+02
5.2571639723232e+04 2.6392285666740e+03 1.7771322194741e+02
5.3438249215450e+04 3.1501166265085e+03 2.2588184796440e+01
5.3885387178589e+04 2.4119212912783e+03 1.7377745900036e+02
5.3885387178589e+04 2.4119212912783e+03 1.7377745900036e+02
5.5603343398334e+04 2.9062262582371e+03 1.2979146933193e+01
5.5603343398334e+04 2.9062262582371e+03 1.2979146933193e+01
5.6668533328990e+04 1.3454633585974e+03 -3.1728855690770e+01
5.6668533328990e+04 1.3454633585974e+03 -3.1728855690770e+01
5.5010387816061e+04 1.3872506403482e+03 -1.0902280451639e+02
5.5121465301321e+04 3.7695944178939e+03 1.2437183010215e+02
5.4486807766071e+04 3.2698929794742e+03 1.5506384445819e+02
5.4656758677657e+04 3.3517228816046e+03 2.3303022216523e+01
5.6224819193685e+04 2.9937681153451e+03 1.7512316067132e+02
5.4268932629993e+04 3.0729941232276e+03 1.6017326176184e+02
5.4268932629993e+04 3.0729941232276e+03 1.6017326176184e+02
5.3386224767078e+04 2.6992042930370e+03 1.6507585183808e+02
5.3386224767078e+04 2.6992042930370e+03 1.6507585183808e+02
5.3641742599186e+04 3.0155920091125e+03 -1.7322525609513e+02
5.3641742599186e+04 3.0155920091125e+03 -1.7322525609513e+02
5.4027413912720e+04 2.9838601156708e+03 1.4541577438933e+02
5.0817531914559e+04 3.0506603723457e+03 1.3446724729849e+02
5.0946729367168e+04 2.4450505935115e+03 -1.6479447578232e+02
5.4908657912886e+04 2.7204982901700e+03 -5.0985905506071e+01
5.4908657912886e+04 2.7204982901700e+03 -5.0985905506071e+01
5.2759922971943e+04 2.9548891332894e+03 1.6656001426297e+02
5.3657700100398e+04 2.0355331278720e+03 -1.4640605734591e+02
5.3657700100398e+04 2.0355331278720e+03 -1.4640605734591e+02
5.5329655348877e+04 1.7696775108387e+03 1.5629301866859e+02
5.7236575679285e+04 2.0174260101897e+03 -1.1884680047790e+01
5.3860129010749e+04 3.0799843914437e+03 8.4195411240328e+01
5.7438233777575e+04 3.1428822172258e+03 5.5474340899715e+00
5.4400819068604e+04 2.7648791682398e+03 -1.0260860882092e+01
5.4522864203107e+04 2.6984968338395e+03 -5.1743694837795e+01
5.4522864203107e+04 2.6984968338395e+03 -5.1743694837795e+01
5.5512891269310e+04 3.0550762021574e+03 1.6974737298865e+02
5.5512891269310e+04 3.0550762021574e+03 1.6974737298865e+02
5.6868665356464e+04 1.6489128767658e+03 -1.4926068752342e+02
5.3856735911421e+04 1.4850541201704e+03 1.5882146380249e+02
5.1704024479138e+04 2.5434678580018e+03 -1.3663987748784e+02
5.1704024479138e+04 2.5434678580018e+03 -1.3663987748784e+02
5.2737380186127e+04 2.7794220974609e+03 1.5934669327238e+02
4.9410466084253e+04 1.0194765377491e+03 -1.7121035904757e+02
5.1279301200413e+04 1.8274262044904e+03 -1.3908020683325e+02
5.7086456404332e+04 1.2177281092832e+03 1.7504736541794e+02
5.7086456404332e+04 1.2177281092832e+03 1.7504736541794e+02
5.7089698178418e+04 1.6211443400656e+03 -1.1535143720282e+02
5.5459876771805e+04 2.6937175894046e+03 -1.0676504743828e+01
5.4363259054927e+04 1.9573476465785e+03 -1.6699370388452e+02
5.4363259054927e+04 1.9573476465785e+03 -1.6699370388452e+02
5.3647656793151e+04 1.0904581736053e+03 -1.5697839555173e+02
5.0662021947174e+04 2.4108463089771e+03 1.0073319199448e+02
5.0662021947174e+04 2.4108463089771e+03 1.0073319199448e+02
5.2647983802712e+04 2.5513393475349e+03 1.6391239912069e+02
5.0803626617191e+04 2.5677625547520e+03 1.4920604132063e+02
5.4569663040176e+04 2.2827972208019e+03 -1.7408556303806e+02
5.4569663040176e+04 2.2827972208019e+03 -1.7408556303806e+02
5.6860537632099e+04 2.9877441469592e+03 1.6819969600493e+02
5.5625234788402e+04 2.8795181356175e+03 -1.7710523680716e+02
5.6673866477266e+04 9.8040105645463e+02 -1.2090661955062e+02
5.6115057769665e+04 1.7072214879973e+03 1.6660523517099e+02
5.6115057769665e+04 1.7072214879973e+03 1.6660523517099e+02
5.2988644884475e+04 3.1521307425040e+03 2.2725193156869e+01
5.3957799966945e+04 2.0079135163744e+03 1.1319711897988e+02
5.3957799966945e+04 2.0079135163744e+03 1.1319711897988e+02
5.2370084514509e+04 2.1104473231314e+03 1.7314426635387e+02
5.0579151225574e+04 2.2011884333972e+03 -1.7874791142944e+02
5.2227893399993e+04 2.5636475691487e+03 -1.6599299629246e+02
5.2103435238172e+04 2.8448429052310e+03 1.6206026827708e+02
5.4637094615489e+04 2.0301933435903e+03 7.0642059513437e+01
5.4637094615489e+04 2.0301933435903e+03 7.0642059513437e+01
5.3978914595328e+04 1.6750766200304e+03 1.4557937019442e+02
5.1182181576117e+04 2.7726909933017e+03 1.7754167543764e+02
5.1182181576117e+04 2.7726909933017e+03 1.7754167543764e+02
5.4440901749830e+04 1.8481152648350e+03 1.6141506877746e+02
5.6255324072030e+04 1.5655692896121e+03 -6.5255086887457e+01
5.6255324072030e+04 1.5655692896121e+03 -6.5255086887457e+01
5.8200338121344e+04 1.8391949202198e+03 -1.5145840425883e+02
5.3885452002065e+04 2.3805312563866e+03 -2.9650482281886e+01
5.4367464235434e+04 1.2784379342517e+03 1.5250640941712e+02
5.1982767285612e+04 2.0285691537257e+03 1.1312202968202e+02
5.1982767285612e+04 2.0285691537257e+03 1.1312202968202e+02
5.4785130179377e+04 1.4102697032964e+03 -1.7178740575127e+02
5.4988159871729e+04 1.9213760932774e+03 -8.0089060318751e+01
5.4988159871729e+04 1.9213760932774e+03 -8.0089060318751e+01
5.3611970718187e+04 2.7073680846716e+03 1.6457593480940e+02
5.1111220557116e+04 2.2279620007491e+03 -1.7983327042612e+02
5.3110741146230e+04 3.1930659805212e+03 2.0007745324837e+01
5.3110741146230e+04 3.1930659805212e+03 2.0007745324837e+01
5.4118029578384e+04 1.9727658992101e+03 3.4869668521941e+00
5.5978103336409e+04 1.7614957416198e+03 -8.0123644203919e+00
5.5765531764164e+04 3.1565631773112e+03 1.3879678594592e+02
5.5765531764164e+04 3.1565631773112e+03 1.3879678594592e+02
5.7504388278312e+04 2.1856522024559e+03 -3.6906128983271e+01
5.0648022914565e+04 3.2207094747420e+03 -1.6154307244412e+02
5.5914136843605e+04 2.2142317795447e+03 -1.6675083977308e+02
5.5914136843605e+04 2.2142317795447e+03 -1.6675083977308e+02
4.7960919405622e+04 2.3991939235429e+03 1.1636391071867e+02
4.7960919405622e+04 2.3991939235429e+03 1.1636391071867e+02
4.9176961743516e+04 2.6148360483095e+03 1.3981422358740e+02
5.1446167986228e+04 2.1379803965059e+03 1.4661449409240e+02
5.1446167986228e+04 2.1379803965059e+03 1.4661449409240e+02
4.3996334207830e+04 2.4968215941480e+03 1.7182392409272e+02
4.7481031882137e+04 2.9010217317751e+03 1.5403139804237e+02
4.7052701640793e+04 1.8702374156129e+03 -1.4543653058213e+02
4.7052701640793e+04 1.8702374156129e+03 -1.4543653058213e+02
4.5072733349034e+04 2.4664413841326e+03 1.6683218643445e+02
4.8276871704240e+04 2.5801737221063e+03 2.8058572617057e+01
4.8276871704240e+04 2.5801737221063e+03 2.8058572617057e+01
4.9075459837502e+04 2.5037723182488e+03 -1.6173857824043e+01
4.8238529610295e+04 2.0164577246885e+03 -1.2787008794310e+02
4.8238529610295e+04 2.0164577246885e+03 -1.2787008794310e+02
4.9873501787161e+04 2.0228404733998e+03 1.5588997941060e+02
4.9873501787161e+04 2.0228404733998e+03 1.5588997941060e+02
4.8051570883210e+04 3.0289036731997e+03 -4.8326476049945e+01
4.5552430782577e+04 2.6485927847217e+03 1.5469191931059e+02
4.3940199232099e+04 1.2873045159244e+03 -7.8349514081211e+00
4.9498282023869e+04 2.6747697046575e+03 1.5552483431613e+02
4.9498282023869e+04 2.6747697046575e+03 1.5552483431613e+02
5.0047494339510e+04 3.2481589364645e+03 -2.9860312936991e+01
5.1146511547563e+04 1.6268898467823e+03 1.6052945666582e+02
4.7277924324380e+04 3.0749939042238e+03 1.6593805564939e+02
5.2850131719719e+04 2.8942931352932e+03 1.2412340051992e+02
5.2850131719719e+04 2.8942931352932e+03 1.2412340051992e+02
5.2407815054935e+04 1.2577202937077e+03 1.7299438687073e+02
5.5054820032022e+04 1.8410282058829e+03 -9.3948529292351e-01
5.5054820032022e+04 1.8410282058829e+03 -9.3948529292351e-01
5.3307600974429e+04 2.0906468481208e+03 3.9765540752546e+00
5.0617705037318e+04 1.0865644425302e+03 -1.6278611503541e+02
5.8830070312101e+04 1.6464119095431e+03 -1.5797545129984e+02
6.0859855181869e+04 2.1357448699631e+03 -2.3618467883469e+01
6.0859855181869e+04 2.1357448699631e+03 -2.3618467883469e+01
6.1613928090278e+04 2.3236127949120e+03 1.6236055465470e+02
5.6003506383754e+04 2.6868378579361e+03 1.5664057732245e+02
5.6003506383754e+04 2.6868378579361e+03 1.5664057732245e+02
5.5818199446862e+04 2.7563146120958e+03 1.7517620654250e+02
5.7675454028300e+04 3.2547805451594e+03 1.2685661444429e+02
5.5382338534734e+04 2.6295527095387e+03 -3.4349421105981e+00
6.1128239361119e+04 3.0075566615529e+03 3.4880852822155e+01
6.1128239361119e+04 3.0075566615529e+03 3.4880852822155e+01
6.1298714548382e+04 2.6645804694736e+03 -1.9187615798297e+01
6.1298714548382e+04 2.6645804694736e+03 -1.9187615798297e+01
5.8953736490385e+04 3.8176786685102e+03 1.5602064518712e+02
5.6283856696036e+04 3.1340109505636e+03 -2.6671010787539e+00
5.8541003453698e+04 2.1900239789853e+03 1.7694219696222e+02
5.5789632951477e+04 1.2910765498392e+03 -1.3498102937386e+02
4.7235465259864e+04 2.5711071216422e+03 -1.6908207187574e+02
4.3174284209193e+04 3.3661558508274e+03 1.7212529738518e+02
4.7844008997499e+04 3.2049333233805e+03 1.1281693862048e+02
4.8823979923966e+04 2.4560908285975e+03 -4.3590739546319e+01
4.7518707559284e+04 3.1266809471142e+03 -1.4971098145916e+02
5.2713074712634e+04 2.5630935929773e+03 1.6318608359659e+02
5.2713074712634e+04 2.5630935929773e+03 1.6318608359659e+02
5.3476586359460e+04 2.3526238270922e+03 -6.1211333778076e+01
5.3494460944917e+04 2.9352714406422e+03 -2.0867431630385e+01
5.3494460944917e+04 2.9352714406422e+03 -2.0867431630385e+01
4.9601194480500e+04 2.9995127671137e+03 1.7450491039647e+02
5.3932575850646e+04 1.9558821322718e+03 1.7388103455578e+02
5.3755214546620e+04 2.5875705709031e+03 1.2224104948942e+02
5.3755214546620e+04 2.5875705709031e+03 1.2224104948942e+02
5.5733809069146e+04 1.1346808291511e+03 -1.7559206380168e+02
5.2566879269354e+04 3.2361829769876e+03 1.6384153841488e+02
5.4269040683906e+04 2.5983855319846e+03 -1.7647378523287e+00
5.3885895685625e+04 3.0584810803758e+03 1.3113893681719e+02
5.3885895685625e+04 3.0584810803758e+03 1.3113893681719e+02
5.3061610959910e+04 1.8443666991969e+03 -6.2022754591419e+01
5.3061610959910e+04 1.8443666991969e+03 -6.2022754591419e+01
5.4107703335574e+04 2.7747902841928e+03 -1.6984173804647e+02
5.4957619269988e+04 2.7239135114810e+03 -1.2925559978526e+02
5.4470694419051e+04 2.6684540320459e+03 -1.7190750682861e+02
5.4470694419051e+04 2.6684540320459e+03 -1.7190750682861e+02
5.5390187524388e+04 3.6082740792911e+03 1.6185217667844e+02
5.3704323362631e+04 2.8906066204489e+03 -3.4306378203429e+01
5.1456496048429e+04 2.6850463452637e+03 -1.7144951196901e+02
5.1130159558746e+04 2.8936332796441e+03 3.7503191870545e+01
4.7538850366181e+04 2.8045094673638e+03 1.6775548659981e+02
4.7538850366181e+04 2.8045094673638e+03 1.6775548659981e+02
4.9098714740866e+04 2.6132522912587e+03 -1.7636019419486e+02
4.9098714740866e+04 2.6132522912587e+03 -1.7636019419486e+02
4.7315118039730e+04 1.7368835993645e+03 -1.6488867219088e+02
5.0299439134331e+04 2.8475416709797e+03 -9.3569750627050e+01
5.0299439134331e+04 2.8475416709797e+03 -9.3569750627050e+01
4.7670525520810e+04 2.6386904576405e+03 1.3019539115829e+02
4.5303613829452e+04 3.9817700338244e+03 1.7387255617211e+02
5.3503166831273e+04 3.0694069219723e+03 -1.2708631067787e+02
5.4236850546282e+04 3.3214411390220e+03 1.6796257096241e+02
5.2715463059360e+04 2.6320292210746e+03 1.7449790861487e+02
5.2715463059360e+04 2.6320292210746e+03 1.7449790861487e+02
5.5734700010991e+04 2.7015789749655e+03 1.7746633987250e+02
5.3527391300430e+04 2.2803016666949e+03 -3.8747425561172e+01
5.3527391300430e+04 2.2803016666949e+03 -3.8747425561172e+01
4.8720855745272e+04 1.6207715173157e+03 -9.3039823304650e+00
4.9341360261985e+04 1.9945848415659e+03 5.6775842622524e+00
4.5371034368492e+04 2.3963788889677e+03 1.4994387480839e+02
4.6791423675815e+04 1.9888532783070e+03 -1.4905801286678e+02
4.6791423675815e+04 1.9888532783070e+03 -1.4905801286678e+02
5.6852759249626e+04 3.0467107884935e+03 1.6862627125899e+02
5.8414623620215e+04 2.1805127876339e+03 7.1457112275264e+01
5.8414623620215e+04 2.1805127876339e+03 7.1457112275264e+01
5.9831373052622e+04 1.7611404132530e+03 3.9314236602593e+01
5.8512002277855e+04 1.7423689867995e+03 -1.6749645765511e+02
5.8512002277855e+04 1.7423689867995e+03 -1.6749645765511e+02
5.8236219328671e+04 2.0668090301750e+03 -3.2185152458002e+01
5.8236219328671e+04 2.0668090301750e+03 -3.2185152458002e+01
5.4126489802233e+04 1.9971119928492e+03 -1.6205973523828e+02
5.3398569038357e+04 1.7037849305550e+03 1.3913095082908e+02
5.6017818706317e+04 2.5223159706995e+03 -4.2988710982220e+01
5.3071217206045e+04 2.8849797016762e+03 -2.4467621844315e+01
5.2776640681409e+04 2.7565460044725e+03 1.7577860817246e+02
5.2776640681409e+04 2.7565460044725e+03 1.7577860817246e+02
5.9851377271202e+04 2.7772326018530e+03 2.6673042017891e+01
5.5187671544254e+04 1.1691112743897e+03 -1.4593606888693e+02
5.1928609657413e+04 3.8903955730551e+03 -1.6139919470878e+02
5.1593223016986e+04 1.8626100394324e+03 -1.0810671881234e+02
5.1593223016986e+04 1.8626100394324e+03 -1.0810671881234e+02
4.8483855106335e+04 3.3505855737615e+03 1.4233390220312e+02
4.9688855504128e+04 2.1884947839858e+02 -1.7857496385314e+02
4.5596506937583e+04 3.6125351437462e+03 -1.5890728269548e+02
5.2405175510068e+04 4.2964876634350e+03 1.6027690918437e+02
5.2388096526246e+04 2.3383859894079e+03 -5.7805497650523e+01
5.0701615910138e+04 1.7574168503734e+03 1.6685687654658e+02
5.0701615910138e+04 1.7574168503734e+03 1.6685687654658e+02
4.9938296175726e+04 1.0599488677100e+03 -6.8243083634467e+01
5.4721271618697e+04 1.9696683257643e+03 4.9273569456472e+01
5.2120950583893e+04 2.8175689091933e+03 1.5606577978945e+01
5.1212069801617e+04 2.3825508584558e+03 1.6622615032642e+02
5.0468557183792e+04 2.5482635868968e+03 -2.1633308870904e+01
5.0468557183792e+04 2.5482635868968e+03 -2.1633308870904e+01
5.0193564895202e+04 2.5316560024371e+03 1.4878762698016e+02
5.0997233710596e+04 2.8848564922923e+03 1.6106676813021e+02
5.0997233710596e+04 2.8848564922923e+03 1.6106676813021e+02
4.9450726820727e+04 3.1458576180726e+03 1.5825530337868e+02
5.2130318077889e+04 1.7101432342278e+03 -3.9572552571688e+01
5.3800199024607e+04 1.8140065873280e+03 -1.5584468672830e+02
5.3800199024607e+04 1.8140065873280e+03 -1.5584468672830e+02
5.1858295551503e+04 3.1077412502132e+03 1.7332946047053e+02
5.3448817501453e+04 2.9014792834583e+03 1.1369983228502e+00
5.3448817501453e+04 2.9014792834583e+03 1.1369983228502e+00
5.3521701098565e+04 3.0022318523103e+03 -2.5947253439127e+01
5.3326433801815e+04 3.7588754567099e+03 1.6543398631269e+02
5.4374023200819e+04 3.1865212582160e+03 -2.4041311898738e+01
5.5005374408882e+04 3.0268724463045e+03 1.6646800649980e+02
5.5683898697023e+04 2.8545260690382e+03 -1.7105709901286e+01
5.5683898697023e+04 2.8545260690382e+03 -1.7105709901286e+01
5.3200114165928e+04 3.4617393700847e+03 1.5178940779529e+02
5.7032132586603e+04 2.0341225971893e+03 2.7939082363009e-01
5.4691734830150e+04 2.1165675552406e+03 1.6553197290310e+02
5.3272219072941e+04 1.3101552377328e+03 -1.3534185103358e+02
5.3272219072941e+04 1.3101552377328e+03 -1.3534185103358e+02
5.4471930094481e+04 1.8351575909321e+03 1.6802179332493e+02
5.1141541387834e+04 3.1834877037960e+03 1.2321601773864e+02
5.2419428770573e+04 3.2689337140603e+03 1.6772146300931e+02
5.4491649263489e+04 1.5613672618330e+03 -1.6875614181843e+02
5.4491649263489e+04 1.5613672618330e+03 -1.6875614181843e+02
5.2583738297330e+04 2.0936487507037e+03 1.5991251343388e+02
5.2321235860111e+04 1.1051265712463e+03 -1.5320352750157e+02
5.4589540421824e+04 1.3167529754168e+03 1.3222204577590e+02
5.4408464407520e+04 1.8587871341335e+03 -8.2356013436798e+01
5.4408464407520e+04 1.8587871341335e+03 -8.2356013436798e+01
5.2957622275660e+04 1.9749229720972e+03 -2.2399307278671e+01
5.1824333325963e+04 2.1078937769075e+03 -1.8140334123008e+01
5.1824333325963e+04 2.1078937769075e+03 -1.8140334123008e+01
5.1914566576876e+04 2.1118838024579e+03 1.4827716991355e+02
5.1914566576876e+04 2.1118838024579e+03 1.4827716991355e+02
4.8428923877604e+04 2.2663424112873e+03 1.6510776014953e+02
4.9659665514761e+04 2.6700121129976e+03 -1.9227965059160e+01
4.9659665514761e+04 2.6700121129976e+03 -1.9227965059160e+01
5.2465571710245e+04 2.5919445471613e+03 -1.7486341615659e+02
5.2892913361315e+04 2.9056131328791e+03 1.4429429800122e+02
5.4765499870496e+04 8.1678703172209e+02 1.7244626485317e+02
5.4761625473011e+04 7.9512512858387e+02 -5.6342059585047e+01
5.1750126118161e+04 2.7023562080766e+03 5.0253722599358e+01
6.1568631758151e+04 1.7254600289643e+03 3.6640437577515e+01
6.1568631758151e+04 1.7254600289643e+03 3.6640437577515e+01
5.8052176276996e+04 2.7032380754429e+03 -1.5517890983855e+01
5.7208894990760e+04 3.1243434185897e+03 -1.4280475860157e+02
5.7208894990760e+04 3.1243434185897e+03 -1.4280475860157e+02
5.9431338494956e+04 1.4647346520711e+03 -1.7709911302771e+02
5.9069172181061e+04 2.0042171642883e+03 1.6135121613028e+02
5.5651879176142e+04 3.3450496303885e+03 1.7054794319788e+02
6.0529562576113e+04 3.5096497252793e+03 1.3202063213457e+02
5.9119829379983e+04 1.8440915277573e+03 1.6303521328555e+02
5.2897199610535e+04 2.1583424368963e+03 1.7879845073371e+02
5.3554845026409e+04 2.3967155879700e+03 -1.5645525691154e+02
5.7763601638688e+04 1.6180798221343e+03 -1.8221894497029e+01
5.7763601638688e+04 1.6180798221343e+03 -1.8221894497029e+01
5.2832180923599e+04 3.1870054881258e+03 1.7134641064850e+02
5.2310713766687e+04 2.8941619149967e+03 -1.7289226904733e+02
5.0365127342628e+04 3.0279833180407e+03 1.5094910657027e+02
4.9538818527243e+04 2.5846222791435e+03 -5.6158777650087e+01
5.4523846739210e+04 1.8384532300053e+03 -5.7350099782578e+01
5.4699469765826e+04 2.9704834783027e+03 7.9117687520451e+00
5.4699469765826e+04 2.9704834783027e+03 7.9117687520451e+00
5.2193843715701e+04 2.6933562476264e+03 8.9515376677551e+00
5.3394961039838e+04 5.5965843064550e+02 -1.7864667251307e+02
5.1779904139852e+04 2.9152803351646e+03 1.4948066367194e+02
5.1779904139852e+04 2.9152803351646e+03 1.4948066367194e+02
4.9368745950537e+04 1.5111162828809e+03 -5.9324757890174e+01
4.7252026145052e+04 3.1254431450797e+03 -1.7601356230412e+02
4.9891425942106e+04 3.1946842368829e+03 1.7678029433754e+02
5.0169668447848e+04 2.4446286357997e+03 -6.5018690411540e-01
4.3239412691463e+04 4.6113738192688e+03 9.3909237712836e+01
4.8060135125284e+04 1.1649169210718e+03 -1.6258475713862e+02
4.8060135125284e+04 1.1649169210718e+03 -1.6258475713862e+02
5.6373784506206e+04 2.0953426434368e+03 1.4009441597585e+02
4.7539327265385e+04 2.5330362899450e+03 -1.6571002128798e+02
4.9469005939589e+04 2.4298525274946e+03 1.2839395161829e+02
5.1713517374904e+04 2.3033924226650e+03 -3.2672559507208e+01
5.1713517374904e+04 2.3033924226650e+03 -3.2672559507208e+01
5.0654188499319e+04 2.5952942351096e+03 1.2462465698142e+02
5.0654188499319e+04 2.5952942351096e+03 1.2462465698142e+02
5.2561429538038e+04 1.8233292629876e+03 2.6289267659448e+00
5.1934927687710e+04 2.2119616927570e+03 2.2325587005958e+01
5.2910824784530e+04 9.3233965835949e+02 1.5522603371848e+02
5.2114914427239e+04 3.5174318441238e+03 1.4772330938611e+02
5.4311856135057e+04 1.9242998973169e+03 -1.1554643332581e+02
5.4311856135057e+04 1.9242998973169e+03 -1.1554643332581e+02
5.2960358310628e+04 2.0222106944592e+03 1.5940530770287e+02
5.3428518984465e+04 2.1475123113860e+03 1.4736508175081e+02
5.3428518984465e+04 2.1475123113860e+03 1.4736508175081e+02
5.0368999676243e+04 3.9970795839837e+03 1.4403465001048e+02
5.3160205893611e+04 2.9488388986198e+03 1.7112917087667e+02
4.5073160719003e+04 3.2547033446172e+03 -3.8558028353060e+01
5.7787127740126e+04 2.1412565793228e+03 1.3205145086140e+01
5.2199312000357e+04 1.4449104204059e+03 -1.6513703881254e+02
5.1262348945432e+04 3.0564620800361e+03 -1.6601792272332e+02
4.6579229585328e+04 2.5094146894088e+03 -8.2160608456442e+01
5.5038059808898e+04 1.3263003770565e+03 1.6658402153315e+02
5.3615358021407e+04 3.3197976335015e+03 1.6358151318587e+02
4.9543484922358e+04 3.4407636056737e+03 1.3940550744733e+02
4.9458313138053e+04 2.4019337718547e+03 1.4173285126675e+02
4.9458313138053e+04 2.4019337718547e+03 1.4173285126675e+02
5.5611255842356e+04 2.9801090976911e+03 1.5452679399572e+02
5.2903786331983e+04 2.0039937873058e+03 1.7822731775924e+02
5.2903786331983e+04 2.0039937873058e+03 1.7822731775924e+02
5.2903786331983e+04 2.0039937873058e+03 1.7822731775924e+02
5.2653653859458e+04 3.8238513814601e+03 1.7317011850045e+02
5.4352328752894e+04 2.0867391093159e+03 -1.4732052291894e+02
5.1477644836389e+04 1.6947713421388e+03 1.7357370727572e+02
5.0302942193308e+04 1.9371078368415e+03 1.7867992972619e+02
5.0302942193308e+04 1.9371078368415e+03 1.7867992972619e+02
5.0302942193308e+04 1.9371078368415e+03 1.7867992972619e+02
5.6901725258962e+04 2.4739881573131e+03 -1.3609882489502e+02
5.6901725258962e+04 2.4739881573131e+03 -1.3609882489502e+02
5.4523383493794e+04 3.3050396581721e+03 1.7366121224643e+02
5.5087993918648e+04 2.5479453365996e+03 1.2002318725744e+01
5.6808335931395e+04 1.7846955282001e+03 -1.5749105389215e+02
5.6808335931395e+04 1.7846955282001e+03 -1.5749105389215e+02
5.5400693259007e+04 1.1983795548529e+03 1.6386649031513e+02
5.5156143198433e+04 4.5091375949664e+03 1.5499258896079e+02
5.7837045391049e+04 2.8073114037011e+03 -5.4212649684181e+00
5.7321025801824e+04 2.8613002856210e+03 3.8178963944973e+01
5.4456582566870e+04 1.4473538263206e+03 1.7740146038768e+02
5.4456582566870e+04 1.4473538263206e+03 1.7740146038768e+02
5.4456582566870e+04 1.4473538263206e+03 1.7740146038768e+02
5.3338221906944e+04 3.3113725306403e+03 -1.0696481228815e+02
5.5468898757277e+04 3.5212581326892e+03 -3.7862335971129e+00
5.8844321342702e+04 3.0386582974034e+03 1.3288246239313e+02
5.5860782808333e+04 3.1510752047940e+03 1.6802438012620e+02
5.4134039442918e+04 2.7785027839010e+03 1.7678500547295e+02
5.1840562024815e+04 2.5373338860727e+03 4.6726234149793e+00
4.7475461984345e+04 3.1501337117080e+03 -1.3719299052732e+02
4.7895428319863e+04 1.9122773286826e+03 -8.3924924690328e+01
4.8434671543988e+04 3.4783531345648e+03 1.4078174805815e+02
5.0709262216492e+04 2.2913923662347e+03 1.3129159240357e+02
5.0709262216492e+04 2.2913923662347e+03 1.3129159240357e+02
4.7497783230786e+04 3.7952461459233e+03 1.4742793255169e+02
5.1248326724951e+04 2.9185427038078e+03 1.2103710434000e+02
5.2909962596600e+04 1.2920950008060e+03 1.5790911707461e+02
5.2909962596600e+04 1.2920950008060e+03 1.5790911707461e+02
5.1210503548588e+04 2.1944811370960e+03 -1.7991033339510e+02
5.1210503548588e+04 2.1944811370960e+03 -1.7991033339510e+02
5.1847075565576e+04 1.6039663166758e+03 1.7895050194789e+02
4.8676270660777e+04 2.4260038618340e+03 -1.7308213256406e+01
4.8676270660777e+04 2.4260038618340e+03 -1.7308213256406e+01
4.8612011336217e+04 1.5101012575562e+03 1.6628165099250e+02
