1.1971899867911e+02 1.1485913961449e+04 9.4469439718548e+01
2.0929920100487e+02 1.3804548907233e+04 9.6283764414169e+01
-1.1408710792381e+02 1.8829264379302e+04 9.0358439445120e+01
3.9112412507988e+01 1.8131387861218e+04 1.1165551023539e+02
-2.4109063417942e+02 1.4183089094547e+04 1.1228754112797e+02
2.6700041506471e+02 1.5839122051580e+04 1.0291980814822e+02
7.6762915004767e+02 1.1603428870823e+04 1.7196936173368e+02
-4.4426478191881e+02 1.3969609125037e+04 9.3331928256985e+01
4.3222424722960e+02 1.2451186710297e+04 6.2178510684975e+01
2.8217583289096e+02 1.0357202021779e+04 1.1085531275061e+02
4.8113345960874e+02 1.1450499257670e+04 8.6746734475907e+01
1.8456435195468e+03 1.1798618343840e+04 6.9114605508767e+01
7.1676707042034e+02 1.0968811986596e+04 7.2334703056557e+01
6.4574129292556e+02 1.2053771646277e+04 -5.8652941719126e+01
-1.4743771652867e+02 1.2173532503904e+04 -1.9419467814226e+01
2.3452119223989e+02 1.2039998042809e+04 8.1019204715221e+01
3.2779133426701e+02 1.1787554134616e+04 -3.0796789380595e+01
4.1580235780475e+01 5.9866474027816e+03 -8.6246111447635e+01
-7.8757186171120e+02 1.3660382257848e+04 -1.7622890788660e+02
1.4834664982676e+02 1.0925728204226e+04 8.2984570347931e+01
-4.9693594286484e+02 1.3194196566591e+04 1.0377560051260e+02
-8.4612217194477e+01 1.0379318101091e+04 8.4946244894813e+01
3.4544242099195e+02 1.1191763002531e+04 1.0216890098028e+01
3.0722627981558e+02 1.3914475761027e+04 4.7373974888163e+01
-4.6881348782417e+02 1.2436209706335e+04 1.0289679173816e+02
7.9323289546490e+02 1.1505943889227e+04 6.3473434810889e+01
-1.2173305277952e+02 1.6705682378399e+04 -6.4184204286470e+01
5.1789356164631e+01 1.0357590557926e+04 -5.2733744546935e+01
-5.5947956937531e+02 1.4935387498102e+04 9.4810805475353e+01
1.3475921474782e+02 1.6510771472716e+04 9.5063366277695e+01
-1.6169091763166e+02 7.5554907626816e+03 9.5476136577212e+01
-2.1141418649644e+00 1.0323201108868e+04 9.3839783424325e+01
-9.2107097631615e+02 1.1849373054650e+04 1.1110322403913e+02
7.1691954644747e+02 1.3587319826450e+04 9.4597075606190e+00
-7.1045454885329e+02 1.7213386954496e+04 9.7265940219943e+01
-1.4519204004748e+02 8.9337119935374e+03 -2.7099469617905e+01
2.5475827635907e+02 1.0856590136490e+04 9.8015700484049e+01
8.7133714884242e+02 1.0437872615145e+04 5.6991161638378e+01
9.2051827258302e+02 1.1977087131823e+04 6.2642168948997e+01
3.0003275480317e+02 1.3427025806958e+04 7.3933618808255e+01
-5.0699092608726e+02 1.4247119845978e+04 1.0677848177197e+02
-7.5111309128214e+01 1.1560858210487e+04 9.9887360119731e+01
-3.4399261147810e+01 1.6679869353803e+04 8.5225414232790e+01
-3.0186459386243e+01 1.0415276570663e+04 9.3461955569371e+01
-1.1861445308681e+02 1.2846718037930e+04 1.1866223754812e+02
6.2226250034647e+02 1.0769017898967e+04 8.2465586321927e+01
5.5051084845479e+02 1.6983190336476e+04 9.4161265915484e+01
-2.7279658812721e+02 1.2122367795668e+04 1.0928195228023e+02
7.1156086160408e+02 8.1707015851163e+03 1.7404857637352e+01
1.6186510284991e+03 8.5620865217903e+03 -4.6703418315226e+01
6.2082638645596e+02 1.2623502665766e+04 9.2320473580430e+01
-1.4629890796876e+02 1.2030691188292e+04 1.3077957550113e+02
1.2602993776644e+03 1.0119652932848e+04 -6.4353700290896e+01
1.0924918838283e+03 1.7493367325667e+04 7.3950761790993e+01
1.9436156341285e+02 1.1460923172997e+04 1.1983045701779e+02
1.3230387862082e+02 1.0790267294318e+04 9.6752044643864e+01
-3.3707526056689e+02 1.3981105014663e+04 8.0923004135153e+00
-3.0808917875633e+02 1.0614552212024e+04 1.1201013340695e+02
6.9104084068428e+02 1.0693997036680e+04 1.1708252488856e+02
-6.3647216181630e+02 1.2507541831130e+04 1.1664521488672e+02
-4.5529923458529e+02 1.2670652056105e+04 9.0639450549580e+01
1.4469178883016e+02 1.2164722662316e+04 -1.3997297048523e+02
1.7516824023388e+03 1.3276677111418e+04 2.4295213135905e+01
-4.1043405981099e+02 1.1568322647555e+04 -1.4557141550516e+01
9.8435199126375e+02 1.2306287382791e+04 9.4379362347493e+01
2.9542780112309e+02 1.4932787232044e+04 9.5227518178808e+01
-5.1372829265164e+02 1.3519763537286e+04 1.0417673548034e+02
3.8816654812083e+02 1.0594738210870e+04 1.3947499697518e+01
7.1490760388005e+02 1.0501305696679e+04 8.1805896402099e+01
6.1371637154787e+01 1.0743898712994e+04 1.0164306011673e+02
2.0359810186530e+02 1.4198504391161e+04 9.7833592424341e+01
1.1953451070497e+03 8.9948153720267e+03 4.3890280136901e+01
2.2329035082143e+02 1.2272708934281e+04 1.2464158658447e+02
-2.2798464693568e+02 1.7121229237127e+04 1.1769127864972e+02
9.7426203780140e+02 1.3406180082375e+04 7.6126971499048e+01
1.0322102389700e+03 1.0256809898097e+04 -5.2352623151110e+01
9.0772736323421e+02 1.1392328851500e+04 -5.3109823222143e+01
2.0483709910123e+02 9.5534585064851e+03 7.6852211463703e+01
3.5361366603347e+02 1.3319112548350e+04 1.2557028850806e+02
9.3905632150398e+02 1.1683169566250e+04 -8.8821191424107e-01
3.8202478890372e+02 1.0925441682543e+04 4.2253880208583e+01
5.3040302427881e+02 1.4427118924098e+04 5.4958148326977e+01
8.8312800290486e+02 9.3278460735008e+03 7.6134882306579e+01
4.1503073552440e+02 1.4856342365319e+04 8.9388492507164e+01
1.4436238824253e+02 1.0393912675835e+04 -4.4156305942322e+01
-4.6389760193235e+01 1.4241559821132e+04 1.2396099340309e+02
6.7565311905554e+02 1.4574102117148e+04 9.9212458873654e+01
-5.3331191169582e+02 1.4692021778825e+04 1.0190430966539e+02
1.1983774121567e+03 1.4843159018161e+04 7.0443691249896e+01
3.1475130664374e+02 1.0742534600491e+04 9.5885502760787e+01
6.6690104843236e+02 1.3468184272163e+04 7.5054174123602e+01
4.2377525563391e+01 1.5762587951374e+04 -1.1786622631156e+01
-6.5755633722757e+02 1.4526145268655e+04 8.5754392938720e+01
2.6134171818114e+02 9.4756729814879e+03 -3.4261433592039e+01
4.0989670809430e+02 8.8343516820674e+03 -1.5257925516584e+02
-1.8071638752205e+01 9.6664801679821e+03 7.5152425663027e+01
-2.5866902400494e+00 1.7419251111630e+04 2.8926747816810e+01
3.5382011937471e+01 1.4067832410410e+04 1.0573654214941e+02
-1.3087209874650e+02 1.4299453801073e+04 1.0332487928179e+02
-7.6042479177744e+01 1.3700593909011e+04 -4.6879357120382e+01
5.0065397631732e+02 1.0949630814618e+04 6.1436822426750e+01
2.4693644202766e+02 8.0251362254364e+03 8.1840877501128e+01
5.7160853720679e+02 1.2109097015836e+04 7.1071310216758e+01
4.5456444505616e+02 1.0231580788283e+04 6.3699395274681e+01
-1.9064972592466e+02 1.1747497109803e+04 9.8934900642094e+01
3.0303562501531e+01 1.6665146312041e+04 8.7888345265711e+01
-4.6038642716209e+02 1.1783856981363e+04 9.8413126091744e+01
1.1721851971149e+03 1.1936077988045e+04 8.3360454341072e+01
6.7613429495153e+02 1.1972429260102e+04 9.1763143117090e+01
-2.6509775724541e+02 1.1444113052263e+04 1.2970578396559e+02
-2.7263994455374e+02 1.0891024385916e+04 9.0249475775969e+01
7.7250222985366e+01 1.2167444372103e+04 1.0426535430692e+02
6.1880567809519e+02 1.3932907827040e+04 1.1757300258908e+00
8.9729914815398e+02 1.1780348690382e+04 2.2897607727973e+01
-7.6704151541540e+01 1.0496367592325e+04 1.0295120754876e+02
9.9877190204046e+01 1.1213986740306e+04 1.1434214674630e+02
5.3004246714357e+02 1.1717350429847e+04 3.1054404518334e+01
-2.1342835141956e+02 1.0871588072981e+04 7.5915552956040e+01
6.5984370115630e+02 1.2515255743658e+04 -1.4167805233706e+01
-3.1886478237622e+02 1.2844981742798e+04 -1.2982501779033e+01
1.8923308586652e+02 1.3572974969603e+04 6.3619006436137e+01
7.9032930079500e+00 8.1985757870284e+03 -4.2525275100157e+01
6.8136941894702e+02 9.0462642824794e+03 9.6983367743696e+01
-6.6916810797188e+02 9.0257689487696e+03 -8.3684840266052e+01
-4.1699154004161e+02 1.3588100695769e+04 1.2468631625930e+02
-4.9071934968825e+02 7.8913578421848e+03 1.0058502709042e+02
-6.9039401044947e+02 1.4257287838002e+04 1.1780754663175e+02
3.1537033036014e+02 1.0287911272160e+04 9.1947892718563e+01
-2.2959262430659e+02 1.2146789728873e+04 9.0985805165904e+01
2.4610932918790e+02 7.5342891570981e+03 1.1089151376474e+00
4.8043881508907e+02 8.9568566690667e+03 -9.7372115475327e+01
7.7492636948599e+02 7.2256164060091e+03 8.7259914846192e+01
5.7511669040446e+02 1.2167066930984e+04 -2.3564473232751e+01
4.6803775642678e+02 1.1496981248448e+04 -5.2663550669280e+01
6.1932084353368e+02 1.3466379825302e+04 1.2489107678924e+02
1.2711809929389e+02 1.0909090732584e+04 1.0645808543226e+02
7.6765729286357e+02 1.0570267270979e+04 -2.6438090589820e+01
7.3864244578878e+02 1.0545229555189e+04 -4.9433460760124e+01
3.8344389247146e+02 6.3625357120870e+03 -7.9275045094880e+00
-4.1143230615278e+02 1.0188091826567e+04 -1.1248353730864e+02
-9.8372512073757e+01 1.6199480835983e+04 6.7312727847890e+01
2.8978395743052e+02 1.0492633324365e+04 1.5399805172602e+02
6.2422599473720e+02 1.2191006856334e+04 4.4646858401371e+01
-8.4576938052712e+02 2.0133465494228e+04 1.0533452463751e+02
-4.2150507502514e+02 9.4447419666249e+03 8.3461198589891e+01
3.4181064106419e+02 1.0082094623699e+04 9.4562320989832e+01
-7.0605577954509e+01 1.3206448536287e+04 7.5098854191611e+01
5.3058493874383e+02 1.3181003542542e+04 8.6319201219555e+01
-5.1486787679320e+01 1.1129041791822e+04 1.1581500594710e+02
-1.3238808289143e+03 1.5644196962480e+04 8.3958150786071e+01
-8.3870947959513e+01 1.0466847575050e+04 -6.6774306907027e+01
5.7408330396752e+02 1.1875961476868e+04 4.0887837042213e+01
-3.1909389475694e+02 1.4974707903336e+04 1.2635139327585e+02
-5.1105838383902e+02 1.3370306709957e+04 7.5153112000579e+01
1.5463790110842e+03 6.9198502374744e+03 -6.6452258989646e+01
3.4339996160055e+01 1.5786993349851e+04 7.9084370029535e+01
1.2979778785847e+03 1.1670302739693e+04 7.0690407377967e+01
2.0032983759251e+02 1.3339664263140e+04 1.1852800872060e+02
-9.1376369806080e+02 1.1036286050483e+04 7.4629214484865e+01
3.8805959037671e+02 1.5759373258689e+04 6.8330720331530e+01
7.1935432962947e+02 1.4962043817967e+04 5.5026470634811e+01
4.8286082991469e+02 1.0565054866597e+04 4.0511538693696e+01
-1.5404297925050e+02 9.5550802436689e+03 9.3208543491284e+01
5.6693096508514e+02 7.6694885746965e+03 9.7595436852451e+01
6.1715521954199e+02 1.0656160261540e+04 6.7900964176283e+01
5.8845454176427e+02 1.4218165065658e+04 1.0834856789331e+02
4.5534896759424e+02 1.3490821963664e+04 7.6699001276742e+01
2.3974474942965e+02 9.8266868998488e+03 -1.0773472918611e+02
1.0919532289407e+03 1.4781449588639e+04 1.1422419368819e+00
3.8086367475412e+02 9.6391057176405e+03 8.3282793429685e+01
4.3054972899496e+02 9.5700502849033e+03 9.0036565270834e+01
1.4658973324679e+03 1.4093592298570e+04 -4.6096500403241e+01
-1.6890426002436e+02 1.0223461437105e+04 7.5767892398638e+01
1.3007610275089e+03 1.2708274100660e+04 -1.3044491227910e+01
5.4116740554267e+02 1.1493694517663e+04 2.2596786969196e+01
-1.2608710163361e+03 1.2090149581652e+04 1.0529092209586e+02
-4.5821755632132e+02 1.2752831808373e+04 8.8783432799707e+01
-7.6071088273444e+02 1.6352827148121e+04 1.0489650432330e+02
-9.6130209716225e+01 1.2856471305444e+04 1.0003781289523e+02
-6.3274662626394e+02 1.3990455109539e+04 1.1060185207116e+02
-2.4308147988039e+01 1.5933519864476e+04 8.5006298185168e+01
1.4001714438234e+03 8.6687278018806e+03 2.6525885785736e+01
9.0207622872480e+01 1.3650148704149e+04 1.1275805335518e+02
-5.3818367627109e+02 1.1616809015005e+04 1.1614765891489e+02
2.6052972241404e+01 1.3316763499337e+04 -4.3236756453396e+00
-4.2820922285102e+02 1.3181053354673e+04 9.2967259283971e+01
-4.6914171468730e+02 1.2944838529591e+04 1.2217324146018e+02
-3.9260771880065e+02 1.3668242390412e+04 -1.0731963878533e+02
1.7653442231646e+02 1.2067322074559e+04 5.7407972447406e+01
1.3834257822336e+03 1.0526413733987e+04 8.4666242294743e+01
7.6380292024820e+02 1.0952343179265e+04 6.8613836584794e+01
-1.3212967866284e+03 1.4121545190922e+04 1.2269883519096e+02
8.8478964461148e+01 1.5905759000237e+04 9.3440647213225e+01
1.3619846873486e+03 8.9277767793950e+03 3.4070314467693e+01
-1.2297955382270e+02 8.5421566329524e+03 -2.4000260137288e+00
3.5300637844522e+02 7.5879823386484e+03 1.1879778435203e+02
1.2334983504030e+03 1.2581792365567e+04 -1.4725219816492e+01
9.4276121391306e+02 1.4936857499335e+04 -7.3173821461959e+00
5.4157643896214e+02 1.0932564514813e+04 -7.1010892584220e+00
4.1564224716725e+02 1.3145035797019e+04 9.9253271053214e+01
-7.2885478154784e+02 1.5447908444348e+04 1.2823246241274e+02
8.1871428787954e+02 1.2660179910180e+04 -5.9962691037058e+01
-7.5980702495509e+01 1.1893987480834e+04 1.0225043616888e+02
2.9050482272224e+02 8.1381285883586e+03 -1.1904817316688e+02
6.9939108691787e+01 9.0837380587708e+03 8.1080599449619e+01
-3.4962752804928e+02 8.5717263861179e+03 9.3598979541343e+01
-8.2912678581322e+02 9.1408550342405e+03 1.0271078191210e+02
2.9216566747832e+01 9.7230742479427e+03 4.8987446907343e+01
-4.9630683537645e+01 1.7358344074048e+04 9.6058710474972e+01
4.2734382613428e+02 7.1514239901185e+03 -5.2421773656651e+01
-5.1734079504062e+02 1.1607076411642e+04 8.8972597840510e+01
4.9668341564800e+02 8.6997659029649e+03 -5.3506634298833e+01
-1.1233081600342e+03 9.4179101593184e+03 1.4589777632166e+02
6.2919958587574e+02 1.5798184817305e+04 -3.1115963189729e+01
-1.6695595670995e+02 1.0716673489204e+04 9.3099117212885e+01
2.5314121483654e+02 7.3709578966394e+03 1.0562575946763e+02
-3.0808336191262e+01 1.0385931133604e+04 8.7950204791627e+01
4.4789453554199e+02 1.5014857380868e+04 1.0362836644944e+02
3.8336251134504e+02 8.7779537860463e+03 1.2055789617680e+02
8.5014114324367e+02 9.2392787427089e+03 4.0923584756362e+01
-1.9842022524682e+02 1.4268124719533e+04 8.6736572757457e+01
-4.0145289409317e+02 9.0377555289586e+03 1.7423217472326e+02
4.4921849889275e+02 1.0079422309033e+04 1.1369548426568e+02
8.2714317997983e+02 1.1340475881389e+04 -9.4556593557099e+01
7.1844242966632e+02 1.4170092672373e+04 4.9547629624745e+01
-1.7598070407986e+02 1.4189294763959e+04 4.3732363471082e+01
1.2544903953613e+02 1.1443935048966e+04 9.9163965705456e+01
9.7693485986274e+02 7.5716018613579e+03 4.1479853778306e+01
-1.6783910449732e+02 1.0537484869026e+04 -2.6507785060698e+01
-2.4277849483741e+02 1.3684336263684e+04 8.2804396290530e+01
4.0404600050483e+02 7.0205576201100e+03 -4.6231832662418e+01
1.6332333238756e+01 1.0359901793905e+04 8.3557141617876e+01
4.8804512172864e+02 1.5139712300151e+04 8.1114906204832e+01
-3.3601817247085e+02 1.1999243477135e+04 1.3833331317889e+02
1.4047110161030e+02 1.1509084262068e+04 -8.2437409767753e+01
-4.9771322110720e+02 1.2555030106956e+04 1.2049857348551e+02
7.3633374197912e+02 1.1222028106780e+04 7.3337247951123e+01
1.1480002124985e+03 6.5240597165062e+03 -2.6482676523901e+01
1.1541460904311e+03 1.4691083531599e+04 1.1176159925453e+00
2.3885832698323e+02 1.2310224804191e+04 3.6137968257497e+01
1.0794710563566e+03 1.4401097167328e+04 4.8253641832336e+01
-1.6421815524248e+02 1.2457710249474e+04 -1.1765793360229e+02
-9.1222221468032e+01 1.5475589810299e+04 8.9751845801028e+01
3.1650209328040e+02 1.5995093240250e+04 8.2514754939811e+01
-9.5245555276131e+02 1.6581085787195e+04 1.0200229686313e+02
6.5762920210278e+02 9.8577878392295e+03 7.3978162161812e+01
1.4980782190467e+03 8.5946277273594e+03 9.7247904211585e+01
3.5513780490796e+01 1.1538474094068e+04 -4.9250156749222e+01
-2.5787969894249e+02 1.3130228412283e+04 8.4167359510725e+01
-9.5300946648190e+02 1.2753156345581e+04 1.1045186677141e+02
3.5483239354455e+02 1.0475789935416e+04 -2.1917200190062e+01
-1.2038123581468e+03 1.4787849334943e+04 1.1231708231506e+02
4.1338259666393e+02 1.1960487575703e+04 2.1329857624106e+01
2.5184270721538e+01 9.1722921496933e+03 1.1075968051642e+02
-6.8878656817381e+02 1.2268607150245e+04 8.5037091419369e+01
8.7209321288054e+02 8.8230918574425e+03 -2.3857567563959e+01
5.9606265334809e+02 8.6709564882743e+03 -1.6369810384122e+02
4.8841602725375e+02 9.4824491724500e+03 -4.9517472401787e+01
1.0387476887276e+03 1.1015311464518e+04 -2.5726187249070e+01
4.6836594439345e+02 1.0699923104455e+04 7.2302684266959e+01
4.5392135518691e+02 1.2759328612187e+04 1.1065980329968e+02
-1.9962901321483e+01 1.0952642821535e+04 1.0236813024597e+02
-5.7068191105109e+02 1.6592366497190e+04 -1.5062655773863e-02
-2.1055573129450e+02 1.7217286522085e+04 -6.7315642790681e+01
6.0965652136301e+02 1.4526352082285e+04 5.6489195368338e+01
8.3941604689994e+02 1.1258981386961e+04 -1.5690626353209e+01
-3.2674586195105e+02 1.2303830815745e+04 8.2600269265639e+01
6.3694555068845e+02 1.2577544622747e+04 -6.5691777793909e+01
5.9188907423828e+02 8.4074738414296e+03 -6.7966723394829e+01
-9.8961161903031e+02 1.8312616716289e+04 1.2421211606704e+02
-2.8821821108146e+02 1.3031925145762e+04 1.0476109434051e+02
8.9298797072282e+01 1.2077944278517e+04 -8.4210277520577e+01
1.8568449812699e+02 1.2999401433365e+04 9.3921137182722e+01
6.0706077686608e+01 1.1976976465446e+04 1.1668826880493e+02
3.6175095422571e+02 1.4501614297070e+04 -6.2748213386352e+01
8.5853639254019e+02 1.1143155586937e+04 1.3220575639203e+01
-1.0071453567094e+02 1.2679399277507e+04 7.5336672221856e+01
9.9327694779211e+02 1.1558557053947e+04 3.4846959702909e+01
2.0459270233636e+02 1.2900655745922e+04 1.1040623045925e+02
1.4614645350864e+03 1.2736990206971e+04 9.8302728635571e+01
8.7210394174363e+02 8.6609179258054e+03 -4.8119717112250e+01
3.9125100525955e+02 1.0849012847024e+04 1.3528793735748e+02
-1.0123239541369e+03 1.0440211117050e+04 1.2153819010116e+02
8.9147259419828e+02 1.3349448023165e+04 -6.8136824791940e+01
2.7176592795318e+02 1.0031803840099e+04 6.1066758535662e+01
-6.3960963764825e+02 1.4432238272106e+04 -1.1811462901691e+02
-1.1738064454500e+03 1.4112337010548e+04 -1.2262990476438e+01
4.0126847612231e+02 1.3710116674493e+04 1.2398964868921e+02
-8.8384080602459e+02 1.5789012639244e+04 1.1546511574382e+02
2.5206151140465e+02 1.2400281912642e+04 1.0381763220621e+02
-1.2886472778755e+03 1.2534668098220e+04 1.2791543504929e+02
3.3232338369174e+02 1.0801969447696e+04 9.6792878236309e+01
1.3363687369774e+02 9.5255768927534e+03 8.7430414072696e+01
-1.9250687357892e+02 8.5879525978918e+03 1.1275696769230e+02
-8.8452055769030e+01 1.0468912345782e+04 1.2156284942287e+02
1.4002426352548e+02 4.6153354053186e+03 9.6027173921209e+01
-1.3030310477316e+02 1.0683319100130e+04 8.5938151467780e+01
-4.7309482441051e+02 1.4940724039777e+04 -1.3160635668334e+01
-7.5637507850268e+02 1.1321885741527e+04 1.0266902190641e+02
3.0017383765800e+02 1.4182031115071e+04 9.1783821665888e+01
4.3544378063246e+01 1.3856838037113e+04 8.7097505866169e+01
-5.0510146838737e+02 9.4573060722908e+03 1.1491152885458e+02
3.0602829838056e+01 1.1855518786281e+04 8.1113091533852e+01
6.8169968415172e+02 1.1003473039779e+04 -2.2475057330296e+01
2.3667753608336e+02 1.2187411733927e+04 1.0637437846536e+02
5.0428405855587e+01 1.4690372916973e+04 -5.6690555644918e+01
2.6406287927670e+02 1.2807786842418e+04 5.3170964447287e+01
9.9809036350187e+02 1.1584227655061e+04 8.5061430567200e+01
1.4854816338182e+02 1.2970767756606e+04 6.9708409219248e+01
5.0651580979287e+02 9.4172805532504e+03 1.2792980397273e+02
8.3375937778343e+02 1.7537269056156e+04 9.1987578489532e+01
1.5995966270482e+02 1.1189005714302e+04 7.6128225567383e+01
1.7501579589172e+02 1.5178363090077e+04 5.3655006896211e+01
-2.4902954814272e+01 1.3968285704213e+04 7.5169153652850e+01
-2.3603431078827e+01 1.3326103586740e+04 5.6939022046431e+01
1.0907608381163e+03 8.9373761366794e+03 2.4415087778901e+01
-3.0043133789597e+02 1.3427748945154e+04 -7.9927353338777e+01
-7.7703826517875e+02 1.1910729474505e+04 7.1138853437579e+01
-2.1558294047494e+02 1.0641560751394e+04 9.7448177948929e+01
-2.1262759394605e+02 1.5399741222119e+04 9.4096730299205e+01
5.7201948090304e+02 1.0582851644560e+04 1.8027102970454e+01
3.1291211297113e+02 1.3369743122233e+04 -5.3981598540510e+01
4.0652515244148e+02 1.1561057123269e+04 4.1294900893680e+01
1.4137746597112e+02 1.2537258181085e+04 6.6712359264328e+01
4.0179370977253e+02 1.0431799259922e+04 1.0166503178074e+01
7.0078366617913e+02 1.1149760754305e+04 8.8619627578412e+01
-9.5947536547423e+01 1.2064231189296e+04 5.7047049369683e+01
1.7817130592791e+03 1.1476719779384e+04 3.7078736451456e+01
-7.1068122436996e+02 1.4481884742894e+04 1.1366394967849e+02
2.0611419753723e+02 1.1127693952798e+04 1.1047609640034e+02
4.2841236469642e+02 1.2034047327243e+04 5.1366672335228e+01
1.4742923278472e+02 1.1811519799003e+04 8.4317676377860e+01
-3.4457784679024e+02 1.2078221688348e+04 4.5601898282649e+01
-3.4634794913496e+01 1.4769788280487e+04 4.4070137006010e+01
1.4106389496895e+01 1.5397877285930e+04 -9.0261283821079e+01
5.8497085186508e+02 1.2978159316564e+04 9.3754071197127e+01
-2.4522775994818e+02 1.2294505381284e+04 1.0889994599510e+02
2.5932357665953e+02 1.1293437759288e+04 6.4223403398928e+01
8.6261922591044e+02 1.0329209380199e+04 -6.4354219603854e+01
7.3564363208938e+02 1.4080630639843e+04 9.7585847240111e+01
-9.2433065150062e+02 1.3780521134093e+04 9.6607025877137e+01
-7.1929005613680e+02 1.2508615934698e+04 1.0422937198214e+02
1.9092063983662e+02 1.2502350474842e+04 4.3053137682191e+01
-3.7242088529123e+02 1.0422333110530e+04 -1.6388514002794e+02
-7.5781010784469e+02 1.5161723182033e+04 9.9075098639648e+01
5.3221417544073e+02 1.1826408419255e+04 8.2836292270521e+01
-1.0757491465063e+02 1.1723004635173e+04 1.0211739404583e+02
-5.1530525696759e+02 1.5165500577888e+04 8.3683572037799e+01
9.7941525852066e+02 7.9663911612634e+03 -5.3989545728903e+01
7.2934932841477e+02 1.4753952952444e+04 6.1863517160374e+01
1.0277309519160e+03 1.1887975228404e+04 8.7162992200255e+01
-9.4227151644620e+02 1.3682674488942e+04 8.4076493448897e+01
5.0120384765236e+02 1.1992888881699e+04 8.0023720237609e+01
-1.1029639279541e+02 1.5833676383806e+04 9.5009857049798e+01
-5.1004086841720e+01 1.6732467884978e+04 1.2400346410599e+02
1.4105859361214e+03 9.9368125608306e+03 -9.5326275346832e+00
-4.0150899125886e+02 9.9484767579366e+03 6.2840494006929e+01
1.2733484285166e+02 1.4548666936727e+04 1.0578140316729e+02
-6.4137750007250e+02 1.3243239166590e+04 9.1886533958360e+01
-5.5916277552099e+02 1.0580571897956e+04 1.2006043220890e+02
1.6236487114069e+02 8.3950186894877e+03 2.7282670810745e+01
8.5425500537545e+02 1.1238799124776e+04 5.9381879364142e+01
-4.3342548586508e+02 7.6070305456202e+03 1.0314299859264e+02
-5.4707487880999e+02 1.2972111885738e+04 1.0621672315284e+02
3.1798393293100e+02 1.2211257700003e+04 9.3251094124176e+01
3.4882407134161e+02 1.2294792262623e+04 7.4779772385310e+01
5.2198055718947e+02 1.3526592517246e+04 5.9767638577802e+01
-2.4734969467410e+02 1.5589472441570e+04 9.7364336940494e+01
2.7359209093433e+02 1.1471220898629e+04 9.9763987077050e+01
3.4540011383130e+02 1.1874279462438e+04 5.0538035783549e+01
1.1489368875700e+03 1.1845267971065e+04 -5.7773039212079e+01
-1.5594728079888e+02 1.3937899116367e+04 6.2488670924779e+01
9.8929103482015e+01 1.1212303111531e+04 1.1760349214334e+02
3.0216686363922e+02 8.7084663724615e+03 1.0186288193669e+02
3.3535270127093e+01 1.2956794496834e+04 9.7136000228493e+01
-8.6385041603320e+02 1.1074072173291e+04 9.9225242822555e+01
-5.3926916957254e+01 8.8756039854029e+03 1.0030200120934e+02
5.7908969963649e+02 1.0610356185069e+04 6.3011653101318e+01
1.7799968384619e+02 9.5809356129565e+03 -6.5537043064902e+01
4.5496781994573e+02 9.4702542365629e+03 -8.3949197328281e+01
2.6178644412019e+02 1.0062197120754e+04 7.7532469504296e+01
6.5517749218448e+02 1.2573258246037e+04 -4.6697999288299e+01
6.9569556286288e+02 1.6042533616346e+04 9.5159034061262e+01
8.1184365831523e+02 1.3000034081562e+04 6.5936376678119e+01
-1.8498761938085e+01 1.4284118918171e+04 8.1872676286118e+01
3.7408948296675e+02 1.0531991925444e+04 9.6319664762116e+01
5.4207967632763e+02 1.5112824327344e+04 7.7590986093407e+01
5.8189680857216e+02 1.3857193696653e+04 3.5504323822743e+01
-8.4056280096386e+01 1.3338807788371e+04 1.0456453447130e+02
-5.0314268725217e+02 1.0661498419076e+04 1.0451935300564e+02
2.6457470736684e+02 9.7915418537731e+03 7.3524741525735e+01
1.0953964651862e+03 8.2279047987508e+03 2.6219833488416e+01
2.7979670022997e+02 6.7595157220802e+03 -2.4031344820921e+01
7.0477004307863e+02 1.2533362162160e+04 1.1140074003970e+02
3.8046543880936e+02 8.1852039271151e+03 1.0730174311452e+02
8.8862626057571e+02 5.9718049718516e+03 9.0124123479803e+01
-1.4162044956690e+02 1.2357698918584e+04 1.2231324825913e+02
-1.6086973238888e+02 1.6300819214797e+04 -4.7349700188851e+01
4.8912452866018e+02 1.2360936897221e+04 8.9791002695959e+01
7.5306113379663e+02 1.2586046809560e+04 5.9783961915434e+01
-1.8708852114896e+02 1.4773907656098e+04 6.0266565305567e+01
-8.3008032610705e+02 1.4014898110059e+04 5.1640684825124e+01
-1.1146176218969e+02 1.1938866046741e+04 9.8842740004718e+01
-2.7969373286091e+02 1.4532806096648e+04 -4.6053606087434e+01
1.1354639094374e+03 1.2144282628725e+04 -3.4363927760499e+01
1.1010727309479e+03 1.0761479702874e+04 8.3191582988088e+01
2.9323104364292e+02 1.4254121467889e+04 6.9422064172878e+01
6.9245722182070e+02 9.9847944414401e+03 -8.3853513577015e+01
-3.8450126094984e+02 1.6745033986981e+04 9.0049603893509e+01
2.7949670892279e+02 9.3171147284247e+03 -5.3129990905661e+01
-1.8627513078874e+02 1.1127434673014e+04 1.6051653479048e+02
-3.3671406208422e+02 1.4409752813767e+04 7.7664758951982e+01
-2.6238879002015e+02 1.3996714188895e+04 1.0090897931804e+02
1.4252460652124e+03 1.3776712994614e+04 5.9845224039398e+01
7.9844266148489e+02 8.7524182052395e+03 1.2303394291719e+02
-8.0774905321634e+02 1.6651198078552e+04 1.5367413355702e+02
-1.0613346028270e+02 8.1577192707278e+03 -2.1982041435482e+00
2.5687597113218e+02 1.0315401034953e+04 8.6539114834786e+01
-7.5486066111730e+02 1.4074628412658e+04 1.1919308686460e+02
-1.2091017765900e+02 8.6922334460648e+03 -4.7619746432692e+01
-3.2421452430935e+02 1.5318144759634e+04 3.9540261391623e+01
7.6093345862030e+02 1.1727895956315e+04 7.6780772760306e+01
3.6435880801694e+02 1.2209076293525e+04 1.0022060572639e+02
-4.0898989730424e+02 1.1496816828783e+04 8.4714305720688e+01
1.0522924074792e+03 4.8027767207061e+03 8.9380554770911e+01
1.2914337018552e+02 1.4274055572016e+04 -3.9191043528554e+01
-4.7627985089653e+02 1.4955162017922e+04 8.9255285127338e+01
4.4950162216049e+02 1.3116826790016e+04 8.0819015210381e+01
-3.7825434835597e+02 9.4413028102516e+03 1.1622754368737e+02
1.4478625273132e+03 9.9455077625565e+03 2.4034739610528e+01
1.8513783696166e+02 1.1764198904807e+04 1.0924011559030e+02
-3.8693085394640e+02 1.1991626831433e+04 7.8865573633956e+01
1.5108295879576e+02 1.0215714308897e+04 8.0390106364262e+01
2.2286767167250e+02 8.7723001976423e+03 1.1177422992642e+02
1.7003570954994e+03 1.1862379533526e+04 6.3074886996514e+01
4.1732826388374e+02 1.6755452474610e+04 -3.8563060329984e+01
3.1492202176539e+02 1.3092699071524e+04 7.6346472499762e+01
-4.3701068295827e+02 1.4377726611450e+04 8.1039533407811e+01
-3.9157483808512e+02 1.1354046575226e+04 9.2598131051903e+01
2.8769010281086e+02 1.3220426642156e+04 4.7991437977940e+01
1.8114587783750e+03 7.1140208011663e+03 -3.1136986874490e+01
3.2506482399935e+02 1.1468408264330e+04 9.4472682478767e+01
-5.2088547183719e+02 7.6780644912278e+03 1.0151487537536e+02
2.5895775037967e+02 9.4916342607776e+03 -1.4737353893973e+02
1.0969610010585e+02 1.2755955260610e+04 -2.3424168713336e+01
6.5443335319394e+02 8.7428142587269e+03 -1.9951593005990e+01
-3.9305393909533e+01 1.2736406115427e+04 7.3613767666178e+01
-5.6423598390764e+02 1.2769376535338e+04 1.0513291975471e+02
-8.4937922346638e+00 1.2182680188457e+04 8.3973322881204e+01
-8.2119272582579e+01 1.5316399419673e+04 9.9481243714963e+01
1.8795224030667e+02 9.7966348309129e+03 8.5402358773932e+01
-5.7559904039125e+01 1.3927841218430e+04 8.8221439380505e+01
-2.9831935153569e+02 1.4779647241869e+04 1.1548574208759e+02
-9.9440843089520e+02 2.0751599282098e+04 1.0748912541832e+02
6.5161221548838e+02 1.5361571539842e+04 8.4440021724674e+01
-2.8982440913142e+02 1.4857084414208e+04 1.1630686241675e+02
-1.3485638149874e+02 1.3524148811021e+04 8.9538459368587e+01
-7.1959787785849e+02 1.6999348863213e+04 1.0095748826217e+02
1.1855466231097e+03 1.6166349826880e+04 7.4527337975145e+01
5.7708938368637e+02 1.1380251623215e+04 7.2633108398590e+01
6.1410827871060e+02 1.1916555174125e+04 8.5932780644453e+00
-8.3276612865836e+02 1.4879409491589e+04 1.0922438107125e+02
-9.0675368465605e+02 1.3745751617408e+04 1.1979652226532e+02
-2.9873789844715e+02 8.3216053945752e+03 2.7732787689969e+01
3.0053133037016e+02 1.3936242768030e+04 7.0903308960270e+01
8.1660762785794e+01 1.5467878340956e+04 -1.1154918578195e+01
1.6988410660906e+02 1.3471614055643e+04 1.0082084804460e+02
8.5843297786514e+01 1.0325782116865e+04 7.5922572689028e+01
1.1091807759180e+03 9.4954158145980e+03 -3.4855925033430e+01
1.3163066075286e+02 1.3525686785157e+04 1.1012609298603e+02
-1.5896281724658e+03 8.8077877349049e+03 1.1453534365320e+02
1.3375939809077e+03 9.0017247946035e+03 -2.8302343433896e+01
3.5839298726564e+02 1.5354941326132e+04 1.0827598311670e+02
-6.5657528003667e+02 1.6096015456439e+04 9.5751876410872e+01
-7.5217270499596e+02 1.1537776739416e+04 1.0729767660110e+02
3.7857388535765e+02 8.1922469201667e+03 -6.4422898531780e+01
6.2679786746459e+02 1.3109103132931e+04 8.5318844611781e+01
8.1284667325696e+01 8.9861976607776e+03 1.1787192038577e+02
3.8587001325305e+02 1.1651956065169e+04 1.3664009961705e+02
-2.0913930451781e+02 1.3665037156203e+04 8.9722457730407e+01
2.1963090978881e+02 1.1487191890188e+04 7.3909210167467e+01
6.4428208068843e+02 1.3613907994026e+04 1.0285048055079e+02
2.6252763917553e+02 9.6791651724392e+03 -1.3399405304299e+02
4.2301068939415e+02 1.2409730119169e+04 1.0786414147921e+02
9.1860425844500e+02 7.0581192028474e+03 -4.1723145604839e+01
4.8136813786633e+01 1.7714768138803e+04 1.0263504763969e+02
3.9120429337512e+02 1.3276467882285e+04 9.2032649702551e+01
6.1891514464290e+02 7.2393755690552e+03 8.4863488864140e+01
2.5965866441813e+01 1.2484074151405e+04 -1.6255406318709e+02
4.1157946776772e+02 1.4741610774635e+04 9.8148883820902e+01
1.0992000978382e+02 1.1308835704632e+04 8.3006830068610e+01
4.9865288511461e+02 1.0285314429599e+04 -3.6010208866756e+01
1.3179604082038e+03 7.7797839094134e+03 7.0826215102335e+01
4.0330736456637e+02 1.0183207332713e+04 -4.7336321157643e+01
-6.7037092059718e+02 9.3300609644601e+03 1.1576036113052e+02
2.0950925527345e+01 1.6906824386971e+04 7.2436070661703e+01
1.1487086258956e+02 1.2042784366948e+04 9.1199693909746e+01
1.3351121310742e+03 1.4683503926490e+04 8.9893731259223e+01
1.1358815332673e+03 9.9584941398937e+03 7.1064004543361e+01
1.2975743903018e+03 7.1829926206017e+03 -1.0358354664797e+01
