5.5737786165258e+04 4.7722335682288e+03 1.1972134947335e+02
5.8222432048856e+04 2.9839833105437e+03 -1.2465708701242e+02
5.7792575963395e+04 3.3061792971926e+03 8.1346720699690e+00
5.6958214465418e+04 3.9688222020431e+03 1.3794031921962e+02
5.6476095156190e+04 3.4968436427417e+03 1.7551159908744e+02
6.0378939244037e+04 2.2075150933432e+03 -4.8759175120647e+01
6.0378939244037e+04 2.2075150933432e+03 -4.8759175120647e+01
5.9237831203576e+04 3.4396476308014e+03 1.4081707159166e+02
5.5245384839685e+04 4.0389225723667e+03 -5.2930565763014e+01
5.7931375587212e+04 1.2749620256289e+03 -2.3579954854812e+01
5.3793652868970e+04 3.3356138813626e+03 1.5225340610258e+02
5.2600304168194e+04 3.2283959144704e+03 1.7143037233837e+02
5.4454073881727e+04 3.0728296465296e+03 -3.0801938240819e+01
5.4454073881727e+04 3.0728296465296e+03 -3.0801938240819e+01
5.4762230881036e+04 3.7840972462107e+03 1.4436225348807e+02
5.5175843996175e+04 2.9142806491185e+03 -1.5917754830755e+02
5.5343651651301e+04 4.3195531169617e+03 1.1137158278305e+02
5.5811995077131e+04 2.4432972696712e+03 -1.1943610189946e+02
5.3756466362612e+04 1.6012929233646e+03 -1.7317298017034e+02
5.3756466362612e+04 1.6012929233646e+03 -1.7317298017034e+02
5.4274410780034e+04 1.9968721719820e+03 1.5826556071236e+02
5.4274410780034e+04 1.9968721719820e+03 1.5826556071236e+02
5.1772843227539e+04 2.4228440502022e+03 1.6319864595399e+02
5.4427082259483e+04 1.9842694875682e+03 -2.8565262200510e+00
5.4427082259483e+04 1.9842694875682e+03 -2.8565262200510e+00
5.8497847136694e+04 2.9853375765241e+03 -1.0783171058385e+01
5.5992322044480e+04 2.5963347853024e+03 1.6256203906226e+02
5.5992322044480e+04 2.5963347853024e+03 1.6256203906226e+02
5.5254603812083e+04 3.2671664561466e+03 1.5048275429610e+02
5.7356239352088e+04 2.6537556197587e+03 1.7364291513020e+02
5.7356239352088e+04 2.6537556197587e+03 1.7364291513020e+02
5.7726712862616e+04 3.0560203008110e+03 1.5678235579502e+02
6.1051033837026e+04 2.7160087038174e+03 5.9120657851707e+01
6.1051033837026e+04 2.7160087038174e+03 5.9120657851707e+01
5.9390756824344e+04 1.8855258039269e+03 -1.6715252639735e+02
5.7829053362199e+04 3.6901250980997e+03 1.4899098585193e+02
6.0833688892398e+04 1.8044524746248e+03 -4.9491196034046e+01
5.8582186046733e+04 2.7808275828687e+03 1.6757861981080e+02
5.8582186046733e+04 2.7808275828687e+03 1.6757861981080e+02
5.8172985230129e+04 4.5434456790710e+03 1.5284168159877e+02
6.1817327992957e+04 3.0902821106477e+03 2.1994558639901e+01
5.9700176188991e+04 1.3980374162761e+03 -1.5903823365908e+02
5.9793353925791e+04 1.3941082285423e+03 -1.5042751959442e+02
5.9793353925791e+04 1.3941082285423e+03 -1.5042751959442e+02
5.6845074517994e+04 2.9718019258862e+03 5.1111036219189e+01
5.6845074517994e+04 2.9718019258862e+03 5.1111036219189e+01
5.7996710852716e+04 3.0366020365981e+03 -1.5899082130359e+02
5.7443548934243e+04 3.5056183481718e+03 1.4498190275869e+02
5.4073372191148e+04 1.9795747302631e+03 7.4654069955033e+01
5.4073372191148e+04 1.9795747302631e+03 7.4654069955033e+01
5.5059859291225e+04 2.0570021133743e+03 8.5184381761108e+01
5.3651511713069e+04 1.0051482108697e+03 -1.5399314354582e+02
5.2826496282278e+04 2.9858181789096e+03 1.7087338510816e+02
5.3340242389155e+04 2.6488808823759e+03 -1.5632850526971e+02
5.3340242389155e+04 2.6488808823759e+03 -1.5632850526971e+02
5.6530921908350e+04 1.6951766033828e+03 -1.3277197467746e+01
5.5086267723438e+04 2.1773641140407e+03 -1.1035556675727e+02
5.5086267723438e+04 2.1773641140407e+03 -1.1035556675727e+02
5.1815567466285e+04 2.6418397928899e+03 1.0663671600634e+02
5.0701621928066e+04 3.0835478522622e+03 1.4661774942380e+02
5.0531393150781e+04 3.1350391624578e+03 1.6498632000005e+02
5.2604016870096e+04 2.4129957011073e+03 -4.2870922044102e+01
5.8775208248548e+04 2.7456061976248e+03 1.7590942448277e+02
5.8881259378563e+04 4.2676602835370e+03 2.1574901046125e+01
5.8636698210884e+04 8.7566084878854e+02 1.5496640909172e+02
5.4295477619306e+04 3.1176610160901e+03 1.3893461764903e+02
5.6151640686821e+04 4.2235691177411e+03 1.5123052710896e+02
5.8639012543437e+04 3.4837820532634e+03 1.6007498332375e+02
6.0433137215103e+04 1.4273521582128e+03 -1.1904486499517e+02
5.9550035380772e+04 3.6732524529963e+03 1.4191377505388e+02
5.7312381637322e+04 1.8590883531214e+03 -1.3297431921212e+02
5.6158657096497e+04 3.1468080529333e+03 1.6291871628676e+02
5.4672570622987e+04 3.5050296359590e+03 1.4826646451890e+02
5.6030440228863e+04 3.3738746381466e+03 1.5842918100377e+02
5.6780836370298e+04 2.9129790946690e+03 -1.3440733059428e+02
5.3088824089627e+04 4.6347999820654e+03 -1.0917030940520e+02
5.8094569158912e+04 2.7214547697631e+03 8.8760296652054e+01
5.5979257197918e+04 2.8777598393284e+03 1.4956333751502e+02
5.6475801853205e+04 1.9559990267073e+03 -1.3972219661603e+02
5.6475801853205e+04 1.9559990267073e+03 -1.3972219661603e+02
5.7224987038088e+04 1.1757505465857e+03 1.7313117850150e+02
5.8723783396456e+04 1.3522600755429e+03 -2.8505652536927e+01
5.8723783396456e+04 1.3522600755429e+03 -2.8505652536927e+01
5.8723783396456e+04 1.3522600755429e+03 -2.8505652536927e+01
5.6339767654876e+04 2.1394895266752e+03 1.7838372789293e+02
5.6339767654876e+04 2.1394895266752e+03 1.7838372789293e+02
6.0351812717824e+04 3.2829742735630e+03 -1.3178240788504e+01
5.9619027350821e+04 3.0231324802383e+03 6.6849912579125e+01
5.8444504685436e+04 2.1905290259219e+03 -1.6981156964734e+02
5.8444504685436e+04 2.1905290259219e+03 -1.6981156964734e+02
6.1231820112512e+04 1.2797446151092e+03 1.7133713122776e+02
5.8489513521067e+04 3.2091295236143e+03 -1.7227128252721e+01
6.2135656264390e+04 2.0600479514753e+03 -1.1684597940261e+01
6.2135656264390e+04 2.0600479514753e+03 -1.1684597940261e+01
6.2053479867966e+04 2.5798191789136e+03 3.5785712963177e+01
6.2053479867966e+04 2.5798191789136e+03 3.5785712963177e+01
5.5688105182696e+04 3.7810413973158e+03 1.1758881135055e+02
5.2661842309696e+04 4.0178163755475e+03 1.4828092365129e+02
5.5298216605150e+04 2.9921800781477e+03 -7.2424912160736e+01
5.6762389732946e+04 4.4014314526998e+03 9.5018311718365e+01
4.9738193584162e+04 3.5428382549422e+03 1.3735200535801e+02
4.7423504737236e+04 3.0173538620653e+03 1.7293622258907e+02
5.0530146748443e+04 3.4645455843304e+03 1.3951611076475e+02
5.2072687116001e+04 2.5642344648019e+03 -1.2668485247534e+01
5.2889816444475e+04 2.8751137923623e+03 1.7368849558376e+02
5.2956225732198e+04 2.8007002246315e+03 -5.9305065585997e+00
5.2956225732198e+04 2.8007002246315e+03 -5.9305065585997e+00
5.3970164877886e+04 1.6011942745538e+03 6.5908616305758e+00
5.4406114097653e+04 1.7639053262083e+03 1.5711212817634e+02
5.0632764688864e+04 2.1857402175720e+03 -4.0936526632313e+01
5.2780018500716e+04 2.6166667897078e+03 -1.1849938201771e+02
5.1542018294399e+04 2.3854918616207e+03 -1.3820430289869e+02
5.3575628135233e+04 3.1956602975284e+03 1.3736605418351e+02
5.3842087412824e+04 3.0408965482156e+03 1.3305509602995e+02
5.4734813265687e+04 3.3727101188999e+03 1.5328785820612e+02
5.6514267441924e+04 1.3706126499716e+03 -1.0084449101299e+02
5.5474614962499e+04 1.4727766888380e+03 1.3354097599086e+02
5.7221712396016e+04 7.9377270595034e+02 -1.3768186207787e+01
5.1812906585854e+04 1.3229866906212e+03 -1.4652372815080e+02
5.1925709375116e+04 1.2556775375403e+03 -1.3952513606810e+02
5.3125168226405e+04 4.1836360165769e+03 1.5209059461074e+02
5.6401034941038e+04 1.4528118080427e+03 1.6195928354668e+02
5.8622995717777e+04 5.3225749947678e+02 -4.0867183903812e+01
5.6370454502169e+04 1.5384823156201e+03 1.6957998524063e+02
5.5822567239939e+04 1.8826089795391e+03 1.6278209938334e+02
5.5185725870929e+04 2.4453421706434e+03 -1.4971526996316e+02
5.5185725870929e+04 2.4453421706434e+03 -1.4971526996316e+02
5.6523267205071e+04 3.2360366474585e+03 3.0877402855157e+01
5.6899625362934e+04 1.7260656626451e+03 9.4804572522971e+01
5.6899625362934e+04 1.7260656626451e+03 9.4804572522971e+01
5.9662872868252e+04 2.7564973632240e+03 1.3285303409904e+02
5.8449365552989e+04 3.2768729617833e+03 1.5118042140558e+02
5.8502232683026e+04 3.6652924259649e+03 1.1638174027709e+02
5.7777952051873e+04 2.0157450049736e+03 -1.5994350750560e+02
5.7777952051873e+04 2.0157450049736e+03 -1.5994350750560e+02
5.9253035951070e+04 1.9385511813688e+03 -5.3847992834302e+01
6.0062172406548e+04 4.0174644731530e+03 -2.1593130673831e+00
5.8908866386745e+04 2.6576389273924e+03 3.2189266436568e+01
5.7732766136968e+04 3.1187961103034e+03 1.2994712395813e+02
5.6648998779214e+04 3.1718052610981e+03 -1.6355923198648e+02
5.8719986556351e+04 2.1380335800744e+03 -8.7220556107991e+01
5.8719986556351e+04 2.1380335800744e+03 -8.7220556107991e+01
5.8331633699651e+04 2.4109830732254e+03 -1.4771045182287e+02
5.8331633699651e+04 2.4109830732254e+03 -1.4771045182287e+02
5.6149383880156e+04 2.1072171482622e+03 -7.5341236846714e+01
5.6149383880156e+04 2.1072171482622e+03 -7.5341236846714e+01
5.4928831416055e+04 3.7939827405708e+03 1.2910984186063e+02
5.5990386974173e+04 2.9194463146597e+03 1.7049978264973e+02
5.6652672400402e+04 2.6223773500127e+03 -1.6749705405321e+02
5.9709195048057e+04 2.2340271191168e+03 -4.5407169340810e+01
5.9709195048057e+04 2.2340271191168e+03 -4.5407169340810e+01
5.8258400325543e+04 3.4384201505459e+03 1.5549747141527e+02
5.9971826994445e+04 2.7671334154682e+03 1.4848343871401e+02
5.9971826994445e+04 2.7671334154682e+03 1.4848343871401e+02
5.7916908698633e+04 4.0589830220996e+03 1.3074811297439e+02
5.8721542446390e+04 2.8164802036266e+03 1.3364242387811e+02
5.8721542446390e+04 2.8164802036266e+03 1.3364242387811e+02
5.8962861951236e+04 2.4505649777626e+03 -1.5668113302774e+02
5.8962861951236e+04 2.4505649777626e+03 -1.5668113302774e+02
5.7831235699992e+04 1.6992720659559e+03 -2.9018746298927e+01
5.5326854548867e+04 3.5893570616276e+03 -1.7154761739221e+02
5.9721026531663e+04 2.7391560083959e+03 1.5569186201346e+02
5.7501500678149e+04 3.4365911072307e+03 1.6086406245758e+02
5.9270823244957e+04 2.8621960862124e+03 1.4478593906393e+02
5.9270823244957e+04 2.8621960862124e+03 1.4478593906393e+02
5.7618500028125e+04 2.4138023355137e+03 1.0368952544169e+00
5.7618500028125e+04 2.4138023355137e+03 1.0368952544169e+00
5.6565578534964e+04 2.7073983764522e+03 1.5567162721812e+02
5.5770152640332e+04 3.2580865116515e+03 1.3223318926921e+02
5.1739099869273e+04 3.1285543544375e+03 1.6512342623204e+02
5.6069435865472e+04 1.7730297069115e+03 8.9509999282819e+01
5.6069435865472e+04 1.7730297069115e+03 8.9509999282819e+01
5.7598442786826e+04 3.1729024055290e+03 1.4702753839437e+01
5.7598442786826e+04 3.1729024055290e+03 1.4702753839437e+01
5.5647755608267e+04 3.6220586211040e+03 1.5921535695006e+02
5.6984362553729e+04 2.9769852199111e+03 1.7392208515638e+02
5.8846133078483e+04 2.8677976977464e+03 1.5471712251006e+02
5.9554775108295e+04 2.2035701900678e+03 -1.7000523850565e+02
5.9554775108295e+04 2.2035701900678e+03 -1.7000523850565e+02
5.8336211170084e+04 2.5083447749788e+03 1.7270393174037e+02
5.8336211170084e+04 2.5083447749788e+03 1.7270393174037e+02
5.6612588118126e+04 2.9114042860083e+03 1.6810310726790e+02
5.7904955096731e+04 2.6806743996455e+03 1.7071215638970e+02
6.1136712173579e+04 7.6889613563619e+02 -2.8206417857955e+01
6.1136712173579e+04 7.6889613563619e+02 -2.8206417857955e+01
5.6960084119405e+04 2.8810144668560e+03 -3.3493145190182e+01
5.7609889713045e+04 1.9797030329190e+03 -5.1768186369233e+01
5.7609889713045e+04 1.9797030329190e+03 -5.1768186369233e+01
5.6051380677036e+04 3.3702307576805e+03 1.0658269799986e+02
5.9657554021883e+04 2.0399036337765e+03 1.5887099921620e+02
5.9657554021883e+04 2.0399036337765e+03 1.5887099921620e+02
5.6511545364581e+04 3.0911382403123e+03 -8.9338974435850e+01
5.6511545364581e+04 3.0911382403123e+03 -8.9338974435850e+01
5.7854684938619e+04 3.8828603315296e+03 1.3264350415067e+02
5.9179419683276e+04 2.5239181351330e+03 1.2216788590528e+02
5.6210610804287e+04 2.4633417004369e+03 -1.7265783303710e+02
5.6210610804287e+04 2.4633417004369e+03 -1.7265783303710e+02
5.8325583196135e+04 2.4934495830701e+03 1.4952853509351e+02
5.7407712600136e+04 3.1896650206248e+03 1.4514255589761e+02
5.7407712600136e+04 3.1896650206248e+03 1.4514255589761e+02
5.7213695998696e+04 3.3560785684491e+03 1.7836984199826e+02
6.2398027608698e+04 1.4713446079407e+03 4.2508987942666e+00
6.1479065770775e+04 1.4690390669281e+03 -1.8268213612743e+01
5.9159060519091e+04 2.8396221177162e+03 1.1766640324493e+02
5.7038862513574e+04 2.5986251759557e+03 1.7465515276424e+02
5.8399512590340e+04 1.6787699713818e+03 -4.6649023887673e+01
5.7635818843320e+04 3.9061661462728e+03 1.0338174005044e+02
6.0458150222811e+04 2.6806411417970e+03 -1.7390542735685e+01
6.0458150222811e+04 2.6806411417970e+03 -1.7390542735685e+01
5.9815246743677e+04 3.1535547657392e+03 2.8166967309115e+01
5.8984794144577e+04 1.9474394630177e+03 1.3957659150849e+02
5.8984794144577e+04 1.9474394630177e+03 1.3957659150849e+02
5.8252929460020e+04 2.4057995231769e+03 1.6428722243957e+02
5.8009751065335e+04 2.8243263123800e+03 1.6903276234344e+02
5.9885624957424e+04 1.9311176742581e+03 -3.1814314092352e+01
5.9885624957424e+04 1.9311176742581e+03 -3.1814314092352e+01
5.8268915651980e+04 3.0071919199730e+03 1.6768816387236e+02
5.8268915651980e+04 3.0071919199730e+03 1.6768816387236e+02
5.5087783600465e+04 3.0458581373819e+03 -1.4399035700957e+02
5.4083916069994e+04 1.9232300552211e+03 -1.6301435350316e+02
5.4288474337923e+04 1.9093422111256e+03 -1.5730467740618e+02
5.4288474337923e+04 1.9093422111256e+03 -1.5730467740618e+02
5.3353294901917e+04 2.1505494528225e+03 -5.0533970643803e+01
5.2415527888930e+04 2.5718959365942e+03 1.6078268565400e+02
5.2415527888930e+04 2.5718959365942e+03 1.6078268565400e+02
5.5239956176379e+04 1.6757036541171e+03 -4.6319275261972e+01
5.1455632808655e+04 3.8097916881128e+03 -1.0485818661329e+01
5.3719713795347e+04 2.6037435104231e+03 -1.2941859254953e+02
5.6769130369575e+04 3.2150623133903e+03 1.2131186931032e+02
5.8634802425135e+04 6.8646936501369e+02 -5.0449270738262e+01
5.8338543972489e+04 2.9560258520979e+03 1.7243381156555e+02
5.9362465857098e+04 3.2647375043809e+03 1.3301775990820e+02
5.8981123611022e+04 3.4392662180654e+03 -6.4006535485762e+01
5.9075646513828e+04 2.2266066876175e+03 -1.0625530371273e+02
5.9075646513828e+04 2.2266066876175e+03 -1.0625530371273e+02
5.6497102167232e+04 2.6969603666805e+03 -1.6033210434878e+01
5.5700593434019e+04 2.9266051535940e+03 1.5808946703897e+02
5.6316787411539e+04 3.5598836745379e+03 1.0259302638602e+02
5.7160636314194e+04 2.8397640923796e+03 -3.5644296167745e+01
5.8003575627417e+04 4.9716299711441e+03 1.4051799150094e+02
5.9202936371415e+04 2.2422680672541e+03 -5.7438939043468e+00
5.7017484931847e+04 3.0945154260387e+03 1.3850054521638e+02
5.4847306825364e+04 4.1535108613640e+03 1.3264510658839e+02
6.3471572811461e+04 2.5409497183839e+03 1.3082068813923e+02
6.3471572811461e+04 2.5409497183839e+03 1.3082068813923e+02
6.3993105280478e+04 2.9641283055356e+03 5.5669963265797e+00
6.2715632795733e+04 3.9375763681106e+03 1.2045671878408e+02
6.2883077050919e+04 3.1517768347725e+03 -2.1359557773180e+01
6.2883077050919e+04 3.1517768347725e+03 -2.1359557773180e+01
5.7224017727813e+04 2.1224177813895e+03 -1.0131347639587e+02
5.6728355875525e+04 2.9877915829113e+03 1.5330348898900e+02
5.8586356203820e+04 3.5652766006506e+03 4.3429978742345e+01
4.6973897295174e+04 2.4328747697450e+03 1.6042993744944e+02
5.2069709190119e+04 1.9035182841119e+03 -1.5041340344721e+02
5.2069709190119e+04 1.9035182841119e+03 -1.5041340344721e+02
5.2069709190119e+04 1.9035182841119e+03 -1.5041340344721e+02
5.1974591486005e+04 2.7198954034164e+03 1.4901690877656e+02
5.1974591486005e+04 2.7198954034164e+03 1.4901690877656e+02
5.1036353723662e+04 3.6865945142656e+03 1.5909296196702e+02
5.6861755559212e+04 3.0670868296645e+03 1.4535623782845e+02
5.9583528950374e+04 2.6856796047406e+03 2.5949102198246e+01
5.6403223233837e+04 2.2449271042586e+03 1.7252599157810e+02
5.9854405979136e+04 2.0169482043780e+03 1.6816993143431e+00
5.3178052451631e+04 4.0948604537583e+03 1.4406494427928e+02
6.1391701857219e+04 3.3530303534622e+03 2.6113990521994e+01
6.1456556074277e+04 2.1685979161630e+03 -6.4791911230234e+01
5.6264234930260e+04 3.0737950587397e+03 -1.6518990178017e+02
5.6033905401598e+04 2.6046582443061e+03 -1.4428566767964e+02
5.6033905401598e+04 2.6046582443061e+03 -1.4428566767964e+02
5.3964013663410e+04 3.0515595455144e+03 -1.7489045557091e+02
5.4537799955930e+04 3.0106727499322e+03 -1.6569040603007e+02
5.4537799955930e+04 3.0106727499322e+03 -1.6569040603007e+02
5.1984798450434e+04 3.2718948845768e+03 1.7127131535893e+02
5.8325665402056e+04 1.6361760232528e+03 1.5970743214595e+02
5.9824983727623e+04 3.3793135226042e+03 -3.8331701506500e+01
5.9824983727623e+04 3.3793135226042e+03 -3.8331701506500e+01
5.4414584866103e+04 2.1403036440884e+03 1.5493889092041e+02
5.6296642590750e+04 2.9353087496198e+03 -1.7440629147061e+02
5.7299828862366e+04 3.0692839364952e+03 1.3179279774939e+02
5.7299828862366e+04 3.0692839364952e+03 1.3179279774939e+02
5.6824858472180e+04 2.8198719358190e+03 1.6806192862706e+02
5.9273242484773e+04 2.7289024991314e+03 -3.5815254336548e+01
5.9273242484773e+04 2.7289024991314e+03 -3.5815254336548e+01
5.7991530414451e+04 3.2755952117316e+03 1.5052245395609e+02
5.8657437713920e+04 2.5060397552117e+03 -1.5545698871455e+02
5.8657437713920e+04 2.5060397552117e+03 -1.5545698871455e+02
5.8400670870531e+04 2.9889401427083e+02 -6.8215991638400e+01
5.7082514999107e+04 2.0941795271777e+03 1.5721170784071e+02
5.7811037223679e+04 1.6514339989046e+03 1.7072983693336e+02
5.6713267470084e+04 1.6271153054084e+03 -1.7374071262651e+02
5.6713267470084e+04 1.6271153054084e+03 -1.7374071262651e+02
5.8991616579562e+04 1.6733938214602e+03 1.1702206296107e+02
5.2434916869099e+04 2.6312943353887e+03 -1.0972560983808e+01
5.2434916869099e+04 2.6312943353887e+03 -1.0972560983808e+01
5.3642100358482e+04 3.0068401059778e+03 1.3191576517606e+02
5.3642100358482e+04 3.0068401059778e+03 1.3191576517606e+02
5.4146478312895e+04 1.7589662640684e+03 -3.5667050357501e+01
5.2095615507740e+04 1.8451194813080e+03 -1.6676929564497e+02
5.5708118824330e+04 2.4723412569819e+03 1.6203292638927e+02
5.5756399381927e+04 3.0337064813124e+03 -2.8816016829461e+01
5.5756399381927e+04 3.0337064813124e+03 -2.8816016829461e+01
5.5756399381927e+04 3.0337064813124e+03 -2.8816016829461e+01
5.6617025144913e+04 2.8642335020865e+03 1.0462345606488e+02
5.6617025144913e+04 2.8642335020865e+03 1.0462345606488e+02
5.6265533513560e+04 1.9537890034499e+03 -1.6757105004565e+02
5.7175977436080e+04 2.6299127621924e+03 -2.8997542838447e+01
5.7175977436080e+04 2.6299127621924e+03 -2.8997542838447e+01
5.4735801859109e+04 3.1215822571444e+03 1.7554393775224e+02
5.3452276142352e+04 3.0613621461181e+03 1.6403035554452e+02
5.3767441824740e+04 3.2629872342468e+03 1.5120417003841e+01
5.2167718519685e+04 3.3132299159929e+03 1.7089403819693e+02
4.8994248286926e+04 2.3584945088985e+03 -6.1084220152656e+01
5.0330570879571e+04 2.2431762184827e+03 1.5141725176126e+02
5.0330570879571e+04 2.2431762184827e+03 1.5141725176126e+02
5.2167758850855e+04 8.0667039907713e+02 -5.6036021279684e+01
5.3098541461170e+04 1.3022937461395e+03 -1.6853584093033e+02
6.5049800557505e+04 3.1790908403767e+02 -6.3765686810454e+01
6.5122607487731e+04 6.1521575585589e+02 -3.2551836009170e+01
6.2061917281420e+04 2.1766803107780e+03 1.6583370337179e+02
6.2061917281420e+04 2.1766803107780e+03 1.6583370337179e+02
6.0860659965733e+04 1.6216557863291e+03 -1.4293984422414e+02
5.9898826701773e+04 3.2451969020846e+03 -4.5896739448113e+01
5.9279024179924e+04 1.5548293858641e+03 -4.9625719462869e+01
5.9279024179924e+04 1.5548293858641e+03 -4.9625719462869e+01
5.9151783727024e+04 4.2414052103571e+03 1.1742218909283e+02
5.9156307275964e+04 3.5774985748690e+03 1.5146273320799e+02
5.4134810866602e+04 1.7293165135950e+03 -1.3089389787438e+01
5.3450165359328e+04 1.8378727458420e+03 -1.7912973639862e+01
5.3450165359328e+04 1.8378727458420e+03 -1.7912973639862e+01
5.1152139348614e+04 1.5446689032953e+03 -1.6119720254746e+02
5.9116531884649e+04 4.1057996263924e+03 7.5763727801815e+01
5.8076142619589e+04 2.3495282264243e+03 1.2118088493214e+02
5.7952627161436e+04 2.4985821053635e+03 1.2353543759071e+02
5.7952627161436e+04 2.4985821053635e+03 1.2353543759071e+02
5.8799343115476e+04 3.5505587742987e+02 -9.8458292342218e+01
5.6161325947403e+04 2.4098479861185e+03 1.3207800892052e+01
5.4273339019539e+04 2.1014964573951e+03 -1.7399925760307e+02
5.4786416362684e+04 3.3691208306774e+03 1.4798868649494e+02
5.6309977168180e+04 3.7237089685222e+03 5.3710110459072e+01
5.6090331481220e+04 4.1209638605421e+03 7.6644597281955e+01
5.7455932739935e+04 1.6343871939206e+03 -8.2543853922528e+01
5.5690097625044e+04 2.4802208074019e+03 1.6365213265216e+02
5.5690097625044e+04 2.4802208074019e+03 1.6365213265216e+02
5.8837711254500e+04 1.4330840188983e+03 1.6705159029493e+02
6.1511929481424e+04 1.4961568524132e+03 -8.9262793143546e+01
5.8637530266283e+04 1.2699660063591e+03 -1.4731712547374e+01
5.2857240624935e+04 3.4114236353894e+03 1.5160871635880e+02
5.6265573312652e+04 3.4590898437291e+03 1.4897868004730e+02
5.9538462986011e+04 1.8986094405240e+03 4.5002251524144e+01
5.9538462986011e+04 1.8986094405240e+03 4.5002251524144e+01
5.6229889498980e+04 3.1875002176215e+03 1.4655290614466e+02
6.0096420057246e+04 6.4587137758069e+02 -4.8023879775619e+01
5.7876170651211e+04 1.5871043901790e+03 -3.8854188506476e+01
5.4279592968666e+04 1.8453062224604e+03 1.7768396101075e+02
5.4279592968666e+04 1.8453062224604e+03 1.7768396101075e+02
5.4633709693223e+04 2.2604586357009e+03 -9.8216872275469e+01
5.3162986659326e+04 2.4505295231277e+03 1.1421382768972e+02
5.3723463115848e+04 2.7573309378919e+03 1.3149118661032e+02
5.2434683665350e+04 4.0646356411266e+03 1.3447306221713e+02
5.5951374166072e+04 2.7570989176871e+03 1.0840796509851e+02
5.8792907573417e+04 2.8762202101204e+03 -1.7384755885454e+02
5.8792907573417e+04 2.8762202101204e+03 -1.7384755885454e+02
6.1199196054888e+04 2.4862090836421e+03 -5.7475650240946e+01
5.2169068313261e+04 3.3199882919310e+03 1.4684895844677e+02
5.9044207825541e+04 2.1435622094270e+03 -4.7353338477782e+01
5.9044207825541e+04 2.1435622094270e+03 -4.7353338477782e+01
5.7387079758533e+04 1.9814851042783e+03 -1.6323947240761e+02
5.8028406212212e+04 3.2425209576527e+03 1.6933730145757e+02
5.7553593798532e+04 3.5691861673882e+03 1.5412207450780e+02
5.8228330301705e+04 1.9943781839321e+03 -8.6003217311652e+01
5.8228330301705e+04 1.9943781839321e+03 -8.6003217311652e+01
5.8934217572636e+04 3.3078805333578e+03 -1.2522920091288e+01
5.9279601784715e+04 5.4833893742903e+03 1.4551198947743e+02
5.3280228396103e+04 3.0699619560263e+03 1.7260795150032e+02
5.3280228396103e+04 3.0699619560263e+03 1.7260795150032e+02
5.4846374061730e+04 3.0483200969389e+03 -1.2014142039652e+01
5.5465932870214e+04 2.2606464844609e+03 9.4531258591295e+01
5.5465932870214e+04 2.2606464844609e+03 9.4531258591295e+01
5.4880393176145e+04 2.2444522852188e+03 1.6038911987847e+02
5.4880393176145e+04 2.2444522852188e+03 1.6038911987847e+02
5.5509351826440e+04 1.7417581435485e+03 -1.3672830332594e+02
5.4295529707760e+04 2.2554568116812e+03 -8.1666989099151e+01
5.4295529707760e+04 2.2554568116812e+03 -8.1666989099151e+01
5.3375966537528e+04 3.2633557797945e+03 -1.7994835596428e+02
5.5511931024085e+04 3.5467291023394e+03 -1.1331760092743e+02
5.4599237178811e+04 2.3228593754669e+03 1.0404938445547e+01
5.4164878407841e+04 5.6786547662529e+03 1.5504463340076e+02
5.4502910581023e+04 3.5031618040112e+03 1.7979971311035e+02
5.7508080044410e+04 1.3254352197222e+03 -1.5021240271943e+02
5.5709985296609e+04 9.5348782824346e+02 -1.6482421067388e+02
5.4594625632114e+04 3.1324361047366e+03 -1.5869185245059e+02
5.4594625632114e+04 3.1324361047366e+03 -1.5869185245059e+02
5.3339806248592e+04 2.7925980804166e+03 -1.5381999716443e+02
5.2434751117893e+04 3.1199358354541e+03 1.6593081819241e+02
5.5992788191544e+04 2.6037914120174e+03 -1.0969245443962e+02
5.5135173750648e+04 2.6016760487791e+03 1.3612055211047e+02
5.5135173750648e+04 2.6016760487791e+03 1.3612055211047e+02
5.7179502096682e+04 4.4929251427691e+02 -5.0686656979855e+01
5.5783142401802e+04 2.3917154732631e+03 1.3693459741208e+02
5.5783142401802e+04 2.3917154732631e+03 1.3693459741208e+02
6.0240724682413e+04 2.0465314933845e+03 -4.9523722617130e+01
5.9163721824368e+04 3.3738875875680e+03 1.2826043394425e+02
5.6794358730425e+04 4.5565938047676e+03 1.3188507597734e+02
5.9709312087037e+04 2.6773659212650e+03 1.5809641977544e+02
5.9709312087037e+04 2.6773659212650e+03 1.5809641977544e+02
5.8715082915033e+04 3.2611664279424e+03 1.5224684489061e+02
5.9559244147774e+04 2.9383931108654e+03 -3.5515191195761e+01
5.9559244147774e+04 2.9383931108654e+03 -3.5515191195761e+01
5.7731261557426e+04 3.1261994408055e+03 7.4643985071347e+01
5.7731261557426e+04 3.1261994408055e+03 7.4643985071347e+01
5.6774746657640e+04 3.4514922930202e+03 -2.1324836867541e+01
6.0808827804775e+04 3.9699528668963e+03 -1.0239982563555e+01
5.7658366200025e+04 2.4179017756315e+03 1.7557440557414e+02
5.9606169647536e+04 3.8174854057094e+03 7.4243630559102e+01
6.1469161284131e+04 3.4556836860507e+03 3.2212048500980e+01
6.1461843087749e+04 2.1205848685682e+03 -5.9671374927338e+01
5.6579627774702e+04 3.5196943624371e+03 -3.1767419100878e+01
5.3465618870714e+04 1.8297403197197e+03 1.3601881897692e+02
5.3465618870714e+04 1.8297403197197e+03 1.3601881897692e+02
5.6340748377153e+04 1.8807987432036e+03 2.1925598570173e+01
5.6898592782932e+04 1.7493739892698e+03 3.1341586666416e+00
5.6898592782932e+04 1.7493739892698e+03 3.1341586666416e+00
5.3875324198836e+04 2.8216542106459e+03 1.3197793216352e+02
5.4577274049499e+04 2.6840732373390e+03 2.7622754794291e+01
5.4577274049499e+04 2.6840732373390e+03 2.7622754794291e+01
5.2958212708082e+04 2.7530944695046e+03 1.6736934703893e+02
5.3517894052656e+04 2.7101644866659e+03 1.4068607812652e+02
5.2428695026601e+04 4.3957210599111e+03 3.7248054852348e+01
5.2265941101549e+04 3.1576042600872e+03 1.7952120273055e+02
5.6129132389995e+04 -3.5675084980009e+02 -1.6101318829796e+02
5.2184005283503e+04 2.3323053131926e+03 -5.0446423733254e+01
6.0290221507401e+04 1.9883588540717e+03 -4.3450898218376e+00
5.5282446242813e+04 3.0380341600425e+03 1.6877707833952e+02
5.8866490047082e+04 2.7219392274139e+03 1.3882411204916e+02
6.0681333493487e+04 1.8398552783902e+03 1.7846199196438e+02
6.0903237308350e+04 1.9892792460891e+03 1.5942074790527e+02
6.0903237308350e+04 1.9892792460891e+03 1.5942074790527e+02
5.7021347520541e+04 3.3866118782623e+03 1.3723800894761e+02
5.5565900711908e+04 2.7108841981860e+03 -1.4789038814275e+02
5.5565900711908e+04 2.7108841981860e+03 -1.4789038814275e+02
5.5835341675203e+04 1.9031198146037e+03 -3.2841880854190e+01
5.5835341675203e+04 1.9031198146037e+03 -3.2841880854190e+01
5.5773715250226e+04 3.3882559234578e+03 1.4637743097873e+02
5.7115850493918e+04 2.0740060250919e+03 -7.6284280868825e+01
5.7115850493918e+04 2.0740060250919e+03 -7.6284280868825e+01
5.5638635675347e+04 2.5710862758929e+03 1.7464625867232e+02
5.8489198589968e+04 1.2962983699477e+03 -7.3466116039290e+01
5.6118320598345e+04 2.4018455598748e+03 -1.7397717882224e+02
5.8118799665393e+04 2.6976586966194e+03 1.7743036640791e+01
5.7932021875791e+04 3.7577581748148e+03 2.1595714236285e+01
5.4645546846347e+04 1.7404030055082e+03 -1.4987086611469e+02
5.5062917681363e+04 1.9840858855777e+03 1.4274670703342e+02
5.6024731347903e+04 1.6098251403985e+03 8.1610840098575e+01
5.5347788612970e+04 2.7826458712221e+03 -6.0361918602178e+01
5.5347788612970e+04 2.7826458712221e+03 -6.0361918602178e+01
5.4031138505737e+04 2.1487606130678e+03 6.6818113493643e+01
5.4031138505737e+04 2.1487606130678e+03 6.6818113493643e+01
5.2445746214315e+04 2.0137599814178e+03 1.6215744107932e+02
5.2620383925906e+04 2.3446003805511e+03 -2.7511127998983e+01
5.2620383925906e+04 2.3446003805511e+03 -2.7511127998983e+01
5.6073916304368e+04 2.9282164451324e+03 1.6499046182100e+02
5.6073916304368e+04 2.9282164451324e+03 1.6499046182100e+02
5.5627459482206e+04 2.0826442931288e+03 -1.3781308213346e+02
5.7286460852669e+04 2.5030832239028e+03 -3.9282371719138e+01
5.7286460852669e+04 2.5030832239028e+03 -3.9282371719138e+01
5.5881207724167e+04 3.1623192609258e+03 1.6839607110644e+02
5.4046582397461e+04 3.0118483754635e+03 -6.7036951073708e+01
5.4490032964894e+04 1.9326270463306e+03 -8.7303876703924e+01
6.0993681645520e+04 1.5107484816775e+03 -1.5774108109147e+02
6.0993681645520e+04 1.5107484816775e+03 -1.5774108109147e+02
5.8775687241684e+04 2.5469966604120e+03 1.5311016088076e+02
5.6977566907808e+04 3.1681935439605e+03 -1.6075518482348e+02
5.8261133393487e+04 3.5621025981340e+03 1.3328930153609e+02
5.8044063826784e+04 2.8116726279942e+03 -1.7428527294653e+02
5.8079359985441e+04 2.9855545154165e+03 1.7712024144467e+02
5.8079359985441e+04 2.9855545154165e+03 1.7712024144467e+02
5.8774995710487e+04 3.5230655390110e+03 1.1432085158566e+02
5.9256293910741e+04 1.4136214803750e+03 -7.2824394759803e+01
6.0173586436857e+04 1.8606291974785e+03 7.5349466918966e+00
5.9100545817371e+04 9.4223779246136e+02 -4.3892502849369e+01
5.2694763097174e+04 4.0527599958164e+03 1.3885006383658e+02
5.2243033601949e+04 3.8751236954346e+03 1.5595037037876e+02
5.6857023968704e+04 3.9109399099823e+03 1.7341815289279e+02
5.4774140274274e+04 1.6455773708824e+03 -1.5698886104342e+02
5.4774140274274e+04 1.6455773708824e+03 -1.5698886104342e+02
5.4500459141877e+04 1.5424373466366e+03 -1.5793786111762e+02
5.4114680878522e+04 1.9710699151167e+03 -9.6682224809139e+01
5.6071974942138e+04 2.7642229288349e+03 -1.0660646185339e+02
5.5068471827990e+04 3.2643019884746e+03 1.7013952186853e+02
5.5068471827990e+04 3.2643019884746e+03 1.7013952186853e+02
5.7473806965456e+04 2.7588783818362e+03 -1.9690794838020e+01
5.1798914962485e+04 2.7040592606169e+03 1.7055485776268e+02
5.1798914962485e+04 2.7040592606169e+03 1.7055485776268e+02
5.1865775601667e+04 2.7623469094537e+03 -1.6290277405187e+02
5.2619447312514e+04 2.1986748562231e+03 -8.0452470050561e+01
5.2619447312514e+04 2.1986748562231e+03 -8.0452470050561e+01
5.4833989255383e+04 3.2121128976564e+03 1.4582739049089e+02
5.7557010569674e+04 1.3518981093131e+03 -3.4614358603060e+01
5.5266535719150e+04 2.5546045837189e+03 1.5392074080957e+02
5.5266535719150e+04 2.5546045837189e+03 1.5392074080957e+02
