2.1215927479935e+04 8.6052279657529e+02 -1.2134383379858e+02
2.1215927479935e+04 8.6052279657529e+02 -1.2134383379858e+02
2.1215927479935e+04 8.6052279657529e+02 -1.2134383379858e+02
2.1430065576706e+04 1.6432008987456e+03 7.5808133302081e+01
2.1325359833879e+04 2.3072766383647e+03 3.1061245409829e+01
2.1108763704947e+04 2.0634107892484e+03 9.5727819026650e+01
2.1108763704947e+04 2.0634107892484e+03 9.5727819026650e+01
2.1207639611547e+04 1.9277421704283e+03 8.7813259370909e+01
2.1243777686798e+04 2.0082070379045e+03 8.5102815133837e+01
2.1243777686798e+04 2.0082070379045e+03 8.5102815133837e+01
2.1151990715267e+04 2.1344979839650e+03 -7.4354580954058e+01
2.1125943260814e+04 1.3624322867617e+03 8.5262329180566e+01
2.1125943260814e+04 1.3624322867617e+03 8.5262329180566e+01
2.1068581852413e+04 1.0071438809633e+03 8.7942683910281e+01
2.1068581852413e+04 1.0071438809633e+03 8.7942683910281e+01
2.0816187315753e+04 1.4652805383081e+03 1.0237882228382e+02
2.7090652457499e+04 3.5525059834898e+03 9.9577449633516e+01
2.7673203434246e+04 2.4300696254077e+03 5.5197284305033e+01
2.7586144106866e+04 2.2776014880608e+03 4.5662564539920e+01
2.7505895549060e+04 1.8324322844163e+03 7.5756823755846e+01
2.7505895549060e+04 1.8324322844163e+03 7.5756823755846e+01
2.7242276356356e+04 2.6113201447626e+03 9.7448704379151e+01
2.7062811777412e+04 1.8174684007135e+03 1.0469053719476e+02
2.7257156882117e+04 9.4351143197437e+02 -8.4389885224861e+01
2.7257156882117e+04 9.4351143197437e+02 -8.4389885224861e+01
2.7257156882117e+04 9.4351143197437e+02 -8.4389885224861e+01
2.7383617981738e+04 1.7000800205558e+03 7.4860457188946e+01
2.6935824078818e+04 2.6813123254115e+03 9.3532743377309e+01
2.7079258175793e+04 2.0347126754260e+03 4.7336218061021e+01
2.7079258175793e+04 2.0347126754260e+03 4.7336218061021e+01
2.6822557767151e+04 3.7436093351612e+03 8.8915127720346e+01
2.6822557767151e+04 3.7436093351612e+03 8.8915127720346e+01
2.6822557767151e+04 3.7436093351612e+03 8.8915127720346e+01
2.7203055228390e+04 2.5157043913134e+03 1.0779361555089e+02
2.7321921309925e+04 3.1800734433511e+03 8.5738980200189e+01
2.7419335529454e+04 3.5688601428876e+03 7.5787054881504e+01
2.7359073958077e+04 2.4284954507788e+03 8.1263449934474e+01
2.7383463089215e+04 1.4564235042873e+03 -8.3044893772621e+01
2.7383463089215e+04 1.4564235042873e+03 -8.3044893772621e+01
2.7424104145921e+04 2.4248499893525e+03 8.9647901450290e+01
2.7424104145921e+04 2.4248499893525e+03 8.9647901450290e+01
2.7246374364704e+04 1.8941299178677e+03 1.1323378656868e+02
1.6070203285526e+04 3.1941801333721e+03 9.6283454239977e+01
1.6343815844898e+04 3.5006892601370e+03 9.0455975707309e+01
1.6002512849788e+04 2.0973711172871e+03 9.0186460990020e+01
1.6002512849788e+04 2.0973711172871e+03 9.0186460990020e+01
1.6089074970498e+04 2.0142520113140e+03 8.2326337838088e+01
1.5954788050676e+04 2.8964461104499e+03 9.4218564646921e+01
1.6532838038274e+04 2.7822903010687e+03 8.6316819189983e+01
1.6710724588240e+04 1.0880568824501e+03 -1.1451820913553e+02
1.6710724588240e+04 1.0880568824501e+03 -1.1451820913553e+02
1.6847287462072e+04 1.2899784263007e+03 4.0257919580502e+01
1.6444909658279e+04 2.9188452304964e+03 8.6886312195201e+01
1.6517312348324e+04 1.2624680495746e+03 -4.4645176713500e+01
1.6771646803998e+04 2.6239309475692e+03 5.7221764061108e+01
1.6302249424734e+04 2.8118528256982e+03 9.4274138187898e+01
1.5892925301013e+04 2.6602907759729e+03 9.1970176773127e+01
1.5892925301013e+04 2.6602907759729e+03 9.1970176773127e+01
1.6156559747819e+04 2.1539102509481e+03 9.6407054699313e+01
1.6269244106367e+04 2.7859463128700e+03 8.6732079942893e+01
1.6791127081772e+04 6.9429936578636e+03 8.8323705276387e+01
1.6791127081772e+04 6.9429936578636e+03 8.8323705276387e+01
1.3167969363161e+04 3.4497156902881e+03 9.0595952258017e+01
1.3167969363161e+04 3.4497156902881e+03 9.0595952258017e+01
1.2804519706008e+04 3.5749404566557e+03 1.1254115901234e+02
1.2740596246209e+04 2.6592932164206e+03 9.1111648084634e+01
1.2740596246209e+04 2.6592932164206e+03 9.1111648084634e+01
1.3386294206370e+04 5.9060181720472e+02 -9.1332537133682e+01
1.3386294206370e+04 5.9060181720472e+02 -9.1332537133682e+01
1.3386294206370e+04 5.9060181720472e+02 -9.1332537133682e+01
1.2989710204214e+04 2.4567842768727e+03 9.5992194756841e+01
1.2793224953012e+04 1.7461284257910e+03 9.6006603766942e+01
1.2842237173040e+04 1.7833471673140e+03 9.1901951734315e+01
1.2842237173040e+04 1.7833471673140e+03 9.1901951734315e+01
1.2661115009821e+04 2.3254246653060e+03 1.0285751195295e+02
2.2664845987381e+04 2.3408270845663e+03 9.6991275718410e+01
2.2081625928834e+04 2.1622060304165e+03 1.0555385145922e+02
2.2128771577852e+04 1.4633851162071e+03 -9.0498755712423e+01
2.2128771577852e+04 1.4633851162071e+03 -9.0498755712423e+01
2.2146567364735e+04 2.3864021929339e+03 1.2455999023057e+02
2.1928085106506e+04 1.6161362754979e+03 -1.1976544223709e+02
2.1928085106506e+04 1.6161362754979e+03 -1.1976544223709e+02
2.2150029078642e+04 2.2135138423830e+03 7.7064991040711e+01
2.2218266292038e+04 2.1477295335514e+03 9.2092300333824e+01
2.2389085448352e+04 1.9632331463319e+03 6.8165634274059e+01
2.2326899369641e+04 3.2552542617532e+03 8.8182003039618e+01
2.2326899369641e+04 3.2552542617532e+03 8.8182003039618e+01
2.2198784546598e+04 2.4184358092912e+03 1.8134299337016e+01
2.2124648306347e+04 3.1109420108393e+03 8.2993076409207e+01
2.2421219759255e+04 2.0911855883574e+03 9.4929248452609e+01
2.2321949414483e+04 2.7221802838707e+03 9.7897809191588e+01
2.2340630309554e+04 4.3234702262355e+03 -8.4395623668134e+00
2.2706624871143e+04 1.7574674168983e+03 -7.3829672363377e+01
2.3772187289244e+04 3.4728012692798e+03 9.6217122129352e+01
2.2648582238215e+04 2.3701961839568e+03 -9.9246056968200e+01
2.3043783552379e+04 2.4416713827158e+03 -8.2984901204382e+01
2.2962709528996e+04 5.8331005406760e+03 9.0851200062215e+01
2.3166686559446e+04 3.1867801929799e+03 -5.8997457578784e+01
2.5419700744315e+04 2.1363972490458e+03 9.1179134927684e+01
2.5419700744315e+04 2.1363972490458e+03 9.1179134927684e+01
2.5419700744315e+04 2.1363972490458e+03 9.1179134927684e+01
2.5419700744315e+04 2.1363972490458e+03 9.1179134927684e+01
2.5412836801673e+04 2.4480787868101e+03 9.1210950926284e+01
2.5015825968352e+04 1.8937557472884e+03 -7.6521074748678e+01
2.5015825968352e+04 1.8937557472884e+03 -7.6521074748678e+01
2.4864167364121e+04 3.1944504688312e+03 1.2020620715531e+02
2.4902111317414e+04 3.3280833130695e+03 8.7938827523640e+01
2.4496885427411e+04 2.5321484095382e+03 1.2372808145599e+02
2.4795523651375e+04 3.4865622278383e+03 8.9952909104623e+01
2.4739666964471e+04 3.2887076067908e+03 -6.0629298838213e+01
2.5037863747285e+04 3.5371888394732e+03 9.4532048826295e+01
2.5073623118897e+04 1.3860407508819e+03 -1.0189164172582e+02
2.5073623118897e+04 1.3860407508819e+03 -1.0189164172582e+02
2.4559496080303e+04 1.5073173602559e+03 9.2504703849984e+01
2.4588669958746e+04 1.6524679883112e+03 8.7735199402364e+01
2.4588669958746e+04 1.6524679883112e+03 8.7735199402364e+01
2.4301318115027e+04 3.3580962521325e+03 9.6221356413490e+01
2.4401913490112e+04 4.8316944171061e+03 9.0406906625717e+01
2.4427226486793e+04 3.2866582101596e+03 -4.7683578139757e+01
2.4410451393461e+04 2.9591105324424e+03 9.7634909328158e+01
2.4637398224179e+04 5.9764590151151e+02 -8.6694539358009e+01
2.4637398224179e+04 5.9764590151151e+02 -8.6694539358009e+01
2.4822812124342e+04 2.6736477657644e+03 7.6892023617109e+01
2.4492614836213e+04 3.6967632446048e+03 8.8452141791566e+01
2.4492614836213e+04 3.6967632446048e+03 8.8452141791566e+01
2.4466585533432e+04 1.4136259988995e+03 7.7887865721997e+01
2.4466585533432e+04 1.4136259988995e+03 7.7887865721997e+01
2.4282547230889e+04 8.5048766832001e+02 -1.1389351197789e+02
2.4282547230889e+04 8.5048766832001e+02 -1.1389351197789e+02
2.4411788737748e+04 1.5564354282861e+02 -8.9605785495763e+01
2.4411788737748e+04 1.5564354282861e+02 -8.9605785495763e+01
2.4678530064882e+04 1.3519005331237e+03 -7.8354827197592e+01
2.4678530064882e+04 1.3519005331237e+03 -7.8354827197592e+01
2.4530774388279e+04 2.3677984633222e+03 9.5997514394146e+01
2.4571230363614e+04 1.6642263455675e+03 8.9148429843613e+01
2.4571230363614e+04 1.6642263455675e+03 8.9148429843613e+01
2.4633083912734e+04 8.8989606271880e+02 -3.7030940973160e+01
2.4633083912734e+04 8.8989606271880e+02 -3.7030940973160e+01
2.4306460857661e+04 1.8534963495558e+03 9.1751334391943e+01
2.4306460857661e+04 1.8534963495558e+03 9.1751334391943e+01
2.4306460857661e+04 1.8534963495558e+03 9.1751334391943e+01
2.4442788226434e+04 3.5530440625892e+02 -7.6482942017696e+01
2.4442788226434e+04 3.5530440625892e+02 -7.6482942017696e+01
2.4238084395619e+04 1.1033061181395e+03 1.0769322029503e+02
2.4238084395619e+04 1.1033061181395e+03 1.0769322029503e+02
2.4198740117911e+04 2.5776425148773e+03 8.3654617803998e+01
2.4054620571944e+04 1.6668497273493e+03 9.1382962974498e+01
2.4054620571944e+04 1.6668497273493e+03 9.1382962974498e+01
2.4054620571944e+04 1.6668497273493e+03 9.1382962974498e+01
2.4054620571944e+04 1.6668497273493e+03 9.1382962974498e+01
2.4156002187567e+04 1.5821428380635e+03 6.7980971156487e+01
2.4156002187567e+04 1.5821428380635e+03 6.7980971156487e+01
2.4415953906140e+04 1.9515700134269e+03 8.6240714194350e+01
2.4348226117944e+04 2.1369111145450e+03 9.3842847933148e+01
2.4432828129201e+04 1.5736415288096e+03 2.6938337473001e+00
2.4432828129201e+04 1.5736415288096e+03 2.6938337473001e+00
2.4433731526760e+04 2.1602614709721e+03 7.7583177270449e+01
2.4433731526760e+04 2.1602614709721e+03 7.7583177270449e+01
2.4456729157170e+04 1.6053582563143e+03 1.3839337124164e+01
2.4268666471954e+04 1.7794670186469e+03 -1.0009612543665e+02
2.4268666471954e+04 1.7794670186469e+03 -1.0009612543665e+02
2.4153380064958e+04 2.9036390171953e+03 6.2063841971150e+01
2.4475737387496e+04 1.7407824912752e+03 5.6984714832237e+01
2.4441095058313e+04 2.8164722466838e+03 8.7736143970915e+01
2.4101808935433e+04 2.7417122355732e+03 1.0270029196860e+02
2.4243413106686e+04 2.1579445207263e+03 1.0008176461964e+02
2.4090586431438e+04 2.2808768159855e+03 8.7600656908677e+01
2.4207064584442e+04 1.6837190154978e+03 6.8036349050940e+01
2.4207064584442e+04 1.6837190154978e+03 6.8036349050940e+01
2.4103974328752e+04 1.9303914957974e+03 8.5091007066010e+01
2.4103974328752e+04 1.9303914957974e+03 8.5091007066010e+01
2.4252445274955e+04 2.7074273472547e+03 9.4929432372077e+01
2.4434377877794e+04 1.7294083351758e+03 6.6306175928542e+01
2.4468899624441e+04 2.4391966576160e+03 8.7291550086914e+01
2.4468899624441e+04 2.4391966576160e+03 8.7291550086914e+01
2.4752481235584e+04 2.1403901379052e+03 -8.1213319093211e+00
2.4760786198914e+04 2.9069283430530e+03 8.7515449507575e+01
2.4907764469962e+04 2.1989362684653e+03 1.6985220375775e+01
2.5020087845806e+04 7.9221265496114e+02 -8.4017690545087e+01
2.5020087845806e+04 7.9221265496114e+02 -8.4017690545087e+01
2.5175226123643e+04 1.0376127332931e+03 -3.1054260871328e+01
2.5175226123643e+04 1.0376127332931e+03 -3.1054260871328e+01
2.4984974910421e+04 3.2602618824929e+03 8.9924282697554e+01
2.4528536168859e+04 3.3351930958723e+03 9.8444535134074e+01
2.4359688146060e+04 2.5775100792306e+03 9.4875982609884e+01
2.4648263628320e+04 3.0385658431028e+03 -8.9178952852691e+01
2.4772657789230e+04 3.1406913383246e+03 9.0935670960950e+01
2.4772657789230e+04 3.1406913383246e+03 9.0935670960950e+01
2.4891315954207e+04 2.1228647502680e+03 8.3581678298249e+01
2.4891315954207e+04 2.1228647502680e+03 8.3581678298249e+01
2.4783287198273e+04 3.2751651083904e+03 1.0066225708774e+02
2.5037483168114e+04 2.3814161841843e+03 9.2960177696211e+01
2.4406593697888e+04 1.7382897647947e+03 -6.3335484275843e+01
2.4406593697888e+04 1.7382897647947e+03 -6.3335484275843e+01
2.4231308427779e+04 2.3281219752287e+03 9.3792270134162e+01
2.4385226832838e+04 2.8637887419377e+03 1.1563855391303e+02
2.4409375095187e+04 2.7258550290694e+03 4.4898438025852e+01
2.4056382091196e+04 2.0132148477819e+03 7.9947646439677e+01
2.3866652542403e+04 2.0155697755611e+03 9.9877114319579e+01
2.3866652542403e+04 2.0155697755611e+03 9.9877114319579e+01
2.4304386718367e+04 1.0821031556328e+03 -2.0796489875910e+01
2.4304386718367e+04 1.0821031556328e+03 -2.0796489875910e+01
2.4170967815697e+04 2.5451001628450e+03 9.0871228808518e+01
2.3997180437355e+04 1.3273276058267e+03 1.3393986634544e+02
2.3997180437355e+04 1.3273276058267e+03 1.3393986634544e+02
2.4309238607294e+04 2.2541696804490e+03 -4.5466642198173e+01
2.4459438644813e+04 2.4064850448961e+03 6.8969427074926e+01
2.4224957633301e+04 3.0731242992129e+03 9.5817162723427e+01
2.4616305777369e+04 2.3266197007649e+03 4.2306277562388e+01
2.4525082478497e+04 3.0588724759344e+03 5.6003111531465e+01
2.4117846034906e+04 2.4032215503800e+03 9.3434530632450e+01
2.4059333174415e+04 2.6502927779840e+03 9.6001284836924e+01
2.4466663403991e+04 1.6262811422905e+03 8.4820285300962e+01
2.4466663403991e+04 1.6262811422905e+03 8.4820285300962e+01
2.4348458449539e+04 6.1881069185725e+02 -9.8407234691790e+01
2.4348458449539e+04 6.1881069185725e+02 -9.8407234691790e+01
2.4434172155877e+04 1.6350960755808e+03 8.8300322134883e+01
2.4434172155877e+04 1.6350960755808e+03 8.8300322134883e+01
2.4434172155877e+04 1.6350960755808e+03 8.8300322134883e+01
2.4026394159719e+04 3.4231863418056e+03 9.0688033450435e+01
2.4026394159719e+04 3.4231863418056e+03 9.0688033450435e+01
2.3859987116539e+04 2.4788748856737e+03 1.0895479191276e+02
2.4327913932350e+04 1.7779658776594e+03 9.9436701519112e+01
2.4327913932350e+04 1.7779658776594e+03 9.9436701519112e+01
2.4215119118641e+04 3.0343054552731e+02 -1.1102596828396e+02
2.4215119118641e+04 3.0343054552731e+02 -1.1102596828396e+02
2.3989279141381e+04 1.9257061562000e+03 9.3422855262945e+01
2.4038703786462e+04 2.4283000242101e+03 9.0383570520543e+01
2.4038703786462e+04 2.4283000242101e+03 9.0383570520543e+01
2.4038703786462e+04 2.4283000242101e+03 9.0383570520543e+01
2.4077057108917e+04 8.5724001384435e+02 -6.9208716540566e+01
2.4077057108917e+04 8.5724001384435e+02 -6.9208716540566e+01
2.4329524216956e+04 2.0316009377654e+03 1.0617883564718e+02
2.4468469350385e+04 3.0074538394669e+03 9.3786782971575e+01
2.4258525301676e+04 1.7566891051942e+03 9.1660716458788e+01
2.4258525301676e+04 1.7566891051942e+03 9.1660716458788e+01
2.4258525301676e+04 1.7566891051942e+03 9.1660716458788e+01
2.4231819256942e+04 1.8178248432545e+03 9.3719887407963e+01
2.4343382623234e+04 3.0973295968181e+03 8.8327535318245e+01
2.4461643545931e+04 1.8198338449027e+03 9.5337262395589e+01
2.4690727345797e+04 1.9705543294938e+03 8.1017803097972e+01
2.4690727345797e+04 1.9705543294938e+03 8.1017803097972e+01
2.4737343081342e+04 1.4051597950600e+03 6.3583861800158e+01
2.4737343081342e+04 1.4051597950600e+03 6.3583861800158e+01
2.3791233671639e+04 4.7822782557204e+03 9.7179698517719e+01
2.3675690035665e+04 2.9410687327228e+03 9.1451781923418e+01
2.3675690035665e+04 2.9410687327228e+03 9.1451781923418e+01
2.4607494738484e+04 2.7634158690227e+03 8.3452349586322e+01
2.4761608266120e+04 2.1264479933393e+03 2.7162789540493e+00
2.4346522746914e+04 2.5649636811259e+03 -1.3438583033169e+01
2.4230145859086e+04 4.1214803648604e+03 9.2348691139872e+01
2.4488260396147e+04 2.1788841862913e+03 -8.7451618330919e+01
2.4488260396147e+04 2.1788841862913e+03 -8.7451618330919e+01
2.2475785329644e+04 2.4254482182518e+03 7.4923019605172e+01
2.2314574702210e+04 1.0126658317965e+03 -8.5701327681573e+01
2.2314574702210e+04 1.0126658317965e+03 -8.5701327681573e+01
2.2230145890705e+04 2.7112931572637e+03 8.1051856168859e+01
2.2703114826790e+04 2.9449544738044e+03 9.0193702607253e+01
2.1778493834156e+04 2.4245158066630e+03 -7.9083239454467e+01
2.2589285549171e+04 2.7244890924777e+03 9.7034585797702e+01
2.2779730453445e+04 2.0999052335109e+03 7.0667074729541e+01
2.2441288565266e+04 2.6553569210386e+03 1.0255610699374e+02
2.2442586125732e+04 2.2447960106036e+03 -1.0754281338965e+02
2.2679017380389e+04 2.9284053680598e+03 8.2441546191296e+01
2.2496036173776e+04 2.2079428692341e+03 9.7804483733295e+01
2.2496036173776e+04 2.2079428692341e+03 9.7804483733295e+01
2.3008669060649e+04 2.3894075729116e+03 8.4551883555199e+01
2.2974712513583e+04 1.2801183091549e+03 -7.2461813599682e+01
2.2627618772500e+04 4.4744959523238e+03 9.3267510366685e+01
2.3074811542995e+04 2.8539587267781e+03 1.2097690311956e+02
2.3338289099068e+04 2.9163044004601e+03 7.0249739056462e+01
2.2961954581461e+04 1.7189278927257e+03 8.3013950690226e+01
2.2896857974640e+04 1.4485770423155e+03 9.0479329968678e+01
2.2896857974640e+04 1.4485770423155e+03 9.0479329968678e+01
2.3182457038163e+04 7.0960180380363e+02 7.9848633870553e+01
2.3182457038163e+04 7.0960180380363e+02 7.9848633870553e+01
2.3182457038163e+04 7.0960180380363e+02 7.9848633870553e+01
2.3316380549735e+04 1.0813415523802e+03 7.2608062432431e+01
2.3316380549735e+04 1.0813415523802e+03 7.2608062432431e+01
2.3191958111890e+04 1.5342097061423e+03 8.8030714783234e+01
2.3191958111890e+04 1.5342097061423e+03 8.8030714783234e+01
2.2917942353435e+04 2.5361471350844e+03 9.0434972695348e+01
2.2917942353435e+04 2.5361471350844e+03 9.0434972695348e+01
2.2917942353435e+04 2.5361471350844e+03 9.0434972695348e+01
2.2938888077524e+04 1.3035821344135e+03 -8.4974465953113e+01
2.2938888077524e+04 1.3035821344135e+03 -8.4974465953113e+01
2.2435922808936e+04 4.0654704404696e+03 6.6149437137569e+01
2.2420385086377e+04 3.8672119051134e+03 9.0849360922640e+01
2.2420385086377e+04 3.8672119051134e+03 9.0849360922640e+01
2.2531877105891e+04 2.7086985215845e+03 6.1235088577157e+01
2.2756558047993e+04 1.4902276221322e+03 6.8122222389303e+01
2.2520469094612e+04 2.6690207710397e+03 9.8556905364228e+01
2.2723561882449e+04 1.4089983668286e+03 9.5199946784742e+01
2.2723561882449e+04 1.4089983668286e+03 9.5199946784742e+01
2.2893539976479e+04 1.3038440657729e+03 8.6401335848857e+01
2.2893539976479e+04 1.3038440657729e+03 8.6401335848857e+01
2.2888379196890e+04 2.4831091565732e+03 9.0024848303713e+01
2.2888379196890e+04 2.4831091565732e+03 9.0024848303713e+01
2.2935221909161e+04 1.7188243261767e+03 7.9020922260417e+01
2.3182049134295e+04 7.3154595820054e+02 4.3697953378160e+01
2.3182049134295e+04 7.3154595820054e+02 4.3697953378160e+01
2.2861318553779e+04 9.6200913163652e+02 9.9165950243550e+01
2.2861318553779e+04 9.6200913163652e+02 9.9165950243550e+01
2.3180410569433e+04 2.5467987455876e+03 9.4577445896550e+01
2.3111974016339e+04 3.3003456451587e+03 9.1646376008064e+01
2.2836366747603e+04 1.8395220536407e+03 -6.8254112889214e+01
2.2906832615874e+04 2.3964057099668e+03 5.2313808632316e+01
2.2821743925216e+04 1.9737735436699e+03 7.9232384761488e+01
2.2821743925216e+04 1.9737735436699e+03 7.9232384761488e+01
2.2764850366256e+04 1.8022535385726e+03 8.8868187691435e+01
2.2764850366256e+04 1.8022535385726e+03 8.8868187691435e+01
2.2764850366256e+04 1.8022535385726e+03 8.8868187691435e+01
2.2764850366256e+04 1.8022535385726e+03 8.8868187691435e+01
2.2711820820395e+04 1.2772341771716e+03 -9.2303150156041e+01
2.2711820820395e+04 1.2772341771716e+03 -9.2303150156041e+01
2.2602261062895e+04 4.3972753067085e+03 8.8438716190531e+01
2.2735724525226e+04 1.4432694110886e+03 1.0077289900351e+02
2.2735724525226e+04 1.4432694110886e+03 1.0077289900351e+02
2.2807361339616e+04 8.5013802849640e+02 1.6618371529809e+02
2.2807361339616e+04 8.5013802849640e+02 1.6618371529809e+02
2.2554107410825e+04 1.7993430193618e+03 -6.3913083776055e+01
2.2709392076344e+04 2.4250320525105e+03 -1.4119887174695e+01
2.2833476832093e+04 1.4160875185242e+03 7.2688745946289e+01
2.2833476832093e+04 1.4160875185242e+03 7.2688745946289e+01
2.2618245309690e+04 1.8584529733335e+03 9.9560027756024e+01
2.3007537266182e+04 1.9113798374244e+03 4.3704733293149e+01
2.3007537266182e+04 1.9113798374244e+03 4.3704733293149e+01
2.2996826179901e+04 2.3945043111931e+03 8.3711450347628e+01
2.2851138621358e+04 2.6002840718467e+03 6.1003816717428e+01
2.2319130225228e+04 3.0089773680642e+03 1.0962813544565e+02
2.5381936037002e+04 2.1015256409877e+03 8.7252101555752e+01
2.5066182111032e+04 3.3927276239961e+03 8.9226717025870e+01
2.5330394073879e+04 1.9397817615927e+03 -5.8137661092636e+01
2.5074093593773e+04 3.1084439066378e+03 9.6196117845337e+01
2.5699850559073e+04 2.1659494049693e+03 8.2585620871905e+01
2.5324616650471e+04 2.5497612776938e+03 7.8079667936675e+01
2.5547405359805e+04 2.0438711145283e+03 -2.6881769110815e+00
2.5362340278256e+04 3.8994188562040e+03 9.1170805490561e+01
2.2085557662121e+04 2.3296242805301e+03 7.9169977317169e+01
2.2055659536062e+04 1.5726788797932e+03 5.1520586604104e+01
2.1861979200038e+04 3.4922831747196e+03 6.8294151649882e+01
2.2163910458845e+04 1.1294085333957e+03 6.4122356891089e+01
2.2163910458845e+04 1.1294085333957e+03 6.4122356891089e+01
2.1793785687260e+04 8.3341260674917e+02 9.9691575226435e+01
2.1793785687260e+04 8.3341260674917e+02 9.9691575226435e+01
2.1974273198052e+04 1.6626488729360e+03 8.5725706856670e+01
2.1974273198052e+04 1.6626488729360e+03 8.5725706856670e+01
2.1970222266765e+04 1.2347002408085e+03 8.2837292272497e+01
2.1970222266765e+04 1.2347002408085e+03 8.2837292272497e+01
2.2220021524954e+04 9.5033331824799e+02 3.9647084495953e+01
2.2220021524954e+04 9.5033331824799e+02 3.9647084495953e+01
2.1575713995559e+04 4.0847251515157e+03 9.2894241932231e+01
2.1767964293807e+04 2.3531246508023e+03 7.2294058652899e+01
2.4159763406948e+04 2.7942973582223e+03 7.5947916363904e+01
2.4052740597800e+04 2.9734082427094e+03 9.2704226071427e+01
2.2913827659881e+04 2.4495907373517e+03 6.2467664672319e+01
2.2658387889520e+04 3.5530181894348e+03 9.2477438800262e+01
2.3015831191363e+04 2.1535507606106e+03 1.8439278805982e+00
2.2729416149574e+04 3.2336811960835e+03 8.9373419896486e+01
2.2341648790488e+04 1.8350963202768e+03 8.3754821856433e+01
2.3022671901667e+04 3.0172358130309e+03 8.8634587893483e+01
2.3022671901667e+04 3.0172358130309e+03 8.8634587893483e+01
2.3022671901667e+04 3.0172358130309e+03 8.8634587893483e+01
2.2845850870434e+04 1.9104124764817e+03 1.0304200971269e+02
2.2840164811196e+04 3.7901273706185e+03 1.1191173570783e+02
1.7694686947651e+04 4.1375727770463e+03 9.1568942839576e+01
1.7736966755607e+04 2.8849428000938e+03 8.9196989919506e+01
1.7736966755607e+04 2.8849428000938e+03 8.9196989919506e+01
1.7736966755607e+04 2.8849428000938e+03 8.9196989919506e+01
1.7674906373790e+04 2.2678728258653e+03 9.1715928981494e+01
1.7674906373790e+04 2.2678728258653e+03 9.1715928981494e+01
1.7684479925039e+04 2.3407359619468e+03 1.0687273232803e+02
1.7557050587938e+04 3.3399150858380e+03 9.0842621379272e+01
1.7557050587938e+04 3.3399150858380e+03 9.0842621379272e+01
1.8083257027456e+04 2.0440176452698e+03 8.1559583028582e+01
1.7989582593182e+04 1.6983469623872e+03 8.5839149883074e+01
1.7402691230069e+04 1.8950666130445e+03 1.0099489727238e+02
1.7534290450635e+04 2.5092976322140e+03 8.2605099527945e+01
1.7640055830947e+04 1.0821544835412e+03 9.7974385763191e+01
1.7640055830947e+04 1.0821544835412e+03 9.7974385763191e+01
1.7494973794219e+04 1.5072000495922e+03 1.0495601668012e+02
1.7494973794219e+04 1.5072000495922e+03 1.0495601668012e+02
1.7753738850185e+04 1.0294016551749e+03 6.8023139142898e+01
1.7753738850185e+04 1.0294016551749e+03 6.8023139142898e+01
1.7760935065471e+04 2.0190299883921e+03 5.3524102466260e+01
1.7657594926390e+04 2.7361924423365e+03 8.8907654550925e+01
1.7748542734150e+04 2.0507255847206e+03 6.0978604716908e+01
1.7613898326546e+04 3.5321379909671e+02 -8.5001515998378e+01
1.7613898326546e+04 3.5321379909671e+02 -8.5001515998378e+01
1.7466672328346e+04 1.9886793556819e+03 9.5293272097684e+01
1.7789589605303e+04 9.6095619774150e+02 3.5529304414785e+01
1.7665454641356e+04 1.5089970754307e+03 9.4946191020344e+01
1.9062549955579e+04 2.3931274061811e+03 8.6713454400171e+01
1.9215941363861e+04 1.5179135200978e+03 6.0519277898017e+00
1.9215941363861e+04 1.5179135200978e+03 6.0519277898017e+00
1.8771811058693e+04 3.2592477493767e+03 8.1591398295979e+01
1.8729112633584e+04 3.7207881369527e+03 8.8598160540160e+01
1.8729112633584e+04 3.7207881369527e+03 8.8598160540160e+01
1.8659957903115e+04 1.7812858665558e+03 9.1024169840056e+01
1.8659957903115e+04 1.7812858665558e+03 9.1024169840056e+01
1.8659957903115e+04 1.7812858665558e+03 9.1024169840056e+01
1.8372856471118e+04 1.1358734393655e+03 -1.4772857812871e+02
1.8372856471118e+04 1.1358734393655e+03 -1.4772857812871e+02
1.8770939331031e+04 2.3162331591685e+03 8.4096040705548e+01
1.7861594045495e+04 4.8769758923179e+03 9.6561972328297e+01
1.7605033795610e+04 1.9170246596268e+03 7.2001415311920e+01
1.7368359905962e+04 3.1564721585378e+03 7.1066613003242e+01
1.7233013242509e+04 3.4450467398564e+03 8.8396217282251e+01
1.7092021183016e+04 2.3530585386306e+03 1.1309141483091e+02
1.7257600010111e+04 2.6743207989132e+03 1.0580799700438e+02
1.7044202298047e+04 3.7092446905291e+03 9.4803927612960e+01
1.8155507023701e+04 3.0725869478016e+03 3.8426869813099e+01
1.7974435438258e+04 3.8199975137493e+03 8.9690516700362e+01
1.7949674457707e+04 2.3337222800296e+03 9.1688925208283e+01
1.7949674457707e+04 2.3337222800296e+03 9.1688925208283e+01
1.8206509944778e+04 1.8342547857519e+03 2.6050646579380e+01
1.8206509944778e+04 1.8342547857519e+03 2.6050646579380e+01
1.8147978943478e+04 1.8444028063813e+03 4.2459569401316e+01
1.7883338619668e+04 3.1346881580299e+03 8.8684180547139e+01
1.7883338619668e+04 3.1346881580299e+03 8.8684180547139e+01
1.7637858413652e+04 2.1174344582612e+03 9.4857964284977e+01
1.7810055590430e+04 1.7076095486960e+03 8.2133862283287e+01
1.7810055590430e+04 1.7076095486960e+03 8.2133862283287e+01
1.7636171244643e+04 9.9679710583469e+02 -1.3300843497547e+02
1.7636171244643e+04 9.9679710583469e+02 -1.3300843497547e+02
1.7807784524971e+04 1.2009551341646e+03 -8.1981598849120e+01
1.7807784524971e+04 1.2009551341646e+03 -8.1981598849120e+01
1.7699868224943e+04 2.1452735687918e+03 9.5880997617589e+01
1.8004647885426e+04 6.8425720810615e+02 -8.7458832732226e+01
1.8004647885426e+04 6.8425720810615e+02 -8.7458832732226e+01
1.7897489311050e+04 2.5529212684745e+03 9.3966794062006e+01
1.7488066393425e+04 4.0342133023127e+03 9.1921825183936e+01
1.7692247311728e+04 1.5925693966898e+03 -6.6026807471235e+01
1.7692247311728e+04 1.5925693966898e+03 -6.6026807471235e+01
1.8253952833614e+04 3.9624634884507e+03 9.1421278370517e+01
1.8253952833614e+04 3.9624634884507e+03 9.1421278370517e+01
1.8024259453111e+04 1.3023512011474e+03 -1.3045877925658e+01
1.8024259453111e+04 1.3023512011474e+03 -1.3045877925658e+01
1.7728349583760e+04 2.0567482071471e+03 6.6867117235024e+01
1.7735026395854e+04 2.2533951989228e+03 7.6253184115537e+01
2.2031006931836e+04 3.5280215760275e+03 8.7596230335403e+01
2.1715320307328e+04 3.7490710170633e+03 8.9310289487298e+01
2.1715320307328e+04 3.7490710170633e+03 8.9310289487298e+01
2.1982936118007e+04 3.6782020570431e+03 9.0605028767365e+01
2.1982936118007e+04 3.6782020570431e+03 9.0605028767365e+01
2.1982936118007e+04 3.6782020570431e+03 9.0605028767365e+01
2.2326747148566e+04 3.0440021454119e+03 7.5240052375069e+01
2.1636681940045e+04 2.1000536829415e+03 7.3474145515048e+01
2.1347212378973e+04 2.1678177353967e+03 8.2661960635039e+01
2.0959222643602e+04 2.7302153117886e+03 1.0591651990382e+02
2.0976949510786e+04 7.3267992752302e+02 1.1152334239119e+02
2.0976949510786e+04 7.3267992752302e+02 1.1152334239119e+02
2.1134663113543e+04 1.3474079117002e+03 8.8161798674567e+01
2.1134663113543e+04 1.3474079117002e+03 8.8161798674567e+01
2.1134663113543e+04 1.3474079117002e+03 8.8161798674567e+01
2.1934453887599e+04 1.6671801913009e+03 -6.0074911526608e+01
2.1909870701898e+04 1.9303155018899e+03 6.9255722694163e+01
2.1833220407120e+04 2.4425256755898e+03 9.2334048648623e+01
2.2027263120231e+04 1.7122287919321e+03 -2.6909963528388e+01
2.2027263120231e+04 1.7122287919321e+03 -2.6909963528388e+01
2.1776617421548e+04 2.2093860139038e+03 -9.0923116081978e+01
2.1776617421548e+04 2.2093860139038e+03 -9.0923116081978e+01
2.1762953220935e+04 2.5988765686988e+03 8.9218486934573e+01
2.1762953220935e+04 2.5988765686988e+03 8.9218486934573e+01
2.1762953220935e+04 2.5988765686988e+03 8.9218486934573e+01
2.1880970541064e+04 2.2832153899470e+03 5.6501245601044e+01
2.1980321428978e+04 7.5925884108768e+03 8.8952330381529e+01
2.1980321428978e+04 7.5925884108768e+03 8.8952330381529e+01
2.2497411504984e+04 3.3874906774135e+03 8.4416297985946e+01
2.2459748862823e+04 1.0274923782895e+02 8.7967670898225e+01
2.2459748862823e+04 1.0274923782895e+02 8.7967670898225e+01
2.2655797896620e+04 1.9119097223554e+02 6.0791510511266e+01
2.2292779073853e+04 2.5384727957508e+03 8.2365734709330e+01
2.2162863206774e+04 1.0275244253032e+03 4.1718274401854e+01
2.2162863206774e+04 1.0275244253032e+03 4.1718274401854e+01
2.1622357769398e+04 3.2512677202212e+03 1.2418702557132e+02
2.2291497351061e+04 3.4255679173363e+03 9.2956220435683e+01
2.2369146264084e+04 2.3347215048215e+03 8.3051733468746e+01
2.2264101531444e+04 2.5315720538359e+03 9.2392135234824e+01
2.2407065405308e+04 1.3621219341928e+03 1.0727928420610e+02
2.2543365775446e+04 1.4339923879257e+03 7.1464085672005e+01
2.2543365775446e+04 1.4339923879257e+03 7.1464085672005e+01
2.2239016613130e+04 2.1390303932695e+03 1.9800515996052e+01
2.1720914860408e+04 3.9772512358634e+03 9.3048563436917e+01
2.2150270109669e+04 9.1103117519985e+02 -2.4989688528940e+01
2.1946848845680e+04 1.1378176253274e+03 1.0348848572797e+02
2.1946848845680e+04 1.1378176253274e+03 1.0348848572797e+02
2.3012355036010e+04 5.5423261009341e+03 -1.7809293395931e+01
2.3344699519952e+04 2.3888731118110e+03 8.4409301271240e+01
2.2585666400859e+04 3.8042630927787e+03 -9.7795818806304e+00
2.2457020472383e+04 4.3527403209613e+03 9.1606090339085e+01
2.2457020472383e+04 4.3527403209613e+03 9.1606090339085e+01
2.2748392794018e+04 2.0937620918094e+03 -7.1920499526105e+01
2.2481412175817e+04 2.8050565597951e+03 1.0157829605649e+02
2.2393568808266e+04 1.7619750566651e+03 -8.6177335280346e+01
2.2393568808266e+04 1.7619750566651e+03 -8.6177335280346e+01
2.2845207622565e+04 2.6636917890166e+03 8.3079468663768e+01
2.2821814821815e+04 1.9095102667083e+03 7.7347955126079e-01
2.2835780050905e+04 1.9614087273342e+03 2.9408231946302e+01
2.2835780050905e+04 1.9614087273342e+03 2.9408231946302e+01
