6.1164611666360e+04 2.0145041915406e+04 1.0031094261168e+02
6.3665682840514e+04 1.7042387714533e+04 -1.0053568339545e+02
6.1230720621752e+04 2.0440894946169e+04 -9.1591276816771e+01
6.1104719337831e+04 2.1494398756930e+04 1.1898104165397e+02
6.1734984674028e+04 1.8267440325336e+04 -8.5670586185587e+01
6.0538946319250e+04 2.2404411780036e+04 1.7806646024748e+02
6.0908100068161e+04 2.3709235790468e+04 1.0261861644405e+02
6.0504721427073e+04 2.2877066781533e+04 1.5131936959632e+02
6.2155340155121e+04 1.8944468788536e+04 -8.9867028635158e+01
6.2147344822070e+04 1.9123040975666e+04 -9.0530015842913e+01
6.5400677397755e+04 1.5294725110838e+04 -1.0358362432216e+02
6.3234611981578e+04 1.7286381922053e+04 -1.1534447947302e+02
6.2526957029737e+04 1.9497393810881e+04 -1.4966769003344e+02
6.1232000928731e+04 1.8732959228664e+04 1.7620559296564e+02
6.2274993960998e+04 1.7266761412662e+04 -7.3314955081748e+01
6.2493539731870e+04 1.8298323749437e+04 1.1498473852353e+02
6.3382933272506e+04 1.5531527671631e+04 -7.9476515420535e+01
6.2418656558518e+04 1.6754690303762e+04 -7.1287444312793e+01
5.9827503802154e+04 2.2841545820191e+04 1.4024010829208e+02
6.2508093514337e+04 1.9199273627160e+04 -1.2429506556458e+02
6.2991779551345e+04 1.9716355395587e+04 -4.9783930980960e+00
6.0913403273619e+04 2.0802289065041e+04 -7.4509381486809e+01
6.1497063771237e+04 1.9251160532539e+04 1.2949389098864e+02
6.1733355502301e+04 1.8298646276928e+04 1.6870520011455e+02
6.1686831807119e+04 2.0217000066734e+04 -1.7566880526789e+02
6.2333415647334e+04 1.9681891666271e+04 -8.0696086256074e+01
6.2304821619169e+04 1.8657745395085e+04 -5.4896872873309e+01
6.0666688198977e+04 1.9957433207741e+04 -1.0266323388803e+02
6.2454525087657e+04 1.8265130979720e+04 -7.2030372185186e+01
6.1998094728430e+04 1.7056860345618e+04 -1.0090850607701e+02
6.2651310851311e+04 1.6481609811131e+04 -7.3720560715993e+01
6.0651941884174e+04 1.7491322333815e+04 -1.2775389147373e+02
6.2537572229352e+04 1.7717219452702e+04 -5.4563768424616e+01
6.1443021987166e+04 1.8895470074553e+04 1.3516487207253e+02
6.0743159415517e+04 1.6965697475731e+04 -1.1430413472694e+02
6.2301769344861e+04 1.7467718849991e+04 -1.5403085136396e+02
6.1352234338244e+04 1.7224704679217e+04 -8.1982081965274e+01
6.1787805560432e+04 1.7596160720785e+04 -9.6340510875271e+01
6.1563411064357e+04 1.8368172753776e+04 -1.3813932335013e+02
6.2890773969439e+04 1.5389448822622e+04 -9.6073273571524e+01
6.2802711606770e+04 1.7060157311724e+04 1.5713205264511e+02
6.1982166513138e+04 1.6127058277837e+04 -7.5260466903001e+01
6.2751672622887e+04 1.6926769624013e+04 -1.7212242314717e+02
6.2061513347295e+04 1.5457421935843e+04 -8.4637979099892e+01
6.1408784501826e+04 1.9034367433244e+04 -8.9051948462075e+01
6.0963311629074e+04 1.8996423542189e+04 -1.1648513560468e+02
6.3084873978386e+04 8.9425058911473e+03 -7.1509146982094e+01
6.0993336315843e+04 1.0774903644733e+04 -1.7558554660377e+02
6.2899394282639e+04 8.5079916250711e+03 1.6598798955490e+02
6.1438420669613e+04 1.0565487144716e+04 -1.1701466946766e+02
6.2261058648799e+04 8.9436196599979e+03 -6.7667716806462e+01
6.1968556092841e+04 9.5283484479671e+03 1.6366681657765e+02
6.3207420635678e+04 7.6821947415337e+03 -6.4454723283336e+01
6.3030267370233e+04 1.0360149683441e+04 -9.9755362325862e+01
6.3212607163153e+04 8.4978128614308e+03 -6.7728456586802e+01
6.2379251669584e+04 9.9076569717673e+03 -1.6919794717130e+02
6.2315311291015e+04 1.8764444365863e+04 -1.3463928777112e+02
6.3373963149916e+04 1.3919433735466e+04 1.5814463438110e+02
6.2417489757837e+04 1.6381802375876e+04 1.2621621065797e+02
6.2995392176700e+04 1.4932385422519e+04 -8.1024833890586e+01
6.3266226307158e+04 1.6144456458289e+04 -8.0233457035194e+01
6.2680530378162e+04 1.6755881846673e+04 1.6898519334552e+02
6.1459970456660e+04 1.2064258397984e+04 -5.6064517787429e+01
6.2425434716186e+04 1.2815308043800e+04 -6.2082942618513e+01
6.2369687287244e+04 1.2527803034271e+04 -1.1626921199835e+02
6.2011916703930e+04 1.3156432590364e+04 -1.0114624443465e+02
6.2062669586852e+04 1.3288701544675e+04 -8.9758480935784e+01
6.3351938570279e+04 1.3545254739954e+04 -6.2616950375147e+01
6.1019898136913e+04 1.7058004658129e+04 1.4097266004169e+02
6.1352353645612e+04 1.2780574553720e+04 -6.8182878134627e+01
6.1170139741712e+04 1.4634377369730e+04 -1.1487939574072e+02
6.0911120632014e+04 1.4433598041959e+04 -1.2770160005421e+02
6.1319369824466e+04 1.3544536927588e+04 1.5027365191826e+02
6.0763868111474e+04 1.6459437836397e+04 -7.7490467297366e+01
6.2352192017080e+04 1.6622949839051e+04 1.0500950835596e+02
6.1273219001016e+04 1.7164611029087e+04 -7.0186689733017e+01
6.6363970263267e+04 1.4994539483472e+04 -5.7256129353880e+01
6.0558167545753e+04 1.9933123586570e+04 1.1927446504673e+02
6.0912095458783e+04 1.7738397019617e+04 -7.5881282461532e+01
6.1230495514243e+04 1.8498268343437e+04 -1.0086711634007e+02
6.1331145585206e+04 1.9138060562998e+04 1.0055580334141e+02
6.2169851363707e+04 1.6239550463325e+04 1.3787237891083e+02
6.2768227079997e+04 1.4738286821113e+04 -8.1727894133357e+01
6.0494138451806e+04 1.5014278121985e+04 -1.0751356781343e+02
6.2801691352111e+04 1.6484544248585e+04 -7.0045778330555e+01
6.0468907786307e+04 1.8976946369878e+04 -1.5245216183165e+02
6.1539898528016e+04 1.5837520071902e+04 -1.0113295610272e+02
6.1474935342780e+04 1.6792338269059e+04 -1.2060536262964e+02
6.2807404127088e+04 1.7834263351634e+04 -6.5915713739800e+01
6.2229585164405e+04 1.8581462668823e+04 1.5166950170100e+02
6.2031173920483e+04 1.6543101877835e+04 -1.1989311758717e+02
6.2183433988048e+04 1.6451810639553e+04 -1.4784213048943e+02
6.3118439714908e+04 1.5738057606501e+04 -7.9046995456233e+01
6.3108471417917e+04 1.5505070531487e+04 -8.1244355387454e+01
6.1077514592508e+04 1.8886104491734e+04 1.1860336192939e+02
6.2055472594737e+04 1.3810313806434e+04 -1.0621118571984e+02
6.0676683142524e+04 1.5023234858051e+04 -7.4047131668243e+01
6.3407092234038e+04 1.7009523011056e+04 -5.4298633004652e+01
6.1919542038595e+04 1.8638951653780e+04 -9.6297030594602e+01
6.1332730552100e+04 1.8835921185464e+04 -1.5451171522540e+02
6.3144980079331e+04 1.7555089872788e+04 1.5855439640752e+02
6.2929652051274e+04 1.6681558279766e+04 -7.8031657482648e+01
6.2835930609393e+04 1.7535495363247e+04 -1.6143358576292e+01
6.3284904855965e+04 1.6710431229551e+04 -7.6174845340670e+01
6.1158292732160e+04 2.2475696906774e+04 1.6943438295263e+02
6.1519309607089e+04 2.1688450563622e+04 -6.2852925094801e+01
6.0647148641868e+04 2.2849314655593e+04 1.2807063600777e+02
6.2261685322777e+04 1.9121578043163e+04 -6.4370654890422e+01
6.1597622456072e+04 1.8949306836979e+04 -1.0256816209775e+02
6.1519347722534e+04 2.0763748415744e+04 -6.0315974106081e+01
5.9353457575093e+04 2.0531085556460e+04 1.3008977268067e+02
6.2886952058948e+04 1.6564917701470e+04 -6.6394066526890e+01
6.1757413925952e+04 1.7600762393858e+04 -1.3077179782451e+02
6.3742740902248e+04 1.8122113363916e+04 1.1475765839748e+02
6.1320363827030e+04 2.0426599469607e+04 -1.5212985779003e+02
6.1713983758450e+04 2.0273983408798e+04 9.7539510724322e+01
6.0939030986059e+04 1.9286577310991e+04 -7.6950806247615e+01
6.0817018380355e+04 1.9258268656601e+04 -1.2692715578002e+02
6.2888780238576e+04 1.6663423472159e+04 -5.5337137820284e+01
6.3016005475738e+04 1.6441298336652e+04 -5.6710028842698e+01
6.3032932789038e+04 1.6236712435330e+04 1.3945951966829e+02
5.8967600592223e+04 1.9898569966777e+04 1.5952592128775e+02
6.0972519376573e+04 1.8470680960899e+04 -1.7309982091305e+02
6.1724195643309e+04 1.6559838160971e+04 -9.4688867941789e+01
6.2070283807895e+04 1.7288125522139e+04 -1.3770051990419e+02
6.3513880769952e+04 1.5536502829317e+04 -6.3514361590570e+01
6.2625042132947e+04 1.6458679880340e+04 1.7523928150306e+02
6.2408618856446e+04 1.5945766961135e+04 -7.4965023991324e+01
6.1716157708506e+04 1.7300018665686e+04 1.2339502388926e+02
6.2231945716471e+04 1.6242692939653e+04 -7.1760260052040e+01
6.3944794288374e+04 1.5382646873652e+04 1.4061707236231e+02
6.2497086267176e+04 1.5056549895473e+04 -9.4669570053686e+01
6.2659279879745e+04 1.3938304545139e+04 -8.5694820706521e+01
6.2368461000892e+04 1.5051578023901e+04 1.7003660205431e+02
6.2067311037293e+04 1.8340767428303e+04 1.0855946775965e+02
6.1410207326148e+04 1.8335962174373e+04 1.5295326363770e+02
6.1914392145097e+04 1.6060243216203e+04 -7.5052619553659e+01
6.0910403340369e+04 1.6622442409000e+04 1.7710167682217e+02
6.1498055659874e+04 1.6760391383958e+04 -1.7444274828356e+02
6.1851384520662e+04 1.6020062693900e+04 -9.8170062263087e+01
6.4362259385514e+04 1.3610168392569e+04 -8.4405511218763e+01
6.2623005174934e+04 1.5376625647703e+04 -1.3688181220986e+02
6.2461652963803e+04 1.4520484170853e+04 -1.7737656712413e+02
6.2868223419123e+04 1.3769417655006e+04 -7.2246559963035e+01
6.3184530209368e+04 1.2391303546636e+04 -1.2699023152811e+02
6.4103984224219e+04 1.1082704143170e+04 -7.3094882515497e+01
6.3296096913102e+04 1.2959963199793e+04 -6.7608287400554e+01
6.3036269041887e+04 1.3680593014391e+04 -5.3720031084675e+01
6.2614182875575e+04 1.4078223457287e+04 -1.5509298234448e+02
6.3150629013283e+04 1.5710086129799e+04 -1.4049376955985e+02
6.3610685923053e+04 1.3460658600588e+04 -1.1562937640551e+02
6.1363576246475e+04 1.7462694607305e+04 1.6673003896034e+02
6.1683484468291e+04 1.6906209882941e+04 -1.2956364623744e+02
6.1315703947814e+04 1.5586098532138e+04 -1.2094628824006e+02
6.2312898889703e+04 1.7189001062470e+04 1.2970246616575e+02
6.0898279017197e+04 1.5795191072632e+04 -8.1066508224162e+01
6.2823924691787e+04 1.4203396696455e+04 -8.1071150913331e+01
6.2082690219476e+04 1.4792031267757e+04 -1.6078785383148e+02
6.0358483278231e+04 2.1683052835391e+04 -1.4022658058327e+02
6.1460133538619e+04 1.8170519766705e+04 -7.9091959173216e+01
6.2341460001241e+04 1.8533224001527e+04 -8.7592756764451e+01
6.1452438012284e+04 1.8254915821928e+04 -9.2135558015040e+01
6.2034476751248e+04 2.1479540766440e+04 1.3505457948019e+02
6.2803940482075e+04 2.1305203284024e+04 -1.1772806093544e+00
6.3096760160550e+04 1.9490837341694e+04 -7.0723735225824e+01
6.3313020857927e+04 1.6333471414656e+04 -1.0142970604445e+02
6.3158739821764e+04 1.7981946414354e+04 1.0494174579522e+02
6.1919432230871e+04 1.6970408260629e+04 -6.6678864324629e+01
6.2262676051322e+04 1.7112391821378e+04 -1.2148799860570e+02
6.0269568092651e+04 2.0768154062875e+04 1.7246209440387e+02
6.2319491990544e+04 1.1797680414131e+04 -9.1690146828934e+01
6.3393752204340e+04 1.4536893988743e+04 1.0682352558346e+02
6.1224245105147e+04 1.5618502020016e+04 -1.0534236291678e+02
6.1719383083753e+04 1.2036144606265e+04 -8.9794013505738e+01
6.1597284473280e+04 1.4890971537445e+04 -8.2395688010836e+01
6.1290555524690e+04 1.4088404664558e+04 -1.1186909887562e+02
6.1817099788706e+04 1.7602212657676e+04 -1.0626930587890e+02
6.3090522852934e+04 1.5532292528692e+04 -7.6970672925861e+01
6.1637098016741e+04 1.7161578541899e+04 1.6789452317981e+02
6.1063530350151e+04 1.9049865171567e+04 -7.0374540526565e+01
6.3869401445571e+04 1.2715691842439e+04 -3.7058610399770e+01
6.3685736855816e+04 1.2180890291308e+04 -8.4539373904744e+01
6.2772471400392e+04 1.2699343053060e+04 -1.6618896268227e+02
6.2600609638362e+04 1.5919523460784e+04 -1.2048002557544e+02
6.2722959411807e+04 1.5775844572821e+04 -1.0377323257206e+02
6.2961723694065e+04 1.2905420100725e+04 -9.6631303601691e+01
6.2792123504671e+04 1.2805012852069e+04 -1.0496104854218e+02
6.1476006192356e+04 1.9076508374181e+04 -7.6817943488325e+01
6.1337104306020e+04 1.9139378003397e+04 -8.5774518093189e+01
6.1671951655900e+04 1.9763086368925e+04 -7.3620892469200e+01
6.0502583659084e+04 1.9425118999294e+04 -7.9996216448829e+01
6.3024029154657e+04 1.5965625106851e+04 -7.1243234079725e+01
6.2270834799941e+04 1.6337307017962e+04 -1.2108636389767e+02
6.1032500592547e+04 2.0223488899612e+04 -7.8114294756946e+01
6.2371015002823e+04 1.8823485556137e+04 -7.4662295384167e+01
6.2309946362400e+04 1.8556784189434e+04 -8.0655680556259e+01
5.8693000744046e+04 1.9010989032983e+04 -1.1740888547530e+02
6.1876147801415e+04 1.8812930710007e+04 -1.0274407123190e+02
6.1306954685632e+04 1.7153693308571e+04 -9.7927966993828e+01
6.1624356846603e+04 2.1052857397627e+04 -7.3497464597501e+01
6.2130490682139e+04 1.3110491590876e+04 -7.1186826668517e+01
6.1370883145489e+04 1.3835085089696e+04 1.5332275885344e+02
6.1172422196769e+04 1.6803741798587e+04 1.1084920344645e+02
6.1079851724272e+04 1.4222836194939e+04 -1.1959663807320e+02
6.2936602181732e+04 1.1725983172538e+04 -1.0010498379448e+02
6.2108993802262e+04 1.2648019124545e+04 1.7091947161471e+02
6.2748230498939e+04 1.1050164893410e+04 -7.4535913864116e+01
6.2464041613039e+04 1.2283530192386e+04 -9.9607693947282e+01
6.2426354132449e+04 1.2537299512505e+04 -1.0621724585838e+02
6.4045721161021e+04 1.1598162050640e+04 -8.2091925515072e+01
5.9903628208269e+04 1.2495649454243e+04 -1.3038650174124e+02
6.3643223195832e+04 8.2257799139891e+03 1.5981259068065e+02
6.1557647534573e+04 1.0068039919863e+04 -1.7896929567375e+02
6.3472681979373e+04 9.2742091581604e+03 -5.8169339920104e+01
6.3555202098989e+04 9.7771077726036e+03 -7.6136249262822e+01
6.3717399174661e+04 8.8717772191073e+03 -7.9209869480819e+01
6.2942850347452e+04 9.8893961346585e+03 -1.3005479000861e+02
6.2544878998742e+04 1.2240089726631e+04 -1.4239661981259e+02
6.3292163533766e+04 1.1353742238978e+04 -7.2578265317663e+01
6.3242811754274e+04 1.1537291793151e+04 -7.6976056765058e+01
5.9903816495324e+04 1.3606291342746e+04 -9.1620448833085e+01
6.1722365945167e+04 1.1632438084523e+04 1.6998720212405e+02
6.1207774821814e+04 1.7812126855406e+04 -1.4804829901588e+02
5.9712607596974e+04 1.8993114255520e+04 1.6982482500606e+02
6.2277247093679e+04 1.6313860020630e+04 -8.4028679266570e+01
6.1004001235602e+04 1.6962931103519e+04 -1.0163302870627e+02
6.0644632022841e+04 1.9130446514043e+04 -8.2774148643032e+01
6.1384243096840e+04 2.0105050448796e+04 -8.7593664921868e+01
6.1880825211337e+04 1.7482079745795e+04 -9.0768890670483e+01
6.1464848279171e+04 1.8671875341059e+04 1.5830286781227e+02
6.1372423839583e+04 2.1854242278635e+04 -6.7531976530608e+01
6.1089436272213e+04 2.2005185228527e+04 -8.2655397516638e+01
6.0751974938495e+04 2.0389075063708e+04 -8.5125171235550e+01
6.1709909683819e+04 1.8278621007739e+04 -1.1299787736601e+02
6.0756316773760e+04 2.1587312597914e+04 -7.1830085590078e+01
6.0980462002473e+04 2.1149352505924e+04 -6.8402912287583e+01
6.0349506035537e+04 2.2073787470378e+04 -1.2132591350159e+02
6.2131059410563e+04 1.4863869071664e+04 -1.2430673770969e+02
6.2126491973672e+04 1.5939664512315e+04 -4.4580219158528e+01
6.1428245533783e+04 1.6692032785226e+04 -1.0444785334801e+02
6.2690411255352e+04 1.4350702605295e+04 -7.4860111379310e+01
6.2108905741656e+04 1.5183462045757e+04 1.6237128288820e+02
6.2239817509949e+04 1.6319753651285e+04 -1.6431323391207e+02
6.2394041020552e+04 1.5913194728539e+04 -1.2691704159018e+02
6.1940136897438e+04 1.6181829215541e+04 -7.5233363788884e+01
6.3423315322679e+04 1.4358167482393e+04 -1.1625791140117e+02
6.4027365620527e+04 1.3410438155953e+04 -6.6993241239722e+01
5.9660453059593e+04 1.8436057669825e+04 -6.5499174299962e+01
6.3191986924335e+04 1.5219443732741e+04 -4.4105968657101e+01
6.2769208523648e+04 1.5642683710621e+04 1.3327478047438e+02
6.0005248733035e+04 1.8800378127794e+04 -4.6444905493213e+01
6.2022196905148e+04 1.7371879040205e+04 -1.0228644087238e+02
6.2616435621748e+04 1.6137155743120e+04 -6.9592457811582e+01
6.1322284310314e+04 1.6453413560017e+04 -9.4677725107123e+01
6.1938437222609e+04 1.6427853584818e+04 -1.0546762129142e+02
6.2076401061450e+04 1.3208044848304e+04 -1.0368150688135e+02
6.1981867029211e+04 1.5165364183669e+04 -5.4831191139467e+01
6.2121610760536e+04 1.6178229603025e+04 1.1596287460969e+02
6.3581777289148e+04 1.7127100157987e+04 1.6926835419043e+02
6.2758794401915e+04 1.7204709600714e+04 -1.6004617801004e+02
5.9305794388783e+04 2.3651022735354e+04 1.5139484168601e+02
6.0960497258021e+04 2.0130986820141e+04 -1.1763102940651e+02
6.2607674462111e+04 2.2039958045734e+04 -6.9990081163763e+01
6.1652231314451e+04 2.2542392646627e+04 -1.5838507112954e+02
6.2071762417079e+04 2.2338606038736e+04 -7.1190008022103e+01
6.2725214744919e+04 1.6294319173152e+04 -9.5929112046011e+01
6.2996025529584e+04 1.6156889756841e+04 -8.3585195961826e+01
6.2295639906617e+04 1.6032318384911e+04 -9.9243411376751e+01
6.3373111249729e+04 1.7994708444879e+04 -6.0447546369463e+01
6.1157532333947e+04 2.0241106045649e+04 -7.4264617672659e+01
6.2366824404407e+04 1.8960605415563e+04 1.1379255210385e+02
6.2372976184280e+04 1.7750236790084e+04 -1.0461424508053e+02
6.2743407751027e+04 1.8286868725046e+04 -3.8852733253495e+01
6.3612771570487e+04 1.5475663701130e+04 -8.7570845804110e+01
6.3348422643090e+04 1.6759900053894e+04 1.6339723531338e+02
6.2480483161581e+04 1.6330737286361e+04 -1.3633636766089e+02
6.1469906896989e+04 1.7274503031526e+04 -9.3007276278085e+01
6.2988906594766e+04 1.4823795460220e+04 -1.1646806009985e+02
6.3198815765373e+04 1.5224780842386e+04 -1.0934527491175e+02
6.2044689683580e+04 1.8154856445236e+04 -1.1305410755878e+02
6.2905998101640e+04 1.6442672634607e+04 -5.8900418472769e+01
6.1947224955707e+04 1.6789707332605e+04 -1.0645125586407e+02
6.1362750223121e+04 1.6207575896455e+04 -1.6964755671866e+02
6.1682764519765e+04 1.8187728981950e+04 -5.9938606664675e+01
6.0630401364502e+04 1.9876180878676e+04 1.3512839694114e+02
6.1282288082842e+04 1.6849862281423e+04 -1.6181562980838e+02
6.5242826411581e+04 1.2771336347988e+04 -7.0621656778140e+01
6.3874533214012e+04 1.6907896755104e+04 1.4256795699646e+02
6.2885755530856e+04 1.5624601420330e+04 -1.0684247600742e+02
6.3672241678643e+04 1.4854300804484e+04 -7.4713722376528e+01
6.2229704614928e+04 1.5888200550688e+04 -1.3259578256883e+02
6.3369786669625e+04 1.4501590572680e+04 -1.0230269568267e+02
6.3847849967457e+04 1.4561666521588e+04 -6.1391553522178e+01
6.2498699829743e+04 1.6301061169667e+04 -8.0877140861764e+01
6.0534773273774e+04 2.0018090850132e+04 1.2993295427234e+02
6.1801177710446e+04 1.7583095862914e+04 -8.8151665626250e+01
6.1404960476625e+04 1.5666268554958e+04 -1.7288650478872e+02
6.2256030101392e+04 1.5341315660939e+04 -7.1566491199868e+01
6.1552788770779e+04 1.8687098778653e+04 -1.1689253076735e+02
6.1577569947316e+04 1.7575896534804e+04 1.4615557548808e+02
6.1259347013290e+04 1.6632157515284e+04 -1.1594256479498e+02
6.2858274884908e+04 1.4982133036775e+04 -8.4886127298513e+01
6.3376566819926e+04 1.6262529742756e+04 -5.3835112143121e+01
6.3940722206083e+04 1.3689890333486e+04 3.1729777405877e+01
6.3324785650146e+04 1.5138761825208e+04 -1.6833302367454e+02
6.3753807655364e+04 1.4466326388948e+04 -8.5230391245714e+01
6.3691343961713e+04 1.4564168165816e+04 -1.1646907269822e+02
6.4598372489947e+04 1.4307726700368e+04 -6.1731528512435e+01
6.4319435365067e+04 1.4461298466643e+04 -1.0344106921468e+02
6.3423417945700e+04 1.4837398453869e+04 -1.3252155077423e+02
6.3630016501016e+04 1.4795491286473e+04 -7.1498138307043e+01
6.3389419834818e+04 1.4978472813597e+04 -8.0702368766471e+01
6.4522233785698e+04 1.3376235609698e+04 -1.7272561360775e+02
6.2657441995576e+04 1.6186561613356e+04 1.4743243222824e+02
6.3385779137756e+04 1.3923800630439e+04 -8.6183123901688e+01
6.2130945632134e+04 1.3521744575350e+04 -7.1692366810239e+01
6.2105423352776e+04 1.2574094382400e+04 -8.9366365572629e+00
6.1852322757294e+04 1.7274993965223e+04 -5.9872965853117e+01
6.1209796535030e+04 1.7115559988111e+04 -8.1676327661436e+01
6.3178663030099e+04 1.4614127185131e+04 -7.4945077088441e+01
6.3038363342676e+04 1.4992493904556e+04 -7.8805374683964e+01
6.3142728786058e+04 1.5768947012231e+04 9.5823447327911e+01
6.0266041074544e+04 1.8300869312417e+04 1.6130094469150e+02
6.2374271072361e+04 1.4820934681845e+04 -4.7556980618790e+01
6.2005662750530e+04 1.5679583739827e+04 -1.1343596230237e+02
6.2404699081546e+04 1.5622861914856e+04 -7.8979987813196e+01
6.1969369226501e+04 1.5854690566637e+04 -6.3976642118912e+01
6.4320650927154e+04 1.0659484802871e+04 -8.7792752910050e+01
6.3707693349826e+04 1.2929468065932e+04 -7.2082338401756e+01
6.3130050127760e+04 1.3662076683738e+04 -9.8195902909145e+01
6.1227698327370e+04 1.5680246695376e+04 -6.7163846775533e+01
6.3669322091134e+04 1.3704756942557e+04 -1.5882461420601e+02
6.3541865602986e+04 1.2303836953196e+04 1.1984688718555e+02
6.3357359029350e+04 1.2405958656752e+04 1.4006991835098e+02
6.2785275819032e+04 1.5170869586612e+04 1.0598705075942e+02
6.2581078017995e+04 1.7125553546028e+04 -9.8818483004068e+01
6.2249182033749e+04 1.6932253134467e+04 -1.2485791362922e+02
6.1035888797716e+04 1.5050317671683e+04 -1.1714636338575e+02
6.2399871127711e+04 1.5480434263026e+04 -8.2084914157931e+01
6.2321769342952e+04 1.5369271553245e+04 -8.9966404434755e+01
6.1913954456989e+04 1.5400555938138e+04 -2.7211691029798e+01
6.2668724323923e+04 1.3898896500495e+04 -1.2594392647585e+02
6.3490904709899e+04 1.3017808587207e+04 -6.7221935379041e+01
6.1889967395672e+04 1.6560323429783e+04 7.7209457373462e+01
6.2277467280011e+04 1.4709647980139e+04 -6.9861724921391e+01
6.1428337262927e+04 1.3382871960491e+04 -1.1264872159396e+02
6.1436976782658e+04 1.3990580441345e+04 -1.4414269266799e+02
6.1936824206779e+04 1.3764434841030e+04 -7.2724170111241e+01
6.3734332920561e+04 1.2913456621290e+04 -6.3348635912015e+01
6.2932708699050e+04 1.3773568759165e+04 -1.7662839619777e+02
6.1669821932156e+04 1.1970602377732e+04 -1.7233488760409e+02
6.3476002952624e+04 1.1975659257921e+04 -3.1314714074676e+01
6.1019486040036e+04 1.5827929763298e+04 7.6264401676628e+01
6.2276487347197e+04 1.5146876692900e+04 -7.0215057756154e+01
6.3322920511249e+04 1.3114137507189e+04 1.7807599220643e+02
6.4133701868521e+04 1.2152686194854e+04 -7.9253504203062e+01
6.1637357456475e+04 1.4457346342157e+04 1.7861423045276e+02
6.2337364261885e+04 1.4539914340956e+04 1.5450859084374e+02
6.2243098430737e+04 1.4507452462819e+04 1.2659886213095e+02
6.2750497820436e+04 1.2295996637709e+04 -5.1006281842923e+01
6.2052912475149e+04 1.1797381250758e+04 -9.6952521270059e+01
6.2954175930633e+04 1.2051660462799e+04 -1.4197327584903e+02
6.2141992242173e+04 1.3892264376780e+04 -6.4231307600827e+01
6.1553497658212e+04 1.4827349580276e+04 -6.7085192539402e+01
6.2033000609287e+04 1.3731206117435e+04 -3.8322336273687e+01
6.1650240796025e+04 1.3752360243815e+04 9.0147722133092e+01
5.9759175570446e+04 1.8183454901873e+04 -1.0279872187742e+02
6.1718587404937e+04 1.6106099929487e+04 2.0057203061948e+01
6.2313097701501e+04 1.2736082650877e+04 1.7081321250782e+02
6.2080461771452e+04 1.3228043975554e+04 1.4100914496412e+02
6.2541782501377e+04 1.0543410610730e+04 -6.4701047149374e+01
6.1936101994504e+04 1.1493540408163e+04 -8.0648827137256e+01
6.2011475999283e+04 1.1306667717542e+04 -1.5048014077243e+02
6.2311213236408e+04 1.0280625058788e+04 -1.2402550475958e+02
6.1463760735344e+04 1.2133795120549e+04 -8.7637483602917e+01
6.3433929569897e+04 1.0525088115913e+04 -5.9274803040177e+01
6.3017893684664e+04 9.4592856328746e+03 -2.3470566418334e+01
6.2687960534035e+04 1.0629220671974e+04 -1.2130723164367e+02
6.2792436644943e+04 1.0691269442281e+04 -1.1658500259864e+02
6.2985456789468e+04 9.9503344610267e+03 -1.5311689150864e+02
6.3310772020489e+04 9.8893716292285e+03 -1.1560125299801e+02
6.0467032878303e+04 1.3307786324902e+04 -1.2988605771955e+02
6.1455832338571e+04 1.6916491001992e+04 9.9549445385783e+01
6.2656369094984e+04 1.6353872578008e+04 1.7453844172847e+02
6.0934496426675e+04 1.8147681628941e+04 -8.2880056392251e+01
6.0071217450989e+04 2.2242671794916e+04 -1.3791019087411e+02
6.1339558647702e+04 2.1557609360774e+04 -1.7318824190040e+02
6.1781822065043e+04 1.5596374090165e+04 -1.3192591971897e+02
6.1242390950728e+04 1.5684663975638e+04 -1.7247428367126e+02
6.3593088584596e+04 1.3633411137616e+04 -4.0785505789635e+01
6.3766105727605e+04 1.2497694598548e+04 -1.1843054110176e+02
6.0526659805501e+04 1.7343363770898e+04 1.2250759713498e+02
6.2738621454411e+04 1.4854169731570e+04 1.7213762820390e+02
6.4226026335085e+04 1.2414264035642e+04 -1.7578765247991e+02
6.1620761614552e+04 1.7995821078905e+04 -6.8350916411821e+01
6.1970046019446e+04 1.9189520241831e+04 -1.4141525103098e+02
6.2207421329521e+04 1.9507260867427e+04 1.7290502867289e+02
5.9941472024688e+04 2.1459479781423e+04 1.1777520265546e+02
6.1444693865467e+04 1.8668650093600e+04 -1.4162503314401e+02
6.2083741238726e+04 2.1941202421794e+04 3.2622830587459e+00
6.2144914938481e+04 1.5022629683775e+04 1.4042711126545e+02
6.2665023033641e+04 1.4753962254259e+04 -6.9414883609410e+00
6.3652804794907e+04 1.2367954117067e+04 -5.0069787283630e+01
6.2559565334257e+04 1.3496409608094e+04 1.3704732953605e+02
6.3384002581942e+04 1.2952197760365e+04 -1.0514280604192e+02
6.0721636536807e+04 1.6176109490895e+04 -8.3943822079203e+01
6.1482154449890e+04 1.4334054020325e+04 1.3704810846270e+02
6.2733319921879e+04 1.3480983909852e+04 1.6751111858178e+02
6.2943751443277e+04 1.3589105635635e+04 1.5550275545849e+02
6.2934448105062e+04 1.4031734828910e+04 1.3201730507841e+02
6.2683787329900e+04 1.4969906488386e+04 -7.4814419696909e+01
6.5286682420153e+04 1.2172019014686e+04 -5.8307470677288e+01
6.2679084270389e+04 1.3421662994869e+04 -8.0512897576569e+01
6.4313797641707e+04 1.3218723135560e+04 -1.1355352513654e+02
6.1312112014937e+04 1.4917541832378e+04 -9.0795390455776e+01
6.1152138696701e+04 1.6746473554795e+04 1.3000733139325e+02
6.1235598046646e+04 1.4308839846517e+04 -1.1524257414918e+02
6.1603896798933e+04 1.3606091558596e+04 1.1538479724575e+02
6.2530744054093e+04 1.3398756835518e+04 -1.7919572867152e+02
6.1731241831065e+04 1.3837968500865e+04 1.6183740080401e+02
6.1331614059275e+04 1.7592558513119e+04 -1.5703617095112e+02
6.2296563760573e+04 1.6925668778893e+04 -5.8144938540397e+01
6.0797477971876e+04 1.9831999392677e+04 -1.3089056131020e+02
6.1764782537017e+04 1.8764881479806e+04 1.1542663526949e+02
6.2425590171424e+04 1.7575284270121e+04 -5.6832652756278e+01
6.3266859011161e+04 1.6979917867955e+04 1.7596706536577e+02
6.3373270813706e+04 1.3559731161566e+04 -8.2434429378634e+01
6.2485601285065e+04 1.7471771225971e+04 -4.3816593174263e+01
6.2197739718243e+04 1.5016629975469e+04 -1.4738718624020e+02
6.2019018570178e+04 1.5164655623403e+04 -1.6718699612962e+02
6.1701282328009e+04 1.4494767194435e+04 -2.0227722884426e+01
6.2698768429941e+04 1.4055555851405e+04 -1.3431651189537e+02
6.2956389100737e+04 1.4855942626890e+04 -1.0362119839693e+02
6.1540521870290e+04 1.5398509859313e+04 -8.5165921966787e+01
6.1507891955251e+04 1.4461482421488e+04 -8.8907188221099e+01
6.1794759185568e+04 1.6536977134937e+04 -8.9211547666961e+01
6.1561090491026e+04 1.6944314133436e+04 -1.0477118820052e+02
6.3799911455316e+04 1.4096819384430e+04 -7.0095004842120e+01
6.0920954570525e+04 1.6596285814152e+04 -5.6631714896127e+01
6.1366256342173e+04 1.5887602920463e+04 1.4096517738848e+02
6.1778899251976e+04 1.5543556213537e+04 -1.1315676717126e+02
6.2504946534416e+04 1.5409575100196e+04 -6.4270050885189e+01
6.2689140987017e+04 1.5463006571764e+04 -8.6061034122195e+01
5.9909735933933e+04 1.7034616505173e+04 -1.7751537846462e+02
5.9952672334251e+04 1.5418283913150e+04 1.5652142900429e+02
6.2023396146517e+04 1.4100900552195e+04 -1.3103623992936e+02
6.2096766083644e+04 1.5801223467282e+04 -6.5671876128711e+01
6.1976136851151e+04 1.6195930117347e+04 5.1391184551713e+01
6.4811224641182e+04 1.2458343347295e+04 -7.1292558417085e+01
6.3166560701845e+04 1.3775023823550e+04 -7.4711381479563e+01
6.3358231747023e+04 1.3094581522302e+04 -1.3063226688253e+02
6.3477419668746e+04 1.2584774045930e+04 -9.5275834094900e+01
6.1159499929937e+04 1.4414949015684e+04 -1.5058683510644e+02
6.2202948162745e+04 1.4643356882062e+04 1.1112878444025e+02
6.2672293918383e+04 1.3047619857542e+04 -7.5008110769163e+01
6.3358488907287e+04 1.4295442304939e+04 -8.1817671920305e+01
6.3169306456690e+04 1.2833828320521e+04 -7.6055307539420e+01
6.0251011861662e+04 1.8781289136742e+04 1.2677405459388e+02
6.1773247353841e+04 1.4390518604839e+04 -9.5276442816799e+01
6.1881881089452e+04 1.5315203160723e+04 -8.5730567167982e+01
6.1826505246773e+04 1.4883987843696e+04 -7.0200237601147e+01
6.0945001685565e+04 1.5890799372982e+04 -8.7089995271552e+01
6.2555271003536e+04 1.7914739528929e+04 -9.0569239492167e+01
6.1997143219965e+04 1.9923649980670e+04 -6.2065807559818e+01
6.2985426574629e+04 1.6818505907793e+04 -9.4422031928057e+01
6.3135266911534e+04 1.9181539090886e+04 -1.0615602705775e+02
6.3367033075564e+04 1.5561599491510e+04 -1.5380574758445e+02
5.9669728676106e+04 2.2671187370066e+04 1.4789938498871e+02
6.1695070037779e+04 1.7511378952181e+04 1.6210133551897e+02
6.1833586635154e+04 1.6977554879391e+04 -1.4449618789609e+02
6.1491138143738e+04 1.7631773241609e+04 -6.9797856197194e+01
6.1902670767051e+04 1.5165313857222e+04 1.4379726215803e+02
6.1205464903834e+04 1.7329718919517e+04 1.3689403737192e+02
6.3321252840016e+04 1.5575668886827e+04 -2.5929807392110e+01
6.2611796397284e+04 1.5139735055562e+04 -1.4353181933921e+02
5.9586210303157e+04 2.0180038999076e+04 -1.3948671476876e+02
6.3726276940521e+04 1.3758149375621e+04 -7.0190138028603e+01
6.3164828543901e+04 1.2895235927348e+04 -8.7069072130612e+01
6.2838404681530e+04 1.2770960375167e+04 -8.5206928234059e+01
6.3021970283547e+04 1.2801137178795e+04 -6.6640271625633e+01
6.2582362655499e+04 1.4137536015671e+04 -8.7092225678925e+01
6.1975273182848e+04 1.5201581230119e+04 1.6294883398294e+02
6.0523194190134e+04 2.0644448643730e+04 -1.0573763373299e+02
6.2100878200120e+04 2.0255186330600e+04 -1.0855248111146e+02
5.9790052247882e+04 2.2504682826240e+04 -1.0375142065116e+02
6.3264568737738e+04 1.0894055510471e+04 -6.9015897729602e+01
6.3145220725123e+04 1.2230794861704e+04 -8.7963885228403e+01
6.2545631093153e+04 9.5960113923981e+03 -9.8769195356773e+01
6.2199192016584e+04 1.1927415301940e+04 1.5485583621448e+02
6.4404636760173e+04 9.3158555367541e+03 -4.0801148424499e+01
6.2096772297634e+04 1.2143983131372e+04 -1.0124748206626e+02
6.3767010554952e+04 1.0973089932575e+04 -8.4195964248138e+01
6.3832224149305e+04 1.0727916042589e+04 -8.1119199844259e+01
6.2444919000484e+04 1.3270630560566e+04 -6.7227710636480e+01
6.3044365641000e+04 1.8627082632222e+04 -1.2765101880672e+02
6.3472978062049e+04 1.7837147442326e+04 -7.7442762885284e+01
6.1724099755777e+04 1.8063278361594e+04 -9.6145659102993e+01
6.1134926563322e+04 1.8482396565727e+04 -1.6071962845259e+02
6.0661987861319e+04 1.9275759461467e+04 1.7314859807196e+02
6.3553092074806e+04 1.6833932851561e+04 -8.7648479626359e+01
