4.7740200659814e+04 2.1008433484223e+03 -2.7563053239853e+01
5.0011919692756e+04 2.9295373443081e+03 8.9386272369731e+00
4.7973353555820e+04 2.1731558757825e+03 -1.6901506955503e+02
4.7973353555820e+04 2.1731558757825e+03 -1.6901506955503e+02
4.7740159054662e+04 1.2393370543952e+03 -1.2168771092843e+02
4.2749663752508e+04 2.7251709070300e+03 -1.7794926667524e+02
4.2664229426630e+04 2.6383763653494e+03 -1.7518574284961e+02
4.1134800061231e+04 3.5493128913777e+03 9.6485650874705e+01
4.7365022733163e+04 1.1410652220381e+03 -1.7136847841488e+02
5.4912264389924e+04 2.0296320362953e+03 -8.7361485931117e+00
5.4037519836809e+04 1.1803675082494e+03 -1.6945560635962e+02
5.5830600059100e+04 3.0543266925771e+03 1.2206973848540e+00
5.2989665631999e+04 2.2703255437306e+03 8.8559567415909e+01
5.2835555099103e+04 3.0506760540224e+03 1.4566234581741e+02
5.0007117096219e+04 2.7700948151699e+03 1.6216677139191e+02
5.5301339401566e+04 2.2386520925705e+03 8.2325369659592e+01
5.1081558629238e+04 3.0344525376318e+03 -1.5145062303621e+02
5.2165767292895e+04 6.9219757035188e+02 -1.4477665397001e+02
5.2553120334718e+04 2.5838876372193e+03 1.6565376778198e+02
5.2553120334718e+04 2.5838876372193e+03 1.6565376778198e+02
5.2976091100941e+04 3.1075759503776e+03 1.5920369347553e+02
5.4282649962261e+04 3.0599588962025e+03 -1.4202910683301e+01
5.3871702194962e+04 2.2447412813419e+03 1.7365988052700e+02
5.3871702194962e+04 2.2447412813419e+03 1.7365988052700e+02
5.5658831667035e+04 3.4628605942482e+03 4.0225957323390e+01
5.2137968963391e+04 3.5197871404705e+03 1.4395514216158e+02
5.0244057418248e+04 3.1649812953656e+03 1.5029173339786e+02
5.4659672195186e+04 2.0587576588844e+03 -8.9852165949273e+01
5.5281468443197e+04 1.4198560911320e+03 -1.7726013960074e+02
5.5281468443197e+04 1.4198560911320e+03 -1.7726013960074e+02
5.3472528481083e+04 2.2307962812870e+03 -1.7071608214798e+02
5.2423107093756e+04 1.7178916503992e+03 -1.6362977197649e+02
5.3932641802495e+04 2.3062014623301e+03 -1.6868474386623e+02
5.3932641802495e+04 2.3062014623301e+03 -1.6868474386623e+02
4.8826449596548e+04 2.4300221049895e+03 1.6506656198537e+02
4.8963036068724e+04 1.4622734299616e+03 -1.4987949648882e+02
5.2681465477640e+04 2.5103445179062e+03 -1.7357378390534e+02
5.2681465477640e+04 2.5103445179062e+03 -1.7357378390534e+02
5.2920242607825e+04 2.6485000085754e+03 1.4958987535103e+02
5.2920242607825e+04 2.6485000085754e+03 1.4958987535103e+02
5.1419668715920e+04 3.4453206238511e+03 1.5533939720656e+02
5.6509992973967e+04 1.3476417343211e+03 -1.0793977322682e+01
5.4421625787401e+04 2.1937439866687e+03 -1.2051322965730e+02
5.4421625787401e+04 2.1937439866687e+03 -1.2051322965730e+02
5.2204357540927e+04 3.3761719946993e+03 -1.7505306139486e+02
5.3365022150510e+04 3.2233839767650e+03 1.3393686391783e+02
5.1155230108426e+04 3.2735151295462e+03 1.4438289655024e+02
5.0206513951698e+04 3.2740998775579e+03 -1.7845696091357e+02
5.2617901611770e+04 1.4277038212370e+03 -1.7011501186691e+02
5.2617901611770e+04 1.4277038212370e+03 -1.7011501186691e+02
5.2031201675643e+04 1.2454802362451e+03 -1.4815697743376e+02
5.2960866082425e+04 1.6041587372812e+03 3.8984833594206e+00
5.1853006088304e+04 1.7346003554764e+03 1.5739420796127e+02
5.1853006088304e+04 1.7346003554764e+03 1.5739420796127e+02
4.5877181308661e+04 1.9664802998331e+03 -1.2854842320667e+02
4.4480621091193e+04 3.5468896760767e+03 1.7562396724658e+02
4.6757769583111e+04 1.4201067086575e+03 -4.1053282359187e+01
4.6757769583111e+04 1.4201067086575e+03 -4.1053282359187e+01
5.0015891293235e+04 1.4267994025189e+03 -1.4569298714659e+02
4.3243047017135e+04 3.5275714484383e+03 1.7786486444635e+02
4.5465363513431e+04 1.7647311003112e+03 1.7268571310296e+02
4.1210284034144e+04 2.0541891561384e+03 -1.5894435422378e+02
4.4796016352625e+04 2.7890934551560e+03 7.8636474978308e+01
4.6615110554459e+04 2.2346420360646e+03 -7.1515480986465e-01
4.5602796276478e+04 2.7409920831515e+03 1.3592687152109e+02
5.0565495410472e+04 2.6742812838773e+03 1.4752120411664e+02
4.0765805476794e+04 1.7679117669703e+03 -1.7308554853526e+02
4.4544420647052e+04 1.9178647357579e+03 -1.7479759931648e+02
4.6646611910796e+04 1.2307128875390e+03 -1.7329134655457e+02
4.6646611910796e+04 1.2307128875390e+03 -1.7329134655457e+02
4.7206351964952e+04 8.6782124619573e+02 1.5924464534243e+02
4.2271155103455e+04 1.9251158937413e+03 -1.6831214396954e+02
4.3584634453397e+04 2.4657033177155e+03 -2.9327940012949e+01
4.2345715617860e+04 1.5823511688295e+03 -5.3220607502562e+01
4.1384800805092e+04 2.8996840428813e+03 1.5727983517858e+02
4.5348055779974e+04 1.7440094441695e+03 1.7321524813376e+02
4.5348055779974e+04 1.7440094441695e+03 1.7321524813376e+02
4.5348055779974e+04 1.7440094441695e+03 1.7321524813376e+02
4.5348055779974e+04 1.7440094441695e+03 1.7321524813376e+02
4.5335124933022e+04 1.9019986367601e+03 1.7876051782671e+02
4.5335124933022e+04 1.9019986367601e+03 1.7876051782671e+02
4.9093881023462e+04 1.3340578890580e+03 -6.0668794723761e+01
4.8811838074897e+04 2.5248509356143e+03 8.8015323301286e+01
4.6958607665819e+04 1.8763845589445e+03 1.7948115324696e+02
4.6958607665819e+04 1.8763845589445e+03 1.7948115324696e+02
4.5768142289882e+04 1.8573896220665e+03 -1.7487194352106e+02
4.5768142289882e+04 1.8573896220665e+03 -1.7487194352106e+02
4.6771475471673e+04 1.9684944918291e+03 -1.1386409638940e+01
4.3412809790653e+04 1.9537829190505e+03 1.7271501401374e+02
4.3412809790653e+04 1.9537829190505e+03 1.7271501401374e+02
5.1778649877060e+04 3.5128793061389e+03 1.5848154640971e+02
5.2698681854307e+04 2.0293600221222e+03 1.7912198857954e+02
5.0791561322615e+04 1.7786748508280e+03 1.7647292882818e+02
4.6236006929006e+04 2.9139723910503e+03 1.5278463341503e+02
4.7884020971344e+04 3.2882573867791e+03 -1.7924367424087e+02
4.9786333889883e+04 1.5475974020393e+03 -4.7257054217990e+01
4.9786333889883e+04 1.5475974020393e+03 -4.7257054217990e+01
4.6777339631078e+04 2.6141287827931e+03 -1.4076189397437e+02
4.7237154800381e+04 3.0752222101158e+03 1.7956579993011e+02
4.9160873821820e+04 2.0377585375787e+03 5.5676715301894e+01
4.2733833411825e+04 2.6260857821249e+03 1.1622115905969e+02
4.4285293573097e+04 4.2198801735947e+03 1.6442947139161e+02
4.7547796653314e+04 1.5611446218704e+03 1.7085692473801e+02
4.8079015994518e+04 2.1317926408307e+03 1.6933057783412e+02
4.8079015994518e+04 2.1317926408307e+03 1.6933057783412e+02
5.0531701563310e+04 1.2553210913376e+03 -8.8084243326878e+01
4.7017949485999e+04 2.0167674771467e+03 1.2271279554670e+01
4.4140357829470e+04 1.5329154208898e+03 1.7765308426549e+02
4.6085543156332e+04 9.5971938286704e+02 -1.1109511671880e+02
4.8681279150065e+04 1.7520098790796e+03 -1.7918976565949e+02
4.8681279150065e+04 1.7520098790796e+03 -1.7918976565949e+02
5.0883516366420e+04 8.4791153835230e+02 -7.0497344427014e+01
5.2230485850867e+04 2.7434087767615e+03 -1.7935212104507e+02
5.5085977359461e+04 1.8737364284678e+03 -4.7211585202060e+01
4.6419033355561e+04 3.5379852906421e+03 1.6515534238880e+02
4.7605427832627e+04 2.9474187263491e+03 1.7130984934371e+02
4.9356813022471e+04 1.7121934441072e+03 -6.1594753876727e+01
4.9356813022471e+04 1.7121934441072e+03 -6.1594753876727e+01
4.7719500433239e+04 2.0072614826420e+03 1.7167153361650e+02
4.7611431153554e+04 1.6935102821999e+03 1.6862375528996e+02
4.7611431153554e+04 1.6935102821999e+03 1.6862375528996e+02
5.2545411500651e+04 4.7610839403508e+02 1.5757502146206e+02
5.1982637300708e+04 2.4500766907344e+03 1.7321755297475e+02
5.1982637300708e+04 2.4500766907344e+03 1.7321755297475e+02
5.1982637300708e+04 2.4500766907344e+03 1.7321755297475e+02
4.9123310780166e+04 2.7500397712597e+03 1.6656588340269e+02
5.0429183284175e+04 2.4854994156794e+03 1.7192301772401e+02
5.0153988523508e+04 2.3022995386390e+03 1.5554812647942e+01
5.0153988523508e+04 2.3022995386390e+03 1.5554812647942e+01
4.5568618773438e+04 2.9970994764901e+03 -1.5019370356322e+02
4.7723783437608e+04 2.9114255606588e+03 1.9297160522433e+01
4.9251500923548e+04 2.8627145015347e+03 3.6670439363959e+01
4.9251500923548e+04 2.8627145015347e+03 3.6670439363959e+01
4.9053769637065e+04 2.8468281574187e+03 1.4978509795937e+01
4.8521358399762e+04 2.7208522011156e+03 1.5872499666360e+02
4.7593160495346e+04 3.0984948830206e+03 1.5488067199290e+02
4.9409768193814e+04 1.9107869092027e+03 -3.2858875438502e+01
4.9409768193814e+04 1.9107869092027e+03 -3.2858875438502e+01
4.5771425664164e+04 2.2015954539337e+03 -5.6608900523969e+01
4.5865664102921e+04 2.7885723924159e+03 8.5011198535260e+00
4.6590658294940e+04 2.4395525427513e+03 -1.3149264642738e+01
4.4846366271234e+04 2.8865091675870e+03 1.6379673505705e+02
4.5713925687216e+04 3.9873358724317e+03 1.6635863201163e+02
5.0908665624007e+04 2.4369995995813e+03 1.2342863270441e+02
4.8418441146894e+04 2.1841420670161e+03 1.6529063311882e+02
5.0267848065860e+04 3.3568611866100e+03 8.6394464300063e+01
4.8186092491208e+04 3.0430080726469e+03 -1.6338601295553e+02
5.3117551034959e+04 1.9447741017907e+03 1.7897285915856e+02
5.2062189097493e+04 3.3679218865384e+03 5.9823499887181e+01
5.4886056567410e+04 8.8065780763242e+02 -5.0971331993531e+00
5.1401518194203e+04 3.0435192767097e+03 1.5510082406091e+02
5.1059257889510e+04 1.6744318113693e+03 -7.1854894023338e+00
5.1229258453743e+04 2.1387370001440e+03 -2.1205017176040e+01
4.7562901992351e+04 3.1346248400489e+03 1.7345912406608e+02
4.3889264481956e+04 2.8453221977556e+03 -1.7302124189477e+02
4.3889264481956e+04 2.8453221977556e+03 -1.7302124189477e+02
5.0329319332193e+04 1.0721656274996e+03 1.6049954544936e+02
4.9935418722601e+04 7.0660238867780e+02 -4.8165515140857e+00
5.0340200766896e+04 1.0539303851300e+03 -1.5647839006451e+02
5.1972139582794e+04 2.6045425486797e+03 1.7491576355879e+02
5.0612977583421e+04 2.5387068822916e+03 1.7199392119812e+02
5.0612977583421e+04 2.5387068822916e+03 1.7199392119812e+02
5.0612977583421e+04 2.5387068822916e+03 1.7199392119812e+02
5.0812627587604e+04 1.6667246465279e+03 1.4594940985050e+02
5.0812627587604e+04 1.6667246465279e+03 1.4594940985050e+02
4.9924065900576e+04 2.3933951802166e+03 1.9954971253774e+00
4.9924065900576e+04 2.3933951802166e+03 1.9954971253774e+00
4.7181599196671e+04 2.6736345201942e+03 1.5978947850412e+02
4.7678488853538e+04 3.1636665070904e+03 -4.8420224355957e+01
4.7155295959742e+04 2.6408065536361e+03 1.5385561285738e+02
4.7760728726107e+04 1.7198713346554e+03 -1.6078047279969e+02
4.7760728726107e+04 1.7198713346554e+03 -1.6078047279969e+02
5.0540998091683e+04 3.8416709600545e+03 -1.7228078294377e+02
5.0280884368462e+04 3.0863852629353e+03 -1.7093406598143e+02
4.5186323786100e+04 3.5391540717670e+03 1.5843637988924e+02
4.7753061445563e+04 2.4193282054714e+03 1.5773507148673e+02
4.8978741220422e+04 1.8091692981738e+03 -1.4925324149904e+02
4.8767085107756e+04 2.7857748187362e+03 1.1136342837506e+02
5.1207845413673e+04 1.7146351800466e+03 -2.2169263590221e+01
5.1101943898239e+04 2.1803659284663e+03 1.6126166401309e+02
4.7739564207467e+04 1.8810941938174e+03 1.7280316232729e+02
4.7739564207467e+04 1.8810941938174e+03 1.7280316232729e+02
4.7739564207467e+04 1.8810941938174e+03 1.7280316232729e+02
4.7739564207467e+04 1.8810941938174e+03 1.7280316232729e+02
4.8053782759597e+04 1.3599976494341e+03 1.7255819922773e+02
5.0249148808321e+04 2.6777205890126e+03 1.3622073001110e+02
4.5515250467552e+04 2.2471111498963e+03 1.4559163888064e+02
4.5943689100472e+04 1.8854337095564e+03 1.5303079641751e+02
4.5943689100472e+04 1.8854337095564e+03 1.5303079641751e+02
4.8522836869718e+04 1.6776857404211e+03 -1.6051432058947e+00
4.8522836869718e+04 1.6776857404211e+03 -1.6051432058947e+00
4.5935685159292e+04 2.7064675541611e+03 1.6886375975952e+02
4.5846212449509e+04 3.0665847454901e+03 -1.5087246251957e+02
4.9991863787877e+04 3.9956644789159e+03 -1.5665193347854e+01
4.6909581017232e+04 6.3437003943024e+02 3.2992612630326e+01
4.4318256145235e+04 1.3188243119360e+03 -1.1839012786999e+02
4.2326542506295e+04 1.9129399826318e+03 1.4605605037046e+02
3.8339374145788e+04 2.9414197443451e+03 1.6240988366293e+02
4.3771799067468e+04 4.0755132173716e+03 1.4308214851106e+02
4.5690290087840e+04 1.4236892897187e+03 -6.6055591226665e+00
4.5690290087840e+04 1.4236892897187e+03 -6.6055591226665e+00
4.3189972640447e+04 1.3298860519538e+03 7.4680148116741e+01
4.3189972640447e+04 1.3298860519538e+03 7.4680148116741e+01
4.2603954119468e+04 2.6901530857189e+03 1.5749868595730e+02
4.3707472190650e+04 1.5944152096476e+03 -1.1507756247246e+02
4.3860367659920e+04 1.8137327443094e+03 -3.6476773252324e+00
4.5541440654329e+04 8.8448854835387e+02 -4.0621452730991e+01
4.3451170748698e+04 1.5319127613261e+03 1.3536040996525e+02
4.2813505055261e+04 1.7591460033838e+03 1.1046558374709e+02
4.4685744691661e+04 2.0882839987423e+03 2.5964302347092e+01
4.4685744691661e+04 2.0882839987423e+03 2.5964302347092e+01
5.3985913247761e+04 2.4956474027288e+03 1.0439711529634e+02
4.9494713453942e+04 2.0801506224476e+03 -1.1512649477915e+02
5.0059328272074e+04 2.2842820668479e+03 8.5859177681413e+00
5.0059328272074e+04 2.2842820668479e+03 8.5859177681413e+00
4.9036195659745e+04 2.0807902317497e+03 -1.7631289096578e+02
4.9036195659745e+04 2.0807902317497e+03 -1.7631289096578e+02
5.2786315625223e+04 1.3137929955919e+03 1.6152724587152e+02
5.0070993393615e+04 1.9799395294674e+03 1.6851153914376e+02
5.0070993393615e+04 1.9799395294674e+03 1.6851153914376e+02
4.9277717642050e+04 3.4067324791544e+03 1.5783397967946e+02
5.0195432310556e+04 3.4625706127251e+03 1.6358017471861e+02
5.4045010460663e+04 2.7239562823219e+03 1.5165668245411e+02
4.8584961468694e+04 4.3299998384459e+02 -1.6895482868713e+02
4.5119397157242e+04 2.5001563102527e+03 -1.2074211013892e+02
4.4342778015119e+04 1.9003489252933e+03 -5.8628009917907e+01
4.4342778015119e+04 1.9003489252933e+03 -5.8628009917907e+01
5.2914415495425e+04 2.6128989454009e+03 4.3632560588408e+01
5.2366944894159e+04 3.0225668244674e+03 1.7412379385139e+02
5.2366944894159e+04 3.0225668244674e+03 1.7412379385139e+02
5.3370210055110e+04 1.7615793754385e+03 -8.7306635921249e+01
5.3370210055110e+04 1.7615793754385e+03 -8.7306635921249e+01
5.1063418444060e+04 3.0382717358077e+03 1.1569336770637e+02
5.0341831765936e+04 3.3371221457870e+03 1.5966373194845e+02
4.8908477035268e+04 1.3983796975401e+03 -1.4585714449587e+02
5.0373173596179e+04 2.2193208709214e+03 1.6072520223492e+02
5.0387210768616e+04 2.3399043877771e+03 1.1764377981167e+02
5.0387210768616e+04 2.3399043877771e+03 1.1764377981167e+02
5.0482706558030e+04 1.8227086501500e+03 1.6565472239616e+02
5.0759584801290e+04 2.2916044172199e+03 1.4891657567986e+02
5.0759584801290e+04 2.2916044172199e+03 1.4891657567986e+02
5.2370725296516e+04 1.4045566060664e+03 -1.1152293984552e+02
5.0080063914643e+04 1.9250376304090e+03 1.5246588103562e+02
5.1417279570234e+04 2.1257002900941e+03 1.3285556245346e+02
4.9226992270807e+04 2.0319148677881e+03 -1.5439674671283e+02
5.1715433390255e+04 2.8463848574266e+03 1.5925830752836e+02
5.1715433390255e+04 2.8463848574266e+03 1.5925830752836e+02
5.1745574597464e+04 1.4681181068474e+03 -1.7083650310940e+02
5.1745574597464e+04 1.4681181068474e+03 -1.7083650310940e+02
5.1616531642498e+04 1.8249577191350e+03 -1.7887512650255e+02
5.2976975090343e+04 4.9694919904861e+02 1.7913802867275e+02
5.1493452146640e+04 2.8909215554142e+03 1.5739207888481e+02
4.9059918491286e+04 1.7867554864821e+03 -1.6816125487048e+02
5.0503604446491e+04 1.7769578360308e+03 -8.1482036748661e+01
5.0503604446491e+04 1.7769578360308e+03 -8.1482036748661e+01
5.2340170067927e+04 1.7823416751811e+03 5.3862861458741e+01
4.9512058443148e+04 1.7111371642117e+03 -1.7260129458811e+01
4.9342058447866e+04 3.0138896606875e+03 1.6811432403175e+02
4.9342058447866e+04 3.0138896606875e+03 1.6811432403175e+02
5.1000885822833e+04 1.9193607569254e+03 4.4914213256562e+01
5.1342287304548e+04 1.5195939870257e+03 -1.6770077450257e+02
4.6845275898404e+04 3.1924665180833e+03 9.1720032977640e+01
4.8176259178985e+04 2.6031978610458e+03 9.8241848808181e+01
4.8176259178985e+04 2.6031978610458e+03 9.8241848808181e+01
4.7174558275542e+04 2.4853891030521e+03 1.6076372927099e+02
4.9182622903150e+04 2.2390166779376e+03 1.6537621840156e+02
5.3267618763552e+04 2.2154026814464e+03 1.3878655090060e+02
5.2094964161980e+04 7.3455025442785e+02 1.3586281326840e+02
4.6859485716398e+04 2.7891206942845e+03 -3.9135390097899e+01
4.6362169981957e+04 3.3041996980047e+03 -1.7628824247290e+02
4.9377135945256e+04 2.5761226634113e+03 1.7155923621306e+02
4.4686580277416e+04 2.9057887840543e+03 1.4219505259484e+02
5.1802742010955e+04 2.2611304334238e+03 1.6408188908684e+02
5.1802742010955e+04 2.2611304334238e+03 1.6408188908684e+02
5.0719824735675e+04 2.3378415601573e+03 1.6897506506796e+02
4.7958169755363e+04 1.9511940420415e+03 -1.6012621990565e+02
4.7958169755363e+04 1.9511940420415e+03 -1.6012621990565e+02
5.0173802280323e+04 1.8624314306910e+03 5.8465447108426e+00
4.7578740948015e+04 3.8760116100649e+03 1.4135463053584e+02
4.6818764750960e+04 2.3472724559879e+03 1.6126587883827e+02
4.8317525491204e+04 2.3009204377176e+03 -6.2331254818229e+01
4.8317525491204e+04 2.3009204377176e+03 -6.2331254818229e+01
4.9073042667716e+04 2.6678685835014e+03 -1.7830034808813e+01
5.1651790453239e+04 1.5456082045283e+03 -4.6928031777061e-01
5.1391094455438e+04 1.3292866185137e+03 -5.5108035078114e+01
5.1391094455438e+04 1.3292866185137e+03 -5.5108035078114e+01
4.6865635755850e+04 2.2188415565487e+03 1.3950727266945e+02
4.7501691941043e+04 2.3830333026037e+03 1.5625452874100e+02
4.8232968799748e+04 3.0269622498342e+03 8.4252533974675e+00
4.8232968799748e+04 3.0269622498342e+03 8.4252533974675e+00
4.9575292488756e+04 3.7738254585745e+03 1.5636214887284e+02
5.1641317733059e+04 1.4591177761214e+03 -1.5201711047290e+02
5.0401476582790e+04 3.1030761329014e+03 -1.7989259856618e+02
4.3428602191304e+04 2.1390310926748e+03 1.4123613533194e+02
4.1388760499608e+04 2.9077429688149e+03 1.7523727369597e+02
4.4363749665754e+04 2.9524399684909e+03 -1.7330078525905e+02
4.4394325725217e+04 5.3348856186770e+02 1.7827043279800e+02
4.3596833755193e+04 2.3404549053742e+03 -4.8540958018934e+00
4.1478776497865e+04 3.0262125077490e+03 1.5467478710640e+02
4.4797883624934e+04 2.9761722311409e+03 8.5046594309947e+01
4.3073388684236e+04 2.6038259568245e+03 1.3510337184686e+02
4.9398278151581e+04 3.0147437783940e+03 1.5727971786768e+02
4.9909008352846e+04 1.4876369030635e+03 -3.2478123144995e+01
4.9197053313285e+04 2.3992227168575e+03 1.7906338912228e+02
4.9197053313285e+04 2.3992227168575e+03 1.7906338912228e+02
4.8913267179946e+04 1.6789001162140e+03 -1.4061134528013e+02
4.8913267179946e+04 1.6789001162140e+03 -1.4061134528013e+02
4.7198732364248e+04 2.8457526562771e+03 -1.6812868421434e+02
4.8594239067533e+04 2.9398749759151e+03 1.7230607668292e+02
4.8594239067533e+04 2.9398749759151e+03 1.7230607668292e+02
5.0034482463978e+04 2.3545315052230e+03 -1.7737448880724e+02
4.7636315096700e+04 2.6770949519911e+03 1.7426992205563e+02
4.7636315096700e+04 2.6770949519911e+03 1.7426992205563e+02
4.8855435188051e+04 2.2601099286566e+03 -1.6160696261502e+02
4.7412802676599e+04 2.5301891354664e+03 1.6009899612144e+02
4.7729915620463e+04 2.9663204221153e+03 -1.7561386616853e+02
4.7729915620463e+04 2.9663204221153e+03 -1.7561386616853e+02
4.8328270992537e+04 2.7119740272418e+03 1.4371432373620e+02
5.1119916272039e+04 2.9783297220431e+03 -1.7727847365954e+02
5.1808890100066e+04 2.7535842074154e+03 1.5227156113392e+02
5.1808890100066e+04 2.7535842074154e+03 1.5227156113392e+02
5.0830934821789e+04 2.4858514396628e+03 1.6024075371565e+02
5.1480869695585e+04 2.6199045097956e+03 -5.1238464626981e+01
5.0140279261147e+04 2.6637100463998e+03 1.7813592940625e+02
5.0140279261147e+04 2.6637100463998e+03 1.7813592940625e+02
5.0463498195387e+04 1.9938686286122e+03 -4.1849930093255e+00
4.7890386705983e+04 2.1930227695196e+03 -1.3449678011486e+02
4.8238386983892e+04 2.1293865813902e+03 -1.5245548245003e+02
4.8238386983892e+04 2.1293865813902e+03 -1.5245548245003e+02
4.9048513144826e+04 1.6028774819168e+03 -9.8748967485297e+01
4.9048513144826e+04 1.6028774819168e+03 -9.8748967485297e+01
4.9199789405610e+04 1.9387871616655e+03 -1.5783050889288e+02
4.8725094484635e+04 3.2389979132154e+03 1.5476775770415e+02
4.8872548353150e+04 2.9654002212798e+03 -1.6894625007240e+02
5.1487793102068e+04 3.8720813020506e+03 1.6749285441292e+02
4.7182290456944e+04 2.2950390164354e+03 -1.7440994487896e+02
4.7182290456944e+04 2.2950390164354e+03 -1.7440994487896e+02
4.3122660417595e+04 2.3680863307097e+03 -1.7172424234100e+02
4.6472073696387e+04 1.7937162816830e+03 -1.7784864939474e+01
4.6418139997314e+04 2.6124345899168e+03 -1.7293625725435e+02
4.5025261184480e+04 3.0649886077878e+03 1.7165559361936e+02
4.0851545335802e+04 3.0173854472925e+03 1.0376442113547e+02
4.1672027685097e+04 2.3111058035312e+03 -1.6406781277772e+01
4.2411699090642e+04 2.6821030569591e+03 -1.5690964073808e+02
4.3217995453985e+04 3.2079670303645e+03 1.7916984297857e+02
4.4949181762605e+04 1.0618419734569e+03 3.2508560415740e+01
4.8263280061647e+04 3.1438885410046e+03 1.6450066489606e+02
4.9121054026343e+04 3.8998613696564e+03 -6.9230801005341e+01
5.3798099441797e+04 2.0684659800455e+03 -2.2197550463430e+01
5.3798099441797e+04 2.0684659800455e+03 -2.2197550463430e+01
5.2612387550213e+04 1.7973539126594e+03 -1.5269857477058e+02
5.2612387550213e+04 1.7973539126594e+03 -1.5269857477058e+02
5.2488519030115e+04 2.8366543969590e+03 -1.0770500395499e+02
5.3948804816498e+04 1.9345004280973e+03 -1.8427803130821e+01
5.3948804816498e+04 1.9345004280973e+03 -1.8427803130821e+01
5.0391822130862e+04 2.1075750656046e+03 1.3571367720323e+02
5.1356621622603e+04 2.2595098820570e+03 -1.3188806744622e+01
5.1356621622603e+04 2.2595098820570e+03 -1.3188806744622e+01
5.0659061125649e+04 2.1421815495426e+03 -6.0392881826481e+01
5.0659061125649e+04 2.1421815495426e+03 -6.0392881826481e+01
5.3228829082655e+04 2.0478696997711e+03 2.7467075090768e+01
5.2762108462137e+04 2.9373268277970e+03 1.4360652372136e+02
5.1443519234923e+04 3.0856096645613e+03 -1.7331554141602e+02
5.4676971556027e+04 2.3751592086458e+03 9.8489453996369e+01
4.9903745028448e+04 2.2167011510446e+03 1.3912406577572e+02
4.9903745028448e+04 2.2167011510446e+03 1.3912406577572e+02
5.0950101091731e+04 1.5159256375980e+03 -1.5568363542159e+02
5.0961951702406e+04 2.9078408524749e+03 1.3075674951504e+02
5.0961951702406e+04 2.9078408524749e+03 1.3075674951504e+02
5.3623418314096e+04 2.7647461356531e+03 1.0726838946015e+02
5.1178355210560e+04 2.1163528539483e+03 1.3499840725090e+02
5.0444289518337e+04 2.4989952748033e+03 1.7136823356048e+02
5.0444289518337e+04 2.4989952748033e+03 1.7136823356048e+02
4.7596842693855e+04 2.3600773673555e+03 1.6892212099775e+02
4.4540887956265e+04 2.2517804815519e+03 1.6875095611383e+02
4.9794267115048e+04 1.6643460405319e+03 -3.0830861053366e+00
4.9794267115048e+04 1.6643460405319e+03 -3.0830861053366e+00
5.0377209445319e+04 2.1365769314481e+03 1.4009306761378e+02
4.0847604576539e+04 2.2533290263610e+03 -1.7131464965480e+02
4.4928053133950e+04 2.6377674608060e+03 1.7230313736754e+02
4.5521335128491e+04 2.9389822360549e+03 -2.4497845210796e+01
4.5831823278387e+04 1.4084869197492e+03 -5.1486320820779e+01
4.3988408035413e+04 1.4276827136770e+03 3.5284596358780e+00
4.3988408035413e+04 1.4276827136770e+03 3.5284596358780e+00
4.5268281781690e+04 8.5738767869225e+02 -1.3858471913224e+02
4.9837447168823e+04 7.9821040745542e+02 -2.6189416208722e+01
4.4591932641486e+04 1.0825557944607e+03 1.6559016267534e+02
4.7461085404545e+04 1.5976443584349e+03 1.6361127566855e+02
4.7461085404545e+04 1.5976443584349e+03 1.6361127566855e+02
4.3740038155603e+04 3.8792551114993e+03 1.3515157921423e+02
4.6961060194061e+04 3.6780312927932e+03 1.3284611266950e+02
4.5463313830287e+04 3.4338353315990e+03 1.4974065557703e+02
4.4074104051999e+04 2.6862534857267e+03 -1.7620318606903e+02
4.5149764988285e+04 2.3837670820068e+03 1.7080623493621e+02
4.6422522587940e+04 2.3471435216114e+03 1.7639118404824e+02
4.4338791513988e+04 3.3987810947782e+03 1.7164579647281e+02
4.3822850375768e+04 2.8672456278175e+03 -9.1873453280182e+01
4.6680641021357e+04 2.2258284203868e+03 -3.2429561486379e+01
4.7571627854473e+04 2.3713191299700e+03 7.2100276798283e+01
4.9285462871423e+04 1.8168344656263e+03 1.5797294676915e+02
4.9285462871423e+04 1.8168344656263e+03 1.5797294676915e+02
5.3712252559648e+04 1.7044391323551e+03 2.3634764980052e+00
5.2330348244559e+04 2.1578723304172e+03 1.3964205274651e+02
5.2330348244559e+04 2.1578723304172e+03 1.3964205274651e+02
4.9043113748891e+04 3.2943217553109e+03 1.1636857143336e+02
4.5888571940541e+04 2.8004958384243e+03 1.4975109255128e+02
4.5684190038551e+04 1.9858337167724e+03 -1.7649002746625e+02
4.5947105585223e+04 3.0078059755186e+03 -1.7688789346539e+02
4.7691285861021e+04 2.2621880404554e+03 -3.0129617302745e+01
5.2754981095843e+04 2.2105427158844e+03 -4.8992554676500e+01
4.7643498071007e+04 2.3745489147125e+03 -6.9919085673147e+01
4.7643498071007e+04 2.3745489147125e+03 -6.9919085673147e+01
4.7838460709927e+04 1.9114391831571e+03 -4.0368106743628e+01
4.7328704864124e+04 3.4674352464019e+03 1.5745345415091e+02
4.9632412383717e+04 1.4799860194526e+03 1.5914372493497e+02
4.3732770185436e+04 2.9524311338115e+03 -1.4495864462697e+02
4.8354365151575e+04 1.9352995433222e+03 -7.3943239333762e+01
4.4432006198046e+04 1.9884732343049e+03 1.6884579411262e+02
4.6988322147810e+04 1.9692123881031e+03 1.5561239089984e+02
4.7186134618807e+04 1.1193416121795e+03 1.1822041635652e+02
4.7186134618807e+04 1.1193416121795e+03 1.1822041635652e+02
4.7291581463259e+04 2.3121671167935e+03 8.9645387072719e+01
4.4933589172203e+04 2.6784882748415e+03 -1.5326027026318e+02
4.6455806183821e+04 2.6599384855621e+03 2.4815721811086e+01
4.5288266337954e+04 3.1895592837915e+03 1.4691746552800e+02
4.7401118433659e+04 2.0406758997428e+03 -3.0832144172561e+01
4.5858101988139e+04 1.4768182523893e+03 -1.2215056845849e+02
4.7488869215835e+04 2.3310096980914e+03 8.3450483248215e+01
4.5959961584874e+04 2.4341532795286e+03 1.4726205550653e+02
4.6473312632684e+04 -1.8706529610902e+02 -4.9361605884286e+01
4.5359477324244e+04 1.3447437404700e+03 -5.1882838266412e+01
4.2994364509746e+04 2.9962275067062e+03 1.5940206254802e+02
4.4132519146856e+04 2.2795612548775e+03 -2.2975205902951e+01
4.4132519146856e+04 2.2795612548775e+03 -2.2975205902951e+01
4.4725689805794e+04 2.5268207545242e+03 1.5854540008683e+02
4.4620952367049e+04 2.3914159284426e+03 1.3864652122677e+02
4.5103812791332e+04 1.2949779231885e+03 -9.8420281028608e+01
4.5103812791332e+04 1.2949779231885e+03 -9.8420281028608e+01
4.5906456713957e+04 2.3990302636625e+03 1.4855179050771e+02
4.0284350108530e+04 2.1055437422563e+03 -1.4374920322789e+02
5.4410257174849e+04 2.7537147443480e+03 -5.0143264501035e+01
5.4410257174849e+04 2.7537147443480e+03 -5.0143264501035e+01
5.5119876103034e+04 1.7893911005436e+03 -1.3143239811369e+02
4.9164971152745e+04 3.9657023451799e+03 1.7276025375972e+02
4.9164971152745e+04 3.9657023451799e+03 1.7276025375972e+02
5.1897589664470e+04 1.7478717874203e+03 1.7022667846223e+01
5.1583374141836e+04 3.4642499216106e+03 -1.6791358439670e+02
5.2032712816354e+04 2.0237224382425e+03 1.7563228756185e+02
5.3324862356825e+04 2.1519799141562e+03 -1.3106559860339e+02
5.3757169113633e+04 2.0680099602386e+03 -1.5889738948007e+02
5.3757169113633e+04 2.0680099602386e+03 -1.5889738948007e+02
5.0228889251554e+04 3.4134875110926e+03 1.2118117185121e+02
5.0121958735270e+04 2.2851237538599e+03 1.6158265724940e+02
5.0652647031976e+04 2.3564133592659e+03 1.6498771053677e+02
5.1775205108717e+04 8.6618195676576e+02 -1.8231441557236e+01
5.1817552512199e+04 2.4050527300227e+03 1.5722884251891e+02
4.3765562419508e+04 2.2244732580666e+03 1.7030392370968e+02
4.5154709697504e+04 4.4270558381017e+03 9.3674521004999e+01
4.6772424703387e+04 2.7345800652186e+03 -1.4320870674323e+02
4.7305579450615e+04 2.2682311815706e+03 7.7756754243140e+01
4.7305579450615e+04 2.2682311815706e+03 7.7756754243140e+01
4.5636080755551e+04 1.8522905847867e+03 -1.2971930351420e+02
4.7070142251577e+04 3.4327927378856e+03 1.4006641842557e+02
4.8027907744155e+04 2.7661618034946e+03 7.4135141133492e+01
4.7011919218514e+04 1.9209670856811e+03 1.7292428781678e+02
4.7011919218514e+04 1.9209670856811e+03 1.7292428781678e+02
4.7011919218514e+04 1.9209670856811e+03 1.7292428781678e+02
4.8485715566124e+04 3.1331210550852e+03 1.1934984718649e+02
4.7113133755688e+04 2.2114169168070e+03 1.4518089120242e+02
4.7113133755688e+04 2.2114169168070e+03 1.4518089120242e+02
4.9890315990494e+04 3.1313919652732e+03 1.6957347530037e+02
4.8818627684085e+04 2.6486017011193e+03 -1.6240669960798e+02
4.9138464764354e+04 2.5764686374326e+03 1.1258292967118e+02
4.9138464764354e+04 2.5764686374326e+03 1.1258292967118e+02
4.9704378004742e+04 1.3239476026366e+03 1.4906976352174e+01
4.9056932237286e+04 3.9385898894640e+03 1.0738083671536e+02
4.8942993705289e+04 2.6874786833724e+03 1.6366044227698e+02
4.1880845761919e+04 1.2473650255222e+03 1.4653291447361e+02
4.1880845761919e+04 1.2473650255222e+03 1.4653291447361e+02
4.2087220626512e+04 2.5931921449570e+02 -9.2126675882513e+01
4.5616927195983e+04 3.3326729101351e+03 1.6633392749299e+02
4.7210824914710e+04 3.2136958312964e+03 -1.0751635816585e+02
4.7785735683168e+04 2.3787312587176e+03 -1.1038636940323e+02
4.4210319783141e+04 5.4737653033748e+03 -1.7524148195164e+02
4.7971695028874e+04 1.8078016480423e+03 1.6504181919505e+02
4.7971695028874e+04 1.8078016480423e+03 1.6504181919505e+02
5.2889331658529e+04 3.4832258037635e+03 1.6283899521135e+02
5.3386963302470e+04 3.5166294657045e+03 1.7547992944311e+02
5.2730062708899e+04 2.8315456190960e+03 1.7810693281745e+02
4.5312754113362e+04 7.6423056663933e+02 -1.6387946586981e+02
4.6905511229973e+04 -1.9477886195563e+01 -1.0813323724802e+02
4.2969821527182e+04 2.8388499131804e+03 1.6663272098413e+02
4.7489114824964e+04 1.5747024619216e+03 -1.3569979393519e+02
4.7489114824964e+04 1.5747024619216e+03 -1.3569979393519e+02
4.4239970367780e+04 2.1020993937581e+03 1.6977312604045e+02
4.4526065246563e+04 2.5948031954706e+03 5.7421661013896e+01
4.2029937076373e+04 2.2329954070770e+03 1.5515735418432e+02
4.5496928194256e+04 1.0597626648397e+03 1.6227214746841e+02
4.1265796836588e+04 3.7260329303117e+03 1.6478835022450e+02
4.3449895853991e+04 3.0029658460776e+03 -9.8307481087025e+01
