6.1610622610056e+04 2.0134827180934e+04 -5.5495166568605e+01
6.1610622610056e+04 2.0134827180934e+04 -5.5495166568605e+01
6.4050196074438e+04 1.5738152212074e+04 -3.7952232263408e+01
6.4267765619501e+04 1.3878145186537e+04 -8.8972959811029e+01
6.1678766041558e+04 1.4353045575542e+04 -1.7951616818234e+02
6.0804965457268e+04 1.8382564795470e+04 -9.3434121582813e+01
6.4350325778073e+04 1.2653777726689e+04 -7.0711148182903e+01
6.2673710804802e+04 1.2609787506629e+04 -1.1077085974422e+02
6.2673710804802e+04 1.2609787506629e+04 -1.1077085974422e+02
6.1418187651309e+04 1.7002006204853e+04 -1.2435819480396e+02
6.3816747711411e+04 1.1290360523841e+04 -1.2334250314111e+02
6.5134344841261e+04 1.2425629732258e+04 -2.9729341075277e+01
6.2064671563821e+04 1.3670663091379e+04 -7.5507437732962e+01
6.2064671563821e+04 1.3670663091379e+04 -7.5507437732962e+01
6.2987801259535e+04 1.3313337103033e+04 -8.6390602914019e+01
6.2987801259535e+04 1.3313337103033e+04 -8.6390602914019e+01
6.1596393291300e+04 1.6808493441928e+04 -1.0046636629172e+02
6.2291383152210e+04 1.3933011094654e+04 -8.9586049146164e+01
6.1747635940138e+04 1.5450647370832e+04 -6.1877985554338e+01
6.3294010321460e+04 9.7961181563225e+03 -9.1034996291276e+01
6.0276991969324e+04 1.4851012811742e+04 -1.3893614561804e+02
6.1007913086279e+04 1.8124450530597e+04 -1.1637709324215e+02
6.1784223441699e+04 1.9029557049100e+04 1.2694144389951e+02
6.2766242142990e+04 1.6600604478145e+04 -3.1956547628706e+01
6.0796676767825e+04 1.9293638710787e+04 4.0316020202775e+01
6.0951255006113e+04 1.5702220796680e+04 -1.1956795631116e+02
6.2190384216405e+04 1.8107366528320e+04 -6.6646317953018e+01
6.2190384216405e+04 1.8107366528320e+04 -6.6646317953018e+01
6.2672245494568e+04 1.8314861246772e+04 1.3333872497605e+02
6.1228200416906e+04 1.4528809082119e+04 -8.0751542918346e+01
6.2276976193790e+04 1.4295055173373e+04 -5.9956974944438e+01
6.1675325332869e+04 1.3669672954326e+04 -7.1890032723668e+01
6.2308086167005e+04 1.3424671109151e+04 -6.5712821121267e+01
6.1956716196943e+04 1.5869868036692e+04 -1.2506067433759e+02
6.0932028814722e+04 1.5052875373510e+04 1.5199449072364e+02
6.3894160181718e+04 1.2210547684537e+04 -7.3813564665592e+01
6.0951698048697e+04 1.6781296616260e+04 1.7907104901499e+02
6.0367285779446e+04 1.6449600556210e+04 -1.2771901836210e+02
6.0700588413114e+04 1.5930604077753e+04 1.5787220880131e+02
6.3650528562701e+04 1.2144314957569e+04 -1.1534531687912e+02
6.2752963346772e+04 1.3754901596662e+04 -1.1853257616048e+02
6.2752963346772e+04 1.3754901596662e+04 -1.1853257616048e+02
6.2203858760481e+04 1.4363053820010e+04 -1.2058323498695e+02
6.2041679165853e+04 1.0771812786626e+04 -6.3672005682205e+01
6.2968513778832e+04 1.6346102706845e+04 -1.3370712292534e+02
6.1455456999812e+04 1.5589485078208e+04 1.3211935475671e+02
6.1417757640349e+04 1.7595554828871e+04 -8.1209367401569e+01
6.2140215111025e+04 1.3702806337284e+04 1.7576556331908e+02
6.2140215111025e+04 1.3702806337284e+04 1.7576556331908e+02
6.2260483920204e+04 1.4521455109224e+04 -9.7174831929899e+01
6.1272423022448e+04 1.6589673220730e+04 -5.6390987711116e+01
6.3167075061856e+04 6.9294492852414e+03 -9.8035181620128e+01
6.3167075061856e+04 6.9294492852414e+03 -9.8035181620128e+01
6.3014314105242e+04 6.9663574755588e+03 -9.7954707606917e+01
6.2685621746982e+04 4.8216545664505e+03 -1.2114703659202e+02
6.2458626397811e+04 7.6189634368700e+03 -1.7846997174620e+02
6.2799443377520e+04 7.3252242541566e+03 1.4343128623329e+02
6.2578107389414e+04 7.0656405122214e+03 -8.6667792255844e+01
6.2918828527450e+04 1.0468660209594e+04 -9.1090618643221e+01
6.1688872711507e+04 1.4064032430804e+04 -1.0847227941231e+02
6.1464536987526e+04 1.1130939358276e+04 -1.1446507357074e+02
6.4734410401707e+04 1.1028812531764e+04 -9.6136540051932e+01
6.4671441276162e+04 1.2290595880814e+04 -6.9616282109596e+01
6.2276630581446e+04 1.0010367496075e+04 -8.8138328878152e+01
6.3216292229607e+04 9.9337781452178e+03 -6.7795232435356e+01
6.3216292229607e+04 9.9337781452178e+03 -6.7795232435356e+01
6.1768563569747e+04 1.0580713090828e+04 -1.1201342636989e+02
6.3136024291488e+04 9.3623334622717e+03 -7.7939700515788e+01
6.3928584883395e+04 1.0373529273743e+04 -5.1264674352862e+01
6.3928584883395e+04 1.0373529273743e+04 -5.1264674352862e+01
6.4066906784661e+04 1.0058828867321e+04 -6.3563170420368e+01
6.1143576891477e+04 1.1036257503026e+04 -1.4729208112185e+02
6.2597143581565e+04 1.2068690475280e+04 -1.2058394615074e+02
6.2597143581565e+04 1.2068690475280e+04 -1.2058394615074e+02
6.3290143525451e+04 1.3349540058044e+04 -8.0963668450225e+01
6.3290143525451e+04 1.3349540058044e+04 -8.0963668450225e+01
6.0278883646369e+04 1.5052072000581e+04 -1.0383567601167e+02
5.9887386793688e+04 1.6926188257723e+04 1.7371626749823e+02
6.2491806737923e+04 1.3215048359927e+04 -7.9213314541895e+01
6.2416015967228e+04 1.1673665868468e+04 -9.4989256074294e+01
6.2416015967228e+04 1.1673665868468e+04 -9.4989256074294e+01
6.2543602936348e+04 8.7276140523945e+03 -9.7217806103848e+01
6.2015112652846e+04 1.3391016925925e+04 -7.8989176060957e+01
6.1920552371359e+04 1.6251365515247e+04 1.0940608984022e+02
6.1920552371359e+04 1.6251365515247e+04 1.0940608984022e+02
6.2355355000633e+04 1.0776824628816e+04 -8.8768062528443e+01
6.2072681641044e+04 1.5358482240303e+04 -8.2382467587665e+01
6.2140342984388e+04 1.6394400640232e+04 -4.2516113552283e+01
6.1968084069745e+04 1.6682826316914e+04 -1.3008810671611e+02
6.1705573200462e+04 1.5703401768588e+04 -1.4698093542477e+02
6.1982465276703e+04 1.2898810332535e+04 -1.1658985751264e+02
6.1002895410087e+04 1.5575721071026e+04 1.7694925120905e+02
6.3933319427523e+04 8.7944749055108e+03 -5.1399218594281e+01
6.2774221793521e+04 1.4996512485687e+04 -1.7753238222700e+02
6.3328846109699e+04 1.5206125039482e+04 -6.6336086112657e+01
6.2881966449269e+04 1.4729599209727e+04 -8.6494446630875e+01
6.2881966449269e+04 1.4729599209727e+04 -8.6494446630875e+01
6.2398385817201e+04 1.6956150856194e+04 1.3647358788683e+02
6.2398385817201e+04 1.6956150856194e+04 1.3647358788683e+02
6.3218812241186e+04 1.5610261957530e+04 -1.9601919605876e+01
6.3363861113976e+04 1.5317775661840e+04 -7.3027724220642e+01
6.3363861113976e+04 1.5317775661840e+04 -7.3027724220642e+01
6.3342480969098e+04 1.5834091222683e+04 -5.3850990370468e+01
6.1777042600161e+04 1.4840973405464e+04 -1.5954410808549e+02
6.1571734531767e+04 1.8007813252617e+04 -8.1587681794667e+01
6.1571734531767e+04 1.8007813252617e+04 -8.1587681794667e+01
6.1267604574275e+04 1.8068658365859e+04 -6.6960207080591e+01
6.2423728601006e+04 1.6121646449279e+04 -5.5224324964445e+01
6.2423728601006e+04 1.6121646449279e+04 -5.5224324964445e+01
6.1872923941975e+04 1.6042417746879e+04 9.2453747512049e+01
6.1601674393116e+04 1.6186518984084e+04 -7.9804938576954e+01
6.1601674393116e+04 1.6186518984084e+04 -7.9804938576954e+01
6.2686184627926e+04 1.6370000464398e+04 -1.2096807727083e+02
6.2686184627926e+04 1.6370000464398e+04 -1.2096807727083e+02
6.2606861511041e+04 1.4745929028652e+04 -7.5317279515805e+01
6.2606861511041e+04 1.4745929028652e+04 -7.5317279515805e+01
6.2606861511041e+04 1.4745929028652e+04 -7.5317279515805e+01
6.2606861511041e+04 1.4745929028652e+04 -7.5317279515805e+01
6.0719001521175e+04 1.5774219004727e+04 1.4545292066062e+02
6.2769516031429e+04 1.4165388609548e+04 -1.6441015701293e+02
6.2273256577374e+04 1.5429520672575e+04 -1.4406337073396e+02
6.2273256577374e+04 1.5429520672575e+04 -1.4406337073396e+02
6.2117900686839e+04 1.2196425383147e+04 -9.1865313627914e+01
6.2117900686839e+04 1.2196425383147e+04 -9.1865313627914e+01
6.2192171029424e+04 1.5874994421982e+04 -1.6808204089265e+02
6.2017807936937e+04 1.3712115488487e+04 -1.0640459236733e+02
6.3077770874817e+04 1.3486094101174e+04 -1.2340505526781e+02
6.3077770874817e+04 1.3486094101174e+04 -1.2340505526781e+02
6.3585832073648e+04 1.1115932630220e+04 -8.6896282366375e+01
6.3585832073648e+04 1.1115932630220e+04 -8.6896282366375e+01
6.2791519702326e+04 1.1364217716101e+04 -7.9394230274580e+01
6.2791519702326e+04 1.1364217716101e+04 -7.9394230274580e+01
6.2738620833360e+04 1.0816841211106e+04 -9.2188456979312e+01
6.3447008461037e+04 1.4715131570250e+04 1.2663699593175e+02
6.2757082507156e+04 1.4478633203801e+04 1.3388851794622e+02
6.2757082507156e+04 1.4478633203801e+04 1.3388851794622e+02
6.1761665008781e+04 1.2576353626423e+04 -7.5054901937733e+01
6.1761665008781e+04 1.2576353626423e+04 -7.5054901937733e+01
6.1761665008781e+04 1.2576353626423e+04 -7.5054901937733e+01
6.3544284844458e+04 1.0775143153447e+04 1.4912564172248e+02
6.0382333000978e+04 1.2821990929949e+04 -8.4275633220415e+01
6.2263466841556e+04 1.5024949562216e+04 -9.8433023452798e+01
6.2722798220107e+04 1.2399543220528e+04 -1.0962860369290e+02
6.2722798220107e+04 1.2399543220528e+04 -1.0962860369290e+02
6.3704984594174e+04 1.2667515129535e+04 -8.0939934039754e+01
5.9323400530027e+04 1.4886265440759e+04 -8.8674188488399e+01
6.1916339692440e+04 1.2439086333594e+04 -1.7134984944441e+02
6.2337571959203e+04 1.3124132630532e+04 1.1331530666980e+02
6.3547145407445e+04 1.1630555869336e+04 1.7385028416466e+02
6.3547145407445e+04 1.1630555869336e+04 1.7385028416466e+02
6.2293896679443e+04 1.1478122097741e+04 -1.0439129198872e+02
6.2293896679443e+04 1.1478122097741e+04 -1.0439129198872e+02
6.2293896679443e+04 1.1478122097741e+04 -1.0439129198872e+02
6.2343880267205e+04 1.2786228160212e+04 -5.2094397997814e+01
6.2075222588656e+04 1.0265437757974e+04 -8.9173586753116e+01
6.3045774846059e+04 1.2399399824622e+04 -7.4627780257852e+01
6.3045774846059e+04 1.2399399824622e+04 -7.4627780257852e+01
6.1845448477961e+04 1.3889139645195e+04 1.0915254622644e+02
6.2652794010555e+04 1.0251043412135e+04 -1.0589579637845e+02
6.2652794010555e+04 1.0251043412135e+04 -1.0589579637845e+02
6.2536183953965e+04 1.2860346265654e+04 1.0915046972180e+02
6.2536183953965e+04 1.2860346265654e+04 1.0915046972180e+02
6.2957550170031e+04 1.2176159839641e+04 -8.2182246416539e+01
6.2020059563735e+04 1.4029279755358e+04 -1.0619637166840e+02
6.3501977558799e+04 9.2822792993595e+03 -1.0291172170046e+02
6.3501977558799e+04 9.2822792993595e+03 -1.0291172170046e+02
6.4654733184424e+04 1.1395327795004e+04 -4.2435587193999e+01
6.1634808813597e+04 1.5590617183524e+04 -1.2993197509085e+02
6.2537668833797e+04 1.3327744266444e+04 -7.2094579783459e+01
6.0024317689941e+04 1.4601496323328e+04 1.4360997934945e+02
6.3629304263724e+04 9.8933706711908e+03 -7.4356461851511e+01
6.3629304263724e+04 9.8933706711908e+03 -7.4356461851511e+01
6.2463020080260e+04 1.1338284496516e+04 -1.0192262084153e+02
6.1027095604003e+04 1.5169356658621e+04 -9.0868053545557e+01
6.2104409333044e+04 1.7583217425749e+04 1.0855117541254e+02
6.1354801848530e+04 1.6917141099579e+04 -1.0324626431268e+02
6.2121432941874e+04 1.9147845055535e+04 -7.2565929241242e+01
6.3291982982586e+04 1.8599123705428e+04 -9.8019488720209e+01
6.3291982982586e+04 1.8599123705428e+04 -9.8019488720209e+01
6.1209783831448e+04 2.0014201707302e+04 1.5654410593143e+02
6.2495649251338e+04 1.7213474073704e+04 -8.1864292530941e+01
6.2495649251338e+04 1.7213474073704e+04 -8.1864292530941e+01
6.2272482352419e+04 1.7357109646480e+04 -7.9669490002969e+01
6.3904741491460e+04 1.3771519058541e+04 -8.1848645517238e+01
6.2881758803202e+04 1.6139283403633e+04 1.2565962175544e+02
6.2881758803202e+04 1.6139283403633e+04 1.2565962175544e+02
6.4039962732843e+04 1.5889985233218e+04 -6.5167878977106e+01
6.2433565640880e+04 1.1283948271108e+04 -1.2279422451146e+02
6.1819021381080e+04 1.2673708706222e+04 1.3463494958074e+02
6.0405281778425e+04 1.0004993537935e+04 -7.6939110547061e+01
6.2318992656102e+04 1.2943902584850e+04 -6.9481545906153e+01
6.4332604614074e+04 1.1446215903068e+04 -7.1599472960016e+01
6.2000655838587e+04 1.4559735920700e+04 -8.8996095231341e+01
6.4097661706362e+04 1.0257181853007e+04 -8.1319909503147e+01
6.4097661706362e+04 1.0257181853007e+04 -8.1319909503147e+01
6.2267558996147e+04 1.1878632177265e+04 -1.6937171049183e+02
6.2166248047226e+04 9.4147355667064e+03 -1.2203917809174e+02
6.2734222025471e+04 9.1474839097631e+03 -1.2518729016049e+02
6.3394368366334e+04 1.4950065458513e+04 3.8157459426391e+01
6.2814655788579e+04 1.3291165678265e+04 -9.0630409151023e+01
6.2814655788579e+04 1.3291165678265e+04 -9.0630409151023e+01
6.3750450316870e+04 1.1565252288051e+04 -7.6945007329218e+01
6.4698897555869e+04 9.8205566259456e+03 -8.1455986083833e+01
6.3655756595915e+04 1.0506147197019e+04 5.7832108335766e+01
6.3655756595915e+04 1.0506147197019e+04 5.7832108335766e+01
6.4323423880347e+04 7.7053057289808e+03 -1.2631724375480e+02
6.1958064659491e+04 1.3338153347061e+04 -7.4293576937211e+01
6.1701597902016e+04 1.5136797195305e+04 -6.3704769095385e+01
6.0348809836568e+04 2.0336030598632e+04 1.0680689524966e+02
6.2488379793033e+04 1.2922176140804e+04 -8.3976531381761e+01
6.1275018753307e+04 1.6635285562160e+04 1.4259053168393e+02
6.3681859125598e+04 1.3731561813728e+04 -8.8972025622524e+01
6.3324845623320e+04 1.3844075050600e+04 -1.0478271514936e+02
6.3324845623320e+04 1.3844075050600e+04 -1.0478271514936e+02
6.3324845623320e+04 1.3844075050600e+04 -1.0478271514936e+02
6.3927371745293e+04 1.3999283264419e+04 1.2381908673734e+02
6.2820899007915e+04 1.4573450794475e+04 -8.0515680720151e+01
6.1307303421883e+04 1.6485390455185e+04 1.5941478859045e+02
6.2049394569875e+04 1.0783216415132e+04 -7.8976108489967e+01
6.4085930332046e+04 6.8870842718925e+03 -5.7819715799428e+01
6.2986206208769e+04 8.7250424205346e+03 -9.0694603953728e+01
6.0817453548251e+04 8.7121100408129e+03 -1.6880962745797e+02
6.2750133580959e+04 1.0835891530145e+04 4.7373389695728e+01
6.2193142824835e+04 1.0056829335290e+04 -7.0448321202458e+01
5.7956196809618e+04 1.1250098369694e+04 -1.1993536163636e+02
6.4034684775217e+04 4.9218290797905e+03 -7.7659081295646e+01
6.4034684775217e+04 4.9218290797905e+03 -7.7659081295646e+01
6.3896451563402e+04 6.5381370895038e+03 -6.3167567840784e+01
6.3505509372756e+04 6.6617654394277e+03 -9.8796436759236e+01
6.3505509372756e+04 6.6617654394277e+03 -9.8796436759236e+01
6.4584347193573e+04 5.3803152769508e+03 -7.3892353434432e+01
6.3432268955410e+04 5.4454048199163e+03 -1.0519032483269e+02
6.2072572368492e+04 7.6725709525790e+03 -9.1721696869310e+01
6.1939329119222e+04 1.2185297494346e+04 -1.4908177013365e+02
6.2377487235626e+04 1.0694328767186e+04 1.5135306475350e+02
6.2754622205499e+04 9.2835042674013e+03 -8.6270740118830e+01
6.2694121176319e+04 8.7157727946765e+03 -1.1461773060669e+02
6.4017573416363e+04 6.1984283118659e+03 -8.8943600469660e+01
6.4017573416363e+04 6.1984283118659e+03 -8.8943600469660e+01
5.9721558957783e+04 1.6676331609153e+04 -1.5155565442651e+02
6.0257894802858e+04 1.9641748406419e+04 -1.3697483492336e+02
6.2651461634468e+04 1.5051116061120e+04 1.9064840636148e+01
6.2017255374249e+04 1.5135064772950e+04 -1.0481423244078e+02
6.1634680061876e+04 1.4245631989365e+04 -8.6727718382665e+01
6.2192126783581e+04 1.4701952343601e+04 -1.3862691046740e+02
6.1384690588200e+04 1.4772572933535e+04 -1.2155434212192e+02
6.2792813850417e+04 1.3653917087578e+04 5.0394630300670e+01
6.2792813850417e+04 1.3653917087578e+04 5.0394630300670e+01
6.2467935150121e+04 1.0933667271234e+04 -1.1382824830491e+02
6.2171877630589e+04 1.5017437676246e+04 1.7573187874625e+02
6.2600156572720e+04 1.5208445380884e+04 9.4269681852305e+01
6.2600156572720e+04 1.5208445380884e+04 9.4269681852305e+01
6.4460364197254e+04 8.4591319818632e+03 -9.7908607829603e+01
6.5709790086590e+04 9.3119246629321e+03 1.3156215260501e+02
6.3283481462815e+04 1.2714247176813e+04 -5.7328528640221e+01
6.3283481462815e+04 1.2714247176813e+04 -5.7328528640221e+01
6.2647298418609e+04 1.3087795881150e+04 -8.7566222036104e+01
6.2647298418609e+04 1.3087795881150e+04 -8.7566222036104e+01
6.1364201593869e+04 1.4295549265990e+04 1.7184996793154e+02
6.2414338996651e+04 1.2673598557227e+04 1.4872300050293e+02
6.2163637356215e+04 1.4222962772079e+04 -1.6372472078499e+02
6.2233205087632e+04 1.1752778824367e+04 -6.0900436686066e+01
6.1924573532102e+04 1.3372368822248e+04 -1.1806008974350e+02
6.5193750326034e+04 1.4851147502135e+04 -7.1051040720713e+01
6.3001824024809e+04 2.0544033437497e+04 -9.4378356434306e+01
6.2110050897643e+04 1.8794414796699e+04 -8.0380629789492e+01
6.1239873673708e+04 2.0747747797759e+04 -1.2906590311144e+02
6.1239873673708e+04 2.0747747797759e+04 -1.2906590311144e+02
6.1628579119160e+04 1.9791461159634e+04 -1.6179346704334e+02
6.2026186014130e+04 1.2633033402131e+04 -8.0879048361681e+01
6.1565089540457e+04 1.7099324425737e+04 -7.8592922868403e+01
6.1644281141652e+04 1.8163861979622e+04 -1.2952197537669e+02
6.1281796987228e+04 1.5458919075191e+04 -1.0405343850596e+02
6.1281796987228e+04 1.5458919075191e+04 -1.0405343850596e+02
6.2721225477853e+04 1.5764502567094e+04 -1.7856832829346e+02
6.3688472435282e+04 1.4920685961364e+04 -7.1713725323545e+01
6.3688472435282e+04 1.4920685961364e+04 -7.1713725323545e+01
6.3236752754120e+04 1.1901373417783e+04 -7.6065569064825e+01
6.3236752754120e+04 1.1901373417783e+04 -7.6065569064825e+01
6.2369203400292e+04 1.3808164783796e+04 1.3400654503750e+02
6.3436411931560e+04 1.3488963029984e+04 -1.0121728732190e+02
6.3436411931560e+04 1.3488963029984e+04 -1.0121728732190e+02
6.2844478805460e+04 1.4719763869178e+04 -4.8962882896507e+01
6.1317819942975e+04 1.3857814127258e+04 -8.1375945463021e+01
6.3351835470519e+04 1.0373655381632e+04 -1.3050721719701e+02
6.3351835470519e+04 1.0373655381632e+04 -1.3050721719701e+02
6.1689673583318e+04 1.4769412640383e+04 1.3451934904868e+02
6.2305756752857e+04 1.4224580326882e+04 -6.8986567487685e+01
6.2305756752857e+04 1.4224580326882e+04 -6.8986567487685e+01
6.1742232371997e+04 1.4093353088501e+04 -9.0657230902010e+01
6.5342355763698e+04 8.3726616981212e+03 -1.0548439708929e+02
6.2359863024385e+04 1.5084514829414e+04 -2.0023794973462e+01
6.1563538811835e+04 1.6897411112078e+04 -7.2619632800732e+01
6.3595841923444e+04 1.2118707658663e+04 -1.0262408431478e+02
6.3595841923444e+04 1.2118707658663e+04 -1.0262408431478e+02
6.2835860330852e+04 1.2615757068762e+04 -1.7401237609307e+02
6.3279236812174e+04 1.1173095656040e+04 -5.4356258423565e+01
6.3169345513785e+04 1.2394879625209e+04 -7.0692258257826e+01
6.3169345513785e+04 1.2394879625209e+04 -7.0692258257826e+01
6.3309541794813e+04 1.3073809883726e+04 3.2071383998671e+01
6.2533428457735e+04 1.1108263278422e+04 -1.0462833926857e+02
6.3716271753342e+04 1.1826391921357e+04 -8.1021720561403e+01
6.3716271753342e+04 1.1826391921357e+04 -8.1021720561403e+01
6.1885588145451e+04 1.4277459469301e+04 -9.4494052583087e+01
6.1748132953672e+04 1.5732139627529e+04 1.1504334500901e+02
6.3028840118881e+04 1.4277749981954e+04 -7.0872930275893e+01
6.0923306914427e+04 1.2234646128322e+04 1.6348127014055e+02
6.3120124566289e+04 1.1746346974956e+04 -5.9246141939151e+01
6.1572250195810e+04 9.5110430222669e+03 -1.1668225458667e+02
6.2841945710284e+04 1.3530819187571e+04 -8.3348890654834e+01
6.1266653619389e+04 1.4241748495626e+04 -8.3886741827498e+01
6.3043719261886e+04 1.3641175176839e+04 -6.0051752761599e+01
6.2384586023806e+04 1.4164857544046e+04 -8.2584836309650e+01
6.4490596654240e+04 1.0681818690294e+04 -1.0865925465856e+02
6.3930585887140e+04 1.2486995574904e+04 -6.2673703876063e+01
6.3321724084663e+04 1.0993438566828e+04 -9.3944033442439e+01
6.3321724084663e+04 1.0993438566828e+04 -9.3944033442439e+01
6.3743237137631e+04 1.0840091798897e+04 1.0620444170829e+02
6.3743237137631e+04 1.0840091798897e+04 1.0620444170829e+02
6.3551624302663e+04 1.2493403261445e+04 1.4852785556168e+02
6.4313231436774e+04 1.0550128681672e+04 -8.2282002818281e+01
6.4313231436774e+04 1.0550128681672e+04 -8.2282002818281e+01
6.1579730029333e+04 1.4508171704488e+04 -1.5297659327067e+02
6.1725119879045e+04 1.4394426044111e+04 1.5007771935461e+02
6.4589349143013e+04 1.2184032508894e+04 -2.3099102689240e+01
6.3144855909429e+04 1.4299004709907e+04 1.0650640206686e+02
6.4741047623585e+04 9.0685872425482e+03 -9.4518605363156e+01
6.4377166446244e+04 8.7419505127819e+03 -1.0108369094830e+02
6.4377166446244e+04 8.7419505127819e+03 -1.0108369094830e+02
6.2366689433217e+04 1.2399579885625e+04 -1.6269701996508e+02
6.4110371830047e+04 1.0484267515206e+04 -5.0363440981396e+01
6.3415544020982e+04 8.3186848877870e+03 -1.1375781758720e+02
6.2828679170102e+04 1.2281577797998e+04 -5.8913109850492e+01
6.0560033638640e+04 1.7634656305248e+04 9.8993483143868e+01
6.1254733741868e+04 1.5093920979972e+04 1.3776598815064e+02
6.2979624360802e+04 1.2281675421097e+04 -1.4926475898651e+02
6.3107853482075e+04 1.3291168405873e+04 -6.7953316705093e+01
6.0825128527033e+04 1.3621597785387e+04 -1.1516463012960e+02
6.4549539270729e+04 1.0039747420629e+04 -6.8946321817102e+01
6.4495895707560e+04 1.1162677241970e+04 8.0726944373448e+01
6.5265807274107e+04 9.1097098408036e+03 -6.7441159278645e+01
6.3662441730001e+04 1.1370933408146e+04 -8.8943193187460e+01
6.4533966521928e+04 9.3577723807968e+03 -6.6706385765496e+01
6.5218987588773e+04 6.5901808526128e+03 -1.7096409687637e+02
6.3053580156258e+04 9.4061152182166e+03 -9.0360006272645e+01
6.3053580156258e+04 9.4061152182166e+03 -9.0360006272645e+01
6.3541426790127e+04 9.2248363224467e+03 -1.1785042249851e+02
6.3541426790127e+04 9.2248363224467e+03 -1.1785042249851e+02
6.2757270080547e+04 1.2487311657443e+04 -9.3813014166030e+01
6.1432827746521e+04 1.4654703890117e+04 -1.5183407105003e+02
6.2513557619050e+04 1.5521652861422e+04 -7.2035227055565e+01
6.2513557619050e+04 1.5521652861422e+04 -7.2035227055565e+01
6.1454737134661e+04 1.5537383291670e+04 1.7756768051135e+02
6.0852732440880e+04 1.5786502788990e+04 -1.2579037930513e+02
6.2419353370187e+04 1.3666779741282e+04 -6.0299722703296e+01
6.2419353370187e+04 1.3666779741282e+04 -6.0299722703296e+01
6.2009078339819e+04 1.2702700473152e+04 -5.4213331938816e+01
6.3544727782908e+04 1.0036783269385e+04 -1.1294932828732e+02
6.3544727782908e+04 1.0036783269385e+04 -1.1294932828732e+02
6.4182821418516e+04 8.9872407566088e+03 -8.0935292217103e+01
6.4182821418516e+04 8.9872407566088e+03 -8.0935292217103e+01
6.1019034736655e+04 1.4294636658026e+04 1.5298502024589e+02
6.5035017588820e+04 8.8473810456858e+03 1.1529918744173e+02
6.2331862312593e+04 1.1640652667684e+04 -4.6310730501268e+01
6.2472501560429e+04 1.1238285951455e+04 1.3333446404531e+02
6.4431536017005e+04 9.1930381349430e+03 -5.8647328957892e+01
6.4431536017005e+04 9.1930381349430e+03 -5.8647328957892e+01
6.2878926588512e+04 1.2208586934974e+04 -8.1723271679887e+01
6.1395104194598e+04 1.2739614772389e+04 1.5576494376937e+02
6.2374416691011e+04 8.3378295249848e+03 -1.2877592598160e+02
6.4508061661752e+04 7.0248290196029e+03 -1.0005919216950e+02
6.0692910075662e+04 1.6338849625966e+04 1.1932498034286e+02
6.1850499919842e+04 1.1713634243380e+04 -8.4678569415113e+01
6.2306447513657e+04 1.0752808164744e+04 -6.8052975156713e+01
6.2112049648803e+04 9.4182088386327e+03 -8.5032098526396e+01
6.1910743999403e+04 9.4774415062865e+03 -1.0607480408349e+02
6.3486911675042e+04 8.2101953210814e+03 -2.1033305341983e+01
6.2286511330047e+04 8.2134644232402e+03 -1.2726458367153e+02
6.2425818164502e+04 9.1744323798606e+03 -6.9562972923471e+01
6.2983181958448e+04 9.0237603513532e+03 -1.4946234484155e+02
6.2983181958448e+04 9.0237603513532e+03 -1.4946234484155e+02
6.2040002988554e+04 1.0361966212486e+04 -9.1336636681075e+01
6.2703006863389e+04 9.8816216963090e+03 -8.8219768059345e+01
6.2333828089968e+04 1.1735043315976e+04 1.2183430406928e+02
6.2651558160928e+04 9.0550713372514e+03 -6.0945042989558e+01
6.2651558160928e+04 9.0550713372514e+03 -6.0945042989558e+01
6.3578104522092e+04 6.8707360702944e+03 -7.4940370125327e+01
6.3578104522092e+04 6.8707360702944e+03 -7.4940370125327e+01
6.3578104522092e+04 6.8707360702944e+03 -7.4940370125327e+01
6.3175788783071e+04 6.5244478343247e+03 -7.8921479397502e+01
6.2582843268300e+04 7.5657284715702e+03 -1.3603989679689e+02
6.3967880135321e+04 4.5541833325178e+03 -7.8673119657225e+01
6.3967880135321e+04 4.5541833325178e+03 -7.8673119657225e+01
6.3467807443307e+04 7.1394414811964e+03 -8.4034313559610e+01
6.3467807443307e+04 7.1394414811964e+03 -8.4034313559610e+01
6.3153185469990e+04 7.2349882504890e+03 -1.2715366610861e+02
6.4773175338488e+04 4.4694736381998e+03 -8.4285265038372e+01
6.4773175338488e+04 4.4694736381998e+03 -8.4285265038372e+01
6.3753086154574e+04 6.2041925749953e+03 -1.4362460674450e+02
6.3477224638650e+04 6.9091595536622e+03 -4.8576782373159e+01
6.3477224638650e+04 6.9091595536622e+03 -4.8576782373159e+01
6.1202837017971e+04 1.3319822016263e+04 -1.4529010886161e+02
6.2794689872584e+04 1.1051736959299e+04 -9.6579159323924e+01
6.3383968164482e+04 7.4914820917249e+03 -9.5711219685251e+01
6.2494281622410e+04 1.2005967164311e+04 -4.1140427876599e+01
6.2494281622410e+04 1.2005967164311e+04 -4.1140427876599e+01
6.1226868134628e+04 1.4967573475767e+04 -1.0116660677767e+02
6.1790721932087e+04 1.6171795501403e+04 -1.2358269120246e+02
6.2817794319309e+04 1.6815159429590e+04 -8.1069515057540e+01
6.0348481184368e+04 1.5867652388865e+04 -8.2992895180629e+01
6.3701055137116e+04 9.9500499662200e+03 -6.8763567154072e+01
6.2555306479127e+04 9.7245438157159e+03 -1.5483973522147e+02
6.2676105798422e+04 9.1759464465717e+03 1.4861690676371e+02
6.4036289912758e+04 9.1670715382905e+03 -5.5012321665896e+01
6.4036289912758e+04 9.1670715382905e+03 -5.5012321665896e+01
6.0696232210799e+04 1.0802152841248e+04 -7.5422464469209e+01
6.0696232210799e+04 1.0802152841248e+04 -7.5422464469209e+01
6.4405171136138e+04 7.3951425953451e+03 -6.0235495446431e+01
6.3099231848288e+04 9.6462588800974e+03 -1.6546685611638e+02
6.3099231848288e+04 9.6462588800974e+03 -1.6546685611638e+02
6.3511356346650e+04 9.5263726173739e+03 -6.8705489000356e+01
6.2083763333274e+04 1.2764047068803e+04 1.1785232105943e+02
6.3738400427013e+04 9.6913676671093e+03 -1.0082365546724e+02
6.3738400427013e+04 9.6913676671093e+03 -1.0082365546724e+02
6.2462088724514e+04 9.5351250602381e+03 -1.4656764702060e+02
6.3919096796150e+04 8.1255942323680e+03 -7.4967974733747e+01
6.4139887007504e+04 8.4845252571492e+03 -1.6590275144805e+02
6.4139887007504e+04 8.4845252571492e+03 -1.6590275144805e+02
6.2581959528823e+04 1.1325390163738e+04 -6.9554601012875e+01
6.2665113649581e+04 1.0548886957544e+04 -8.8586415043018e+01
6.0518406723650e+04 1.6013932903745e+04 -8.6482873877125e+01
6.1544691874727e+04 1.5527559160951e+04 -1.0224560064009e+02
6.4729335935215e+04 1.2489401943499e+04 -6.4988827009735e+01
6.3814818618065e+04 9.2507202289220e+03 -5.2199355192230e+01
6.3814818618065e+04 9.2507202289220e+03 -5.2199355192230e+01
6.2880958772406e+04 1.5316746487624e+04 -7.0387313201180e+01
6.2235414002951e+04 1.3666708699018e+04 8.4545838728493e+01
6.2235414002951e+04 1.3666708699018e+04 8.4545838728493e+01
6.2110336539489e+04 1.5334057226183e+04 -5.0338944226283e+01
6.1773768526908e+04 1.0460807978316e+04 -8.8415412033565e+01
6.2016078480289e+04 1.5731490582616e+04 -6.6161848208726e+01
6.2182046578433e+04 1.3638187058976e+04 -1.5193601762782e+02
6.2182046578433e+04 1.3638187058976e+04 -1.5193601762782e+02
6.2659475307839e+04 1.2336774923047e+04 -8.0852366747660e+01
6.4296603333734e+04 1.2139614023350e+04 1.2342106002332e+02
6.3214306561684e+04 9.8579048282903e+03 -7.4322146942668e+01
6.3214306561684e+04 9.8579048282903e+03 -7.4322146942668e+01
6.3214306561684e+04 9.8579048282903e+03 -7.4322146942668e+01
6.3197713870501e+04 8.9098877086458e+03 -7.8424102197037e+01
6.4507740013433e+04 9.6704562823055e+03 -5.5633060061960e+01
6.3061605218399e+04 1.2884015604678e+04 -1.2849123098067e+02
6.2594864245599e+04 1.1830493930052e+04 -1.4046091201223e+02
6.0338680151036e+04 1.5310980548872e+04 -8.4943954201408e+01
6.3860908217467e+04 1.1219830693524e+04 -9.1576473041475e+01
6.3860908217467e+04 1.1219830693524e+04 -9.1576473041475e+01
6.3073194280070e+04 1.3013937532992e+04 -7.9991054395037e+01
6.3073194280070e+04 1.3013937532992e+04 -7.9991054395037e+01
6.2791195406949e+04 1.3897427002538e+04 -6.8131072829707e+01
6.2646527305740e+04 1.3648177076212e+04 -8.2962929668953e+01
6.2646527305740e+04 1.3648177076212e+04 -8.2962929668953e+01
6.3712791498096e+04 8.2119876502541e+03 -1.0505542359790e+02
6.3712791498096e+04 8.2119876502541e+03 -1.0505542359790e+02
6.2932495685701e+04 1.1280097121709e+04 -5.5061738006581e+01
6.1684507197432e+04 1.1023094998348e+04 -9.4803223631026e+01
6.3786660072142e+04 9.0224377040553e+03 -1.1281195293857e+02
6.4447592090202e+04 7.7461969961760e+03 -1.2118585089150e+02
6.2681462734494e+04 9.3672999236435e+03 -1.6559625928863e+02
6.1807579185788e+04 1.0704578457288e+04 -1.4723558611971e+02
6.2860629770277e+04 1.5605796514212e+04 -8.2781198640394e+01
6.1977494864905e+04 1.7679415195143e+04 -9.6624499086143e+01
6.1977494864905e+04 1.7679415195143e+04 -9.6624499086143e+01
6.3805959993712e+04 1.2794423407245e+04 -1.4441114011384e+02
6.3513568643628e+04 1.5284208450242e+04 -9.7265242251613e+01
6.1257356532731e+04 1.5304936404602e+04 -9.0428847105291e+01
6.0039282024284e+04 1.4598107762867e+04 -1.0573458280260e+02
6.2021029301769e+04 1.4653354012942e+04 -8.3899584734126e+01
6.1505713566717e+04 1.5035542635173e+04 1.5216054148432e+02
6.3381707392123e+04 1.2384866734864e+04 -7.2246770509296e+01
6.3394919846632e+04 1.3417257967029e+04 -8.8770565602338e+01
6.3394919846632e+04 1.3417257967029e+04 -8.8770565602338e+01
6.1918161398365e+04 1.4853875972449e+04 -7.6357760270304e+01
6.4084954675998e+04 1.1592602010314e+04 -6.2474239452250e+01
6.2630529075378e+04 1.1840148295428e+04 -9.5090325929499e+01
6.2630529075378e+04 1.1840148295428e+04 -9.5090325929499e+01
6.2912223550870e+04 9.1178482635531e+03 -9.4366657940874e+01
6.2912223550870e+04 9.1178482635531e+03 -9.4366657940874e+01
6.3393985058846e+04 8.8524760307514e+03 -6.2115695773233e+01
6.3393985058846e+04 8.8524760307514e+03 -6.2115695773233e+01
6.4289956541800e+04 1.7562196671835e+04 -6.7591272455725e+01
6.2306448713083e+04 9.2762963513205e+03 -6.4587663834590e+01
6.2228603737745e+04 8.4524870210300e+03 -1.0530294385473e+02
6.2228603737745e+04 8.4524870210300e+03 -1.0530294385473e+02
6.0937119444611e+04 1.1600694380107e+04 -1.3538894190121e+02
6.3014284412625e+04 1.5546897530843e+04 -1.6950432338895e+02
6.3014284412625e+04 1.5546897530843e+04 -1.6950432338895e+02
6.3258556614935e+04 1.4756200344434e+04 1.1384847554643e+02
6.3518779405269e+04 1.2915872142270e+04 -6.5816155359603e+01
6.3518779405269e+04 1.2915872142270e+04 -6.5816155359603e+01
6.3363262525120e+04 1.0604020990932e+04 -8.2058664384327e+01
6.3363262525120e+04 1.0604020990932e+04 -8.2058664384327e+01
