4.3500010535490e+04 3.3543515258209e+04 1.7073119795878e+02
4.2591984116608e+04 3.3656112300078e+04 -7.4277002857133e+00
4.6099397222201e+04 3.3447371720180e+04 -6.0962763232607e+00
4.6099397222201e+04 3.3447371720180e+04 -6.0962763232607e+00
4.7101545797576e+04 3.3528904271395e+04 -1.6873003556861e-01
4.4740904783250e+04 3.4010697003502e+04 2.4483549929538e+01
4.5593182459423e+04 3.3880889018459e+04 -3.6551568986251e+00
4.5593182459423e+04 3.3880889018459e+04 -3.6551568986251e+00
4.7071201801497e+04 3.3980393166256e+04 1.1166848839057e+00
4.6457289306254e+04 3.4281583445448e+04 4.8278781804217e+01
4.6457289306254e+04 3.4281583445448e+04 4.8278781804217e+01
4.9206604715417e+04 3.4042007128497e+04 -2.3137419827602e+00
4.3974621654628e+04 3.4797393086672e+04 1.7099391104791e+02
4.8494837908936e+04 3.3916302895754e+04 -1.5831724910741e+01
4.8744442097019e+04 3.4097287173644e+04 1.8044118515671e+00
4.8744442097019e+04 3.4097287173644e+04 1.8044118515671e+00
4.4413436999899e+04 3.3524134458120e+04 -4.2878111494857e+00
4.6876620251769e+04 3.3406654182604e+04 -2.8626175283906e+00
4.5594098065067e+04 3.3494798553868e+04 -1.2135573301933e+01
4.5594098065067e+04 3.3494798553868e+04 -1.2135573301933e+01
4.4151213397141e+04 3.3697486003621e+04 -1.6627140898548e+02
4.4151213397141e+04 3.3697486003621e+04 -1.6627140898548e+02
4.5066472715271e+04 3.2949248392038e+04 1.5038932945959e+00
4.5571236510427e+04 3.3786437167613e+04 -1.6654951423801e+01
4.7442401037819e+04 3.2951854268277e+04 -7.6515053608548e+00
4.4464553568795e+04 3.3783602428776e+04 8.0277114360479e+00
4.5105568494907e+04 3.3743703514563e+04 1.3729236752951e-01
4.5105568494907e+04 3.3743703514563e+04 1.3729236752951e-01
4.3167285230154e+04 3.4976644733836e+04 2.4064574522199e+01
4.4948554871860e+04 3.3416463570384e+04 -1.5751938771208e+02
4.7922561387019e+04 3.3811156193402e+04 -7.7698456081394e+00
4.7859286819023e+04 3.3750125655865e+04 -1.6122181930025e+01
4.7859286819023e+04 3.3750125655865e+04 -1.6122181930025e+01
4.4091645431485e+04 3.3557407479347e+04 -9.2408065001157e-01
4.2063100169529e+04 3.3599588724044e+04 1.7830301943266e+02
4.3867086791282e+04 3.3653665070544e+04 -1.1672500205259e+01
4.5100908811893e+04 3.3868112266168e+04 -1.0375686182291e+00
4.2507811988808e+04 3.3909388397401e+04 -1.7968141938206e+02
4.6802298663437e+04 3.3816038303492e+04 -8.9693082003357e-01
4.5115306839325e+04 3.3813455139898e+04 -2.1809126729373e+00
4.5115306839325e+04 3.3813455139898e+04 -2.1809126729373e+00
4.3763190020110e+04 3.3204709570772e+04 5.1452749180897e+00
4.4634611217289e+04 3.3117281140759e+04 -7.8725597102883e-01
4.3836910610240e+04 3.3673525324512e+04 -1.0255135217308e+02
4.3836910610240e+04 3.3673525324512e+04 -1.0255135217308e+02
4.3959345020241e+04 3.4211379643385e+04 5.9472074142856e+00
5.1004335283917e+04 3.2316346455829e+04 -1.0114994159329e+01
4.7673018911065e+04 3.3400200314093e+04 4.4790883018849e+00
4.9829222178959e+04 3.3515979675708e+04 2.1047999791912e+00
5.5281442066373e+04 3.3558419224837e+04 -6.6825399828561e+01
5.9064703933499e+04 3.3196040772774e+04 2.5081636163615e-01
5.3329323077408e+04 3.3576701924967e+04 -3.4825652422372e-01
4.8185312286736e+04 3.2984180934723e+04 1.7573009125627e+02
5.0368925666656e+04 3.3266764904289e+04 -1.7687264720018e+02
4.8148617378554e+04 3.2962178557833e+04 4.6831813344674e+00
5.2891006437852e+04 3.3451085174329e+04 -3.2628896192035e+00
5.2891006437852e+04 3.3451085174329e+04 -3.2628896192035e+00
5.2059185744848e+04 3.3543138632513e+04 3.0650667377448e+01
4.9371255001316e+04 3.3761353778528e+04 -4.9870993754791e+00
4.9371255001316e+04 3.3761353778528e+04 -4.9870993754791e+00
4.7959244251651e+04 3.3661525254954e+04 -3.5028655047629e+01
5.2214903302692e+04 3.3421477205979e+04 -3.6914137012387e+00
5.2214903302692e+04 3.3421477205979e+04 -3.6914137012387e+00
5.2214903302692e+04 3.3421477205979e+04 -3.6914137012387e+00
5.2709333289167e+04 3.3725952807339e+04 -4.3154055507544e+00
5.2732045181475e+04 3.3251151121061e+04 -1.3707496690960e+01
5.2289407734299e+04 3.3179034126552e+04 -3.8773037736209e+01
5.2406638721351e+04 3.4340476297498e+04 -6.8508323924183e+00
5.3912605047642e+04 3.4814563278650e+04 -4.4011498440821e+00
5.3912605047642e+04 3.4814563278650e+04 -4.4011498440821e+00
5.3912605047642e+04 3.4814563278650e+04 -4.4011498440821e+00
5.2854283508884e+04 3.5067642305772e+04 2.2730357830052e+00
4.9936748405126e+04 3.4047022824598e+04 -4.7576206260028e-01
4.9936748405126e+04 3.4047022824598e+04 -4.7576206260028e-01
4.8743554865148e+04 3.4304925016994e+04 -1.9052044927851e+01
5.4857299591445e+04 3.4245277085499e+04 -2.6799086442850e-01
5.2110342171805e+04 3.3781024133068e+04 1.2190479596898e+02
5.2110342171805e+04 3.3781024133068e+04 1.2190479596898e+02
4.8707941335451e+04 3.2983661429211e+04 -2.1977344469826e-01
5.0214801335593e+04 3.2945957266319e+04 -8.9017875605943e+00
5.5800896010986e+04 3.3855785159689e+04 -1.3261428493059e+01
5.6418620870372e+04 3.3813854979596e+04 3.8763826972695e+00
5.1747730359695e+04 3.4675836975128e+04 1.0648819898325e+01
5.4700884093038e+04 3.3267870191390e+04 -1.2002753426631e+01
5.4026749648360e+04 3.3238090742915e+04 -1.8496712833114e+00
5.3774698028253e+04 3.4707845504222e+04 -1.7927963664937e+02
5.6515660185066e+04 3.4799017797424e+04 4.8661138841729e+00
5.0088387790615e+04 3.2983533375945e+04 -1.9922496370666e+00
4.7842970592210e+04 3.4459736527560e+04 7.2448435201610e+00
4.6785995241185e+04 3.4110869331631e+04 -1.1249135731724e+00
4.7409726316676e+04 3.4196045345018e+04 -2.1963105899487e+00
5.4009806891153e+04 3.3765034384857e+04 2.9873686437465e+00
4.9379515558082e+04 3.4948952469295e+04 -1.3721279748979e+00
4.9379515558082e+04 3.4948952469295e+04 -1.3721279748979e+00
4.9486369155727e+04 3.4517320884012e+04 -1.6977826290956e+01
4.9486369155727e+04 3.4517320884012e+04 -1.6977826290956e+01
4.9328801103846e+04 3.4575515576963e+04 -1.4292439818168e+01
4.7834482410477e+04 3.4120881668500e+04 -1.8284391141134e+00
4.7834482410477e+04 3.4120881668500e+04 -1.8284391141134e+00
5.3755708021055e+04 3.3565557640916e+04 7.0272369871723e+00
5.1944055678155e+04 3.3153419016803e+04 -1.5553231613825e+01
5.5877403302770e+04 3.3632378318231e+04 3.3874859889121e+01
5.1140572011605e+04 3.3768134838435e+04 -3.6295410324856e+00
5.1140572011605e+04 3.3768134838435e+04 -3.6295410324856e+00
5.1140572011605e+04 3.3768134838435e+04 -3.6295410324856e+00
5.0193314525240e+04 3.4097869015915e+04 -2.3211273548545e+00
5.0193314525240e+04 3.4097869015915e+04 -2.3211273548545e+00
4.9659174554496e+04 3.4038415690237e+04 -7.8678183485911e+00
5.1290305079803e+04 3.3423184712059e+04 -1.7515089158801e+02
5.0931530295446e+04 3.4282248768603e+04 -2.0920801479863e+00
5.4558848760968e+04 3.4690440608971e+04 1.6585172201769e+02
5.6415627540847e+04 3.3877957120543e+04 -1.7820323525189e+02
5.9940834716715e+04 3.3500351977949e+04 -2.0231763070532e+01
5.5561018157172e+04 3.4496939605436e+04 -8.4468516060029e+00
5.9149771261225e+04 3.3930749328064e+04 -7.9073478138491e+00
5.7174925195957e+04 3.3973977527369e+04 1.2565183747197e+00
6.0646650356397e+04 3.3919205712101e+04 1.0746212052262e+00
6.0646650356397e+04 3.3919205712101e+04 1.0746212052262e+00
5.8758625962797e+04 3.3814216470206e+04 -1.7525391145368e+02
5.8758625962797e+04 3.3814216470206e+04 -1.7525391145368e+02
5.6210713207556e+04 3.3985119914459e+04 6.7151681475183e+00
5.1598700484383e+04 3.3847499110966e+04 -1.7706616133504e+02
5.1598700484383e+04 3.3847499110966e+04 -1.7706616133504e+02
5.2263570394579e+04 3.3991276958778e+04 1.1765873613170e+02
5.0245225910483e+04 3.3414706369808e+04 -1.5964142657283e+01
5.0812162830030e+04 3.3939764303924e+04 -1.6441412803078e+02
5.0812162830030e+04 3.3939764303924e+04 -1.6441412803078e+02
5.3100490266261e+04 3.3529482494479e+04 -1.7590864582520e+02
5.2800592131849e+04 3.2740969489973e+04 8.7198258949215e+00
5.1512503263773e+04 3.3857198527581e+04 -5.9142877239700e+00
5.2018217883031e+04 3.4124154937040e+04 1.7494856273725e+02
5.2018217883031e+04 3.4124154937040e+04 1.7494856273725e+02
5.2720881114615e+04 3.4161449201441e+04 1.0400176988900e+02
5.1734535623796e+04 3.4124568241841e+04 -1.3675682141038e+01
5.1734535623796e+04 3.4124568241841e+04 -1.3675682141038e+01
5.2613943483432e+04 3.4041134006351e+04 2.4124833371233e+00
5.4691348383115e+04 3.4030547450497e+04 6.9229694147290e+00
5.4326280916561e+04 3.3943252980680e+04 4.8760711586626e+00
4.9505065326079e+04 3.4000506881337e+04 5.9253288049950e+00
5.2810150224532e+04 3.4030583759366e+04 1.7971016036702e+01
5.1623857026989e+04 3.3935744165910e+04 -1.7711872434112e+02
5.5478204199670e+04 3.3588828638381e+04 -8.6446570274141e-01
4.9516509967926e+04 3.3372219093187e+04 1.8462493217222e+00
5.6668458257336e+04 3.4503841739804e+04 -4.7319943579696e+00
5.6668458257336e+04 3.4503841739804e+04 -4.7319943579696e+00
5.6668458257336e+04 3.4503841739804e+04 -4.7319943579696e+00
5.6407332264692e+04 3.4523151181375e+04 -5.0076238310163e+00
5.6407332264692e+04 3.4523151181375e+04 -5.0076238310163e+00
5.4687275815356e+04 3.4132114692574e+04 -1.6319463655461e+02
5.5037640118632e+04 3.4429035822422e+04 8.9590608198674e+01
5.5037640118632e+04 3.4429035822422e+04 8.9590608198674e+01
5.4521622546600e+04 3.3720624075004e+04 -5.1673723507728e+00
5.4521622546600e+04 3.3720624075004e+04 -5.1673723507728e+00
5.6985419690723e+04 3.4176831227643e+04 -4.1997982390753e+00
5.6985419690723e+04 3.4176831227643e+04 -4.1997982390753e+00
5.3528242319896e+04 3.4156541692006e+04 -1.7152048248661e+02
5.9290395788446e+04 3.4491200018735e+04 -2.5081805264795e+00
5.9290395788446e+04 3.4491200018735e+04 -2.5081805264795e+00
5.9743111238693e+04 3.4441196569323e+04 -3.0942790278141e+00
5.7356362626923e+04 3.4733757950567e+04 -3.8868080933811e+01
5.7356362626923e+04 3.4733757950567e+04 -3.8868080933811e+01
5.8101696941739e+04 3.5012977142748e+04 9.8664065139662e+00
5.4793447544800e+04 3.3533145857235e+04 -2.0310396111768e+01
5.5970381786353e+04 3.3770462976742e+04 -2.3012159180464e+01
5.5582598495800e+04 3.3974117534135e+04 -1.3778328488411e+01
5.5582598495800e+04 3.3974117534135e+04 -1.3778328488411e+01
5.4608157788468e+04 3.4378158366429e+04 1.7154615863782e+02
5.6206789606227e+04 3.4290875585440e+04 -2.1591307658812e+00
6.0017288711083e+04 3.3600502943539e+04 -1.0490766492134e+00
6.0017288711083e+04 3.3600502943539e+04 -1.0490766492134e+00
6.0271447123095e+04 3.5107656040601e+04 1.5591909484674e+00
6.0271447123095e+04 3.5107656040601e+04 1.5591909484674e+00
5.8655110740716e+04 3.5063367200868e+04 -1.7840020516554e+02
6.0554916909669e+04 3.4164329783974e+04 -3.1364390068390e+00
6.0554916909669e+04 3.4164329783974e+04 -3.1364390068390e+00
6.2094602053960e+04 3.4248042505672e+04 -2.6869773557645e-01
6.0161932494005e+04 3.3950326630247e+04 4.5863148394056e+00
5.9429972752955e+04 3.4436216645119e+04 1.6307502785817e+02
6.1314434761249e+04 3.4421232353319e+04 5.0449889350940e-01
6.1314434761249e+04 3.4421232353319e+04 5.0449889350940e-01
5.9643179552782e+04 3.3504585591555e+04 -4.7078138300771e-01
6.0226687619317e+04 3.5003374633081e+04 1.7360468284512e+01
6.0226687619317e+04 3.5003374633081e+04 1.7360468284512e+01
6.1361117850880e+04 3.4669685722889e+04 -2.6451085558855e+00
6.0607300470186e+04 3.4450248068275e+04 2.2584290973034e+00
5.4540387210024e+04 3.4963354219952e+04 -1.7652516642011e+02
5.4540387210024e+04 3.4963354219952e+04 -1.7652516642011e+02
5.9658047077341e+04 3.4280893525110e+04 -5.7975190021106e+00
5.9005156216725e+04 3.4389248598841e+04 -2.9484503394258e+00
5.9005156216725e+04 3.4389248598841e+04 -2.9484503394258e+00
5.9783146480306e+04 3.3786285994614e+04 -6.7598608184126e+00
6.0318861817063e+04 3.3630802431204e+04 -1.0665957544470e+01
6.2120222711324e+04 3.3958152869637e+04 -4.4107131768742e+00
6.2120222711324e+04 3.3958152869637e+04 -4.4107131768742e+00
5.6304617424552e+04 3.4585032106476e+04 -1.7118679011226e+02
5.9844174449160e+04 3.4612027948063e+04 -4.5074079175358e-01
5.9844174449160e+04 3.4612027948063e+04 -4.5074079175358e-01
5.7134513840790e+04 3.4662402113783e+04 -1.7978382509190e+00
5.5348427683084e+04 3.4691682683830e+04 -4.5850338536425e+00
5.9531240146899e+04 3.4152636482146e+04 -2.3920861986586e+00
5.8721648178686e+04 3.4244442258817e+04 3.5613224879352e-01
5.8721648178686e+04 3.4244442258817e+04 3.5613224879352e-01
5.6522746549905e+04 3.3747576538647e+04 -2.5718433430706e+00
5.6263934739555e+04 3.4161588033370e+04 4.5903625884613e+00
5.6263934739555e+04 3.4161588033370e+04 4.5903625884613e+00
5.8412711109627e+04 3.4210572739247e+04 1.6547369682906e+00
5.5861779991318e+04 3.5151586623750e+04 9.2567950492134e+00
5.7492752840720e+04 3.4523898086871e+04 -6.9535523287081e-01
5.9298800005745e+04 3.4577951232135e+04 1.2510568851158e+00
5.9298800005745e+04 3.4577951232135e+04 1.2510568851158e+00
5.6751663146493e+04 3.4424494694668e+04 -1.6140781604374e+02
5.7723280061716e+04 3.4465563150419e+04 -5.4954020760887e+00
5.7723280061716e+04 3.4465563150419e+04 -5.4954020760887e+00
5.7703563691045e+04 3.4458239676965e+04 -4.9994234801636e+00
5.7703563691045e+04 3.4458239676965e+04 -4.9994234801636e+00
5.5074532115977e+04 3.4598506738083e+04 1.8866561029239e+01
5.6654351702591e+04 3.4213640082100e+04 -2.7583169467925e+00
5.3416133353542e+04 3.4575408879790e+04 -1.6007924506268e+02
5.7586798359307e+04 3.3892840449274e+04 -3.7588436798022e+00
5.8657320168304e+04 3.4159483278814e+04 -1.4833760853405e+01
5.8783814663728e+04 3.4425521191867e+04 4.1036145282630e+00
5.8783814663728e+04 3.4425521191867e+04 4.1036145282630e+00
5.2292226368742e+04 3.3588943871157e+04 1.7772896589981e+02
5.4828953178889e+04 3.3720946175714e+04 3.8564455105109e+00
4.5397257161952e+04 3.3962789146102e+04 -9.7264972381167e+00
4.5397257161952e+04 3.3962789146102e+04 -9.7264972381167e+00
4.7587252929273e+04 3.4105262187435e+04 -1.7720771696519e+02
4.7645141744616e+04 3.4150732307455e+04 1.7307510775853e+02
4.4172192076794e+04 3.3605251773905e+04 1.7465558855441e+02
4.4172192076794e+04 3.3605251773905e+04 1.7465558855441e+02
4.5300027373548e+04 3.3526591499280e+04 -3.4374380050528e+00
4.5638975708325e+04 3.3563348847698e+04 -5.7288233734774e-01
4.3301079526217e+04 3.3680133220214e+04 1.7496938381457e+02
4.4776423644926e+04 3.3580686014416e+04 -1.2355697284042e+01
4.4776423644926e+04 3.3580686014416e+04 -1.2355697284042e+01
4.3085381342285e+04 3.4063643226027e+04 -1.4502766149039e+01
4.2061509169674e+04 3.4199418781859e+04 -1.1087810626912e+02
4.2061509169674e+04 3.4199418781859e+04 -1.1087810626912e+02
3.7853336310472e+04 3.3787769760909e+04 1.6517321865510e+02
4.1054719007451e+04 3.3577078032287e+04 -1.9669351891447e+00
4.6500406916279e+04 3.2733919287916e+04 -1.3180614805491e+00
4.7548659743422e+04 3.3365691139856e+04 -1.1316127163907e+02
4.7548659743422e+04 3.3365691139856e+04 -1.1316127163907e+02
4.9527210980803e+04 3.3336443879661e+04 -4.1999325216880e+00
5.0848742423757e+04 3.3520399135055e+04 2.0858752820302e+00
5.0848742423757e+04 3.3520399135055e+04 2.0858752820302e+00
4.7107799131719e+04 3.4683036033272e+04 5.1521313833630e+00
4.8904772342337e+04 3.4409473381888e+04 1.2711698202882e+00
4.7445313861241e+04 3.4110561724866e+04 -1.1003817896434e+01
4.7445313861241e+04 3.4110561724866e+04 -1.1003817896434e+01
4.7888823164012e+04 3.4459280717504e+04 -5.4703374330477e+00
5.7034836303478e+04 3.3601154282104e+04 -5.6611385936758e+00
5.7034836303478e+04 3.3601154282104e+04 -5.6611385936758e+00
5.5071202935310e+04 3.3487255813517e+04 -8.5443920524757e+00
5.3687190629820e+04 3.3969239216576e+04 -1.7857072170509e+02
5.8021687843143e+04 3.3406720780760e+04 -1.7091377405845e+02
6.0042991386639e+04 3.3790923658685e+04 7.5748345896628e-02
6.0022348560772e+04 3.3799260701766e+04 1.8430430544342e+00
5.6304433936433e+04 3.4013331236433e+04 -1.5671665585642e+02
5.8394984054861e+04 3.3816284514320e+04 1.6608122908635e+02
5.3301597051932e+04 3.4239945438930e+04 1.2592217902980e+01
5.3301597051932e+04 3.4239945438930e+04 1.2592217902980e+01
5.3173266525007e+04 3.4086833140397e+04 2.7311066377416e+00
5.4571652510376e+04 3.3248953855191e+04 -5.1736376949656e+00
5.3906923399893e+04 3.3780541625201e+04 -2.6601398223463e-01
5.2815224807371e+04 3.3857996892820e+04 1.7720997560223e+02
5.5938074610577e+04 3.3777601446824e+04 2.7488666696906e-01
5.5513493241743e+04 3.3648889047392e+04 -1.1700420457722e+01
4.6925843265183e+04 3.2641972332187e+04 -3.8112385342574e+01
4.7086540233073e+04 3.4306029077348e+04 3.9037640861460e+00
4.6786910574479e+04 3.3658704998054e+04 3.1851107899242e+00
4.4792418618867e+04 3.3519230522788e+04 -1.7474522808017e+02
4.6692704754698e+04 3.3817982315042e+04 1.1202441948025e+01
4.9375253917363e+04 3.3726113902553e+04 -5.1793192775989e+00
4.9375253917363e+04 3.3726113902553e+04 -5.1793192775989e+00
4.7944062462517e+04 3.3773387019319e+04 -1.9923521658343e+01
4.5284929287145e+04 3.3383254609289e+04 1.2870689999908e+01
4.8073731500380e+04 3.3548221046703e+04 8.4224708844664e+00
5.0008682364902e+04 3.3528044354571e+04 1.9466037710406e-02
4.9265914700009e+04 3.3318650522781e+04 1.8385504494203e+00
4.7922377043595e+04 3.2956310805126e+04 -1.8152962311264e-01
4.8483379748532e+04 3.3134814357106e+04 -5.5478422087763e+00
4.3302473327115e+04 3.3898198915443e+04 -1.7857293755521e+02
4.6742147149627e+04 3.3990143632511e+04 1.6334520052061e+00
4.6171470792350e+04 3.3815131201579e+04 9.5920490129069e+00
4.6171470792350e+04 3.3815131201579e+04 9.5920490129069e+00
4.9588384590731e+04 3.3244074073693e+04 1.5912797637792e+01
4.5928261357265e+04 3.3186513076994e+04 -2.1982639881636e+00
4.4405278425384e+04 3.3547433367443e+04 -4.4019072922325e-02
4.6233416028011e+04 3.2835027654914e+04 -1.1319744724828e+01
6.0612755272321e+04 3.3324277767020e+04 -4.3808982891624e+00
6.0612755272321e+04 3.3324277767020e+04 -4.3808982891624e+00
6.0612755272321e+04 3.3324277767020e+04 -4.3808982891624e+00
6.1803384249023e+04 3.3302875246122e+04 -2.9945498201367e+00
5.9404375243995e+04 3.3532702384668e+04 9.5212210849628e+00
5.8476907521537e+04 3.3572930224251e+04 5.8492836685375e+00
5.4155461993132e+04 3.4139802267993e+04 3.2140267205863e-02
5.1300558820359e+04 3.3940863593934e+04 -1.7303602368541e+02
5.2371431171016e+04 3.3958849358636e+04 -1.6458499691360e+02
5.4899940654432e+04 3.4220857877739e+04 1.4902212213287e+02
5.7665455137137e+04 3.3962307441363e+04 -4.2087976974903e+00
5.7665455137137e+04 3.3962307441363e+04 -4.2087976974903e+00
5.5489162613989e+04 3.3305366004020e+04 -5.8906369536881e-01
5.2719476396591e+04 3.4451419657563e+04 -2.4792765333450e+00
5.2719476396591e+04 3.4451419657563e+04 -2.4792765333450e+00
5.6909002847287e+04 3.3630069558871e+04 -3.4936180771424e+00
4.1811878224878e+04 3.3008795887339e+04 -1.2253846854206e+01
4.5261582457090e+04 3.2942976303625e+04 -2.8593194067700e+00
4.2973936225427e+04 3.3047395036596e+04 -1.7909195955243e+02
4.9817315341131e+04 3.3704522424842e+04 -3.8715565274196e+00
4.9817315341131e+04 3.3704522424842e+04 -3.8715565274196e+00
4.9817315341131e+04 3.3704522424842e+04 -3.8715565274196e+00
4.8481270262129e+04 3.3957005123119e+04 3.7328292960832e+01
4.7369845036364e+04 3.3667161621359e+04 8.5815408061804e+01
4.7828094299767e+04 3.4392722824685e+04 1.7105768013049e+01
4.8682225269252e+04 3.4182340243183e+04 -1.9581379865836e+00
4.8456279135635e+04 3.3929603087036e+04 -6.3763611753584e+00
4.1154685782599e+04 3.2445096848543e+04 -1.7631015189320e+02
4.2499410342337e+04 3.2802366059121e+04 -6.3688124610808e+00
4.2127539785773e+04 3.2858499742389e+04 3.6511209814045e+00
4.3375231005056e+04 3.2804510033863e+04 -2.0940371429781e+00
6.0129564128573e+04 3.3555349314526e+04 2.4970120649904e-01
6.0129564128573e+04 3.3555349314526e+04 2.4970120649904e-01
6.1790122479876e+04 3.2351424319267e+04 -1.0019564458499e+01
5.6732020196658e+04 3.3685023559756e+04 -1.3693885771257e+00
5.6189644747698e+04 3.2728775509282e+04 -1.0428131942891e+01
5.5523844651024e+04 3.3528773532012e+04 -1.7673997232309e+01
5.2414521722901e+04 3.4643152610194e+04 1.6822120949208e+02
5.5499083015411e+04 3.5030783529271e+04 8.5956053643687e+00
5.4403023523647e+04 3.4234429725089e+04 -1.1022051261562e-01
5.3706165361694e+04 3.4350159352105e+04 -1.7503724289786e+02
5.3706165361694e+04 3.4350159352105e+04 -1.7503724289786e+02
5.7162630175716e+04 3.4148467900298e+04 2.8058681603972e+00
5.7162630175716e+04 3.4148467900298e+04 2.8058681603972e+00
5.4255663225597e+04 3.4099240127850e+04 1.7048602567544e+02
5.5717821242160e+04 3.4110695705944e+04 4.6328755120339e+00
5.6600885554640e+04 3.3607707945552e+04 -4.3396890682585e+00
5.6669985694338e+04 3.3491449352535e+04 -7.8894478184503e+00
5.4448187907573e+04 3.4029874987313e+04 1.4426332248558e+00
5.4448187907573e+04 3.4029874987313e+04 1.4426332248558e+00
5.2328388550787e+04 3.4388539989036e+04 1.7710480837174e+02
5.6428955943805e+04 3.4593472704984e+04 1.9060299571891e+00
5.6428955943805e+04 3.4593472704984e+04 1.9060299571891e+00
5.5097858702662e+04 3.4640179091303e+04 2.7147568926862e+01
5.5097858702662e+04 3.4640179091303e+04 2.7147568926862e+01
5.5256156490326e+04 3.3241703519534e+04 -4.9147903525746e+00
5.5198803964661e+04 3.3313601536141e+04 -1.1640509439001e+01
5.1723181300948e+04 3.4447356510978e+04 2.4642286496254e+00
5.0058419720210e+04 3.3619942220589e+04 5.8196645305444e+01
5.2118808749358e+04 3.3379613016855e+04 -5.0045923642366e+00
5.2118808749358e+04 3.3379613016855e+04 -5.0045923642366e+00
5.1243824351964e+04 3.3579243318081e+04 7.5651880439143e-01
5.4881793514939e+04 3.4002648274027e+04 -6.7710563463017e-01
5.4041844346495e+04 3.3738176171714e+04 -1.3985603841958e+01
5.0218275265000e+04 3.3431070920215e+04 -3.7670018242994e+00
5.0218275265000e+04 3.3431070920215e+04 -3.7670018242994e+00
5.0218275265000e+04 3.3431070920215e+04 -3.7670018242994e+00
5.5877764927464e+04 3.3555059025416e+04 -6.8438957941699e-01
5.5863274611967e+04 3.3311232885496e+04 -3.5386155023740e+00
5.5863274611967e+04 3.3311232885496e+04 -3.5386155023740e+00
5.6141735982085e+04 3.4397128203779e+04 -5.4599478790612e-01
5.6285174595355e+04 3.3724472336742e+04 3.5053091517272e-01
5.1114012070811e+04 3.3400865800629e+04 2.0491700119115e+00
5.0707866396029e+04 3.4533310240148e+04 -2.9126751546578e-01
5.0707866396029e+04 3.4533310240148e+04 -2.9126751546578e-01
4.8520137038821e+04 3.4481658513747e+04 -1.1118216567836e+01
4.8901026767706e+04 3.3456941459198e+04 -8.4465007802973e+01
4.8901026767706e+04 3.3456941459198e+04 -8.4465007802973e+01
5.0063928957674e+04 3.3515127909541e+04 -7.9577613398284e-01
4.4831955875941e+04 3.3490268820317e+04 1.7679316178978e+02
4.8007205735211e+04 3.3234420338997e+04 2.4455104831435e+00
4.2887621745222e+04 3.3924694003224e+04 -1.3999035173258e+00
4.3185772347051e+04 3.3970680029059e+04 5.6884311124099e-01
4.3185772347051e+04 3.3970680029059e+04 5.6884311124099e-01
4.5751970016663e+04 3.3299434602171e+04 -3.4724616615944e+00
4.5751970016663e+04 3.3299434602171e+04 -3.4724616615944e+00
4.4832097368902e+04 3.3155896782995e+04 1.7657780769240e+02
4.5685500147242e+04 3.2862219819716e+04 1.6408562499106e+02
4.7729701348890e+04 3.3201687016951e+04 -1.7895285781757e+02
4.8540122313787e+04 3.3019281438337e+04 1.7663853792647e+00
4.8458079649512e+04 3.3462853210939e+04 -7.3674070293834e-01
5.2253240024369e+04 3.4205221630076e+04 -7.2108089675616e-01
5.2253240024369e+04 3.4205221630076e+04 -7.2108089675616e-01
5.2233098557493e+04 3.4350350407016e+04 -1.3018968899101e+01
5.2444642206780e+04 3.4275730684108e+04 -1.4941144551807e+01
5.2444642206780e+04 3.4275730684108e+04 -1.4941144551807e+01
4.9888085168961e+04 3.4687721547862e+04 -1.7839703186959e+02
5.2494882232541e+04 3.4513584192935e+04 -4.8632190342582e+00
5.0811631086760e+04 3.3140360257209e+04 -6.2740274737308e+00
5.3452333827831e+04 3.4519405773569e+04 1.3181926713212e+00
5.3452333827831e+04 3.4519405773569e+04 1.3181926713212e+00
4.8553992954038e+04 3.3237412379740e+04 -1.7333462401627e+00
5.4282989938874e+04 3.4262293239048e+04 3.4475916366932e-01
5.4282989938874e+04 3.4262293239048e+04 3.4475916366932e-01
5.4775613922954e+04 3.4107953260103e+04 1.7991726796083e+00
5.1786615364403e+04 3.3998703839407e+04 -1.7094690220759e+02
5.4710834506858e+04 3.3761635253023e+04 -1.2222325668152e+02
5.5595931585450e+04 3.4149302056516e+04 7.6615387317015e+00
5.5595931585450e+04 3.4149302056516e+04 7.6615387317015e+00
5.2551825679722e+04 3.4652482431940e+04 6.0109227496084e+00
5.1084203662166e+04 3.4394117081581e+04 -1.0520204012314e+02
5.7465336095098e+04 3.2830719969237e+04 1.8686289529204e+00
5.8318951054404e+04 3.4498570094328e+04 -1.7818890422153e+01
5.9118439572589e+04 3.4616088963352e+04 1.7619872305426e+00
5.9118439572589e+04 3.4616088963352e+04 1.7619872305426e+00
5.8641280704404e+04 3.4240360559775e+04 -1.9769126756895e+01
5.5886663859458e+04 3.4563064764908e+04 -1.1518744658620e+02
5.6986762550249e+04 3.4083291197704e+04 -1.3236831370208e+00
5.6999305162781e+04 3.3290586057087e+04 -1.7594998815742e+02
5.6982619452853e+04 3.5972872417636e+04 1.7680212413662e+02
5.6307154618425e+04 3.4625061986778e+04 -1.7994707494312e+02
5.3889787170823e+04 3.4650968908207e+04 -1.5996380019782e+02
5.7204358028700e+04 3.3498774971465e+04 9.0263801367431e-01
5.6585921445584e+04 3.3906310333739e+04 -2.1958355061708e+00
5.6585921445584e+04 3.3906310333739e+04 -2.1958355061708e+00
5.6362180153500e+04 3.4116142705357e+04 1.7138610483603e+02
5.6362180153500e+04 3.4116142705357e+04 1.7138610483603e+02
5.7543193819926e+04 3.4165824001205e+04 -2.2750267771884e+00
5.6753347924552e+04 3.3816680214203e+04 -1.7984658985412e+02
5.4785952141657e+04 3.4084209241849e+04 -1.7223107914388e+02
5.4785952141657e+04 3.4084209241849e+04 -1.7223107914388e+02
5.5774708114522e+04 3.4274839506549e+04 1.3590151957106e+01
5.8360762168048e+04 3.3596438876674e+04 -8.9291717902454e-01
5.6971299239643e+04 3.4895408901170e+04 -5.3565509022858e+00
5.3486519614345e+04 3.3737505636302e+04 -1.5743184621712e+01
5.3774011041966e+04 3.3876906852233e+04 -7.0640904009363e+00
5.3421958953769e+04 3.3947387293195e+04 -1.9391907561569e+00
5.3421958953769e+04 3.3947387293195e+04 -1.9391907561569e+00
5.4396961880329e+04 3.3484761017240e+04 -1.5023749867340e+01
5.2893339052140e+04 3.4841160405721e+04 -9.5648496747494e-01
5.2893339052140e+04 3.4841160405721e+04 -9.5648496747494e-01
5.4705801736390e+04 3.3688523238136e+04 -6.5914799640779e+00
4.8362494544763e+04 3.3994952933448e+04 2.7688747129491e+01
4.8700180412421e+04 3.3950155040766e+04 1.1390058715156e+00
4.8700180412421e+04 3.3950155040766e+04 1.1390058715156e+00
4.7315687304520e+04 3.4231074584120e+04 1.7973295224479e+02
4.7315687304520e+04 3.4231074584120e+04 1.7973295224479e+02
4.8643950818469e+04 3.3853384691746e+04 -2.3231307512778e+00
5.0054846440448e+04 3.3181543356391e+04 -3.5561907447809e+00
5.2468222483288e+04 3.3842029271065e+04 7.8298437837003e-01
5.2362462509079e+04 3.3878743923399e+04 3.2999313827784e+00
5.2362462509079e+04 3.3878743923399e+04 3.2999313827784e+00
5.0024036985986e+04 3.3496388218889e+04 -1.4355228070538e+00
4.5224587958373e+04 3.3837801575941e+04 -1.9959574876498e+01
4.6909112538303e+04 3.3811567862518e+04 -4.9356199462054e+00
4.6909112538303e+04 3.3811567862518e+04 -4.9356199462054e+00
4.6833901182376e+04 3.4743097296539e+04 8.3041617058814e+00
4.8042168599615e+04 3.3519584931700e+04 8.5766878396278e+00
4.7822270675395e+04 3.3758952775746e+04 -8.9012935418821e+01
4.7504057954485e+04 3.3779476073132e+04 -1.6814421837870e+02
4.7504057954485e+04 3.3779476073132e+04 -1.6814421837870e+02
5.0192695868185e+04 3.3723456519602e+04 -7.1708141613696e+00
4.9003598769356e+04 3.3764145016906e+04 -1.9859722927459e+01
4.9462449479195e+04 3.3925290855453e+04 -3.7187527840102e-01
4.9462449479195e+04 3.3925290855453e+04 -3.7187527840102e-01
4.9919440861316e+04 3.4102598939269e+04 7.0844573863090e+00
4.6676104630877e+04 3.3938751325764e+04 1.7997184639830e+02
4.6676104630877e+04 3.3938751325764e+04 1.7997184639830e+02
5.4396761553913e+04 3.3462759006520e+04 -1.6530452143013e+00
5.2745863065182e+04 3.4050509052131e+04 7.0413758348727e+00
5.2745863065182e+04 3.4050509052131e+04 7.0413758348727e+00
5.3015604406414e+04 3.4094814536589e+04 7.6264213250596e+00
5.2284607418733e+04 3.3989252606623e+04 2.2843956413731e+00
5.2284607418733e+04 3.3989252606623e+04 2.2843956413731e+00
4.8795163093052e+04 3.4414343642352e+04 4.7652475959470e+00
5.4314935213346e+04 3.3084648999572e+04 9.2169716573786e+00
5.2038220156415e+04 3.4030292593930e+04 8.4683005407354e-01
5.2038220156415e+04 3.4030292593930e+04 8.4683005407354e-01
4.8891078332285e+04 3.4062455612672e+04 -1.1005987904085e+02
4.9209143833620e+04 3.3195391309245e+04 1.1482530601915e+02
5.3082507664788e+04 3.3925764025688e+04 3.7593663718975e+01
4.9576487640393e+04 3.3256597400134e+04 1.6305245745896e+02
5.2725225891008e+04 3.3186766797696e+04 -3.6359618296506e+00
5.2725225891008e+04 3.3186766797696e+04 -3.6359618296506e+00
5.1643829880096e+04 3.4112892559919e+04 -4.7580310592483e+00
5.1643829880096e+04 3.4112892559919e+04 -4.7580310592483e+00
5.1643829880096e+04 3.4112892559919e+04 -4.7580310592483e+00
5.0113117004415e+04 3.4454300219722e+04 1.8373948092397e+00
5.0113117004415e+04 3.4454300219722e+04 1.8373948092397e+00
4.7820615011727e+04 3.3749541840001e+04 -2.5365943217722e+00
5.1241617539372e+04 3.4164909948707e+04 -1.1034456623301e+00
4.7189440091278e+04 3.4634047597598e+04 -1.2900677946643e+02
4.4881499097972e+04 3.3301567602729e+04 1.7432225489080e+02
4.3736606634732e+04 3.2997196285220e+04 -1.7025731026557e+02
4.5126249667990e+04 3.3682044357486e+04 1.4256056770298e+02
4.4195786788951e+04 3.3610990743242e+04 1.7868278409999e+02
4.6097643271708e+04 3.3614558073976e+04 3.3024893097797e+00
4.4221206627937e+04 3.3545640999674e+04 6.1346473602862e-01
5.1124260121043e+04 3.3464813905078e+04 8.7587066249817e-02
5.1971298891210e+04 3.3446076967041e+04 -3.5946094482567e-01
4.9060760636051e+04 3.4070281519228e+04 4.4005234218580e+00
4.9060760636051e+04 3.4070281519228e+04 4.4005234218580e+00
4.5868562172085e+04 3.2815662133497e+04 -2.5884618226042e+01
4.2134815076364e+04 3.4829541469142e+04 -1.6991688384575e+02
5.4953924778987e+04 3.3798905821106e+04 -1.0736559372508e+01
5.0267639480051e+04 3.3951469691101e+04 1.7949471450072e+02
4.7160694104307e+04 3.3713505932143e+04 1.2922941246122e+02
4.5847999111352e+04 3.2659173150542e+04 1.7913198744273e+02
4.8802353045457e+04 3.3620608664891e+04 4.1722684239859e+00
4.6346634810072e+04 3.3539019844889e+04 1.7997836800351e+02
