-1.2646602405053e+02 7.5910458991773e+03 9.0933420258191e+01
2.5538910174433e+02 7.6425545904614e+03 8.8062913927026e+01
1.0619586180645e+02 8.8834117099436e+03 9.1559354248053e+01
-3.2194965723350e+02 1.1282164783268e+04 -8.2033211084783e+01
1.4837592142083e+01 7.6361736689783e+03 8.9345978340961e+01
4.7392496729249e+01 8.4241085958439e+03 9.2022696990429e+01
5.1202726793268e+02 3.9033593913207e+03 9.7697361233480e+01
1.3947084633017e+02 7.9281908560552e+03 8.0919017271695e+01
-9.4604088476930e+01 7.4850748020689e+03 9.0884647099548e+01
-5.7117209917959e+01 5.8323809400871e+03 9.3538796568759e+01
1.1489397318168e+02 3.8670998559747e+03 -9.6032220871672e+01
4.1556065990617e+02 5.2308482463166e+03 9.5300864618345e+01
1.0066873413469e+02 7.3753059665746e+03 8.9678690001473e+01
-1.2221270558696e+02 6.6322573042933e+03 8.9215187499478e+01
-4.2271938724800e+01 7.2583006867305e+03 9.1645683981420e+01
-1.1290191564253e+02 5.7476382628449e+03 8.9286869632534e+01
9.6002925987716e+01 8.6844143843207e+03 8.9703832472258e+01
6.1240227525534e+01 2.7799097162537e+03 -9.3312895043913e+01
1.2763109639833e+02 8.2702942365559e+03 9.4234376850216e+01
1.5079689407262e+02 4.8798661316159e+03 8.1969496740772e+01
2.1867872381957e+01 6.0396295283475e+03 9.0485278972673e+01
3.4462586178641e+02 3.7576826474029e+03 9.4543265906170e+01
-1.1188456613823e+02 8.1038811948878e+03 8.9568718289640e+01
-4.2192441260163e+01 7.8139727869571e+03 8.8503032681605e+01
1.1064385767632e+02 7.8271397756945e+03 8.8951980159574e+01
1.5721578472597e+02 6.1105030760442e+03 9.1001290749445e+01
1.5490474905807e+02 8.8817503677489e+03 9.0135535577865e+01
-1.3932580259680e+02 4.7485483082934e+03 9.3309558204776e+01
-4.1233858518976e+01 8.0874410015023e+03 9.0988581310883e+01
-1.3557957923576e+02 1.0219747950503e+04 9.1653535375149e+01
-5.1464415566128e+01 4.6768823439706e+03 9.3769282631775e+01
3.1878623414330e+02 5.1074810550997e+03 8.3636364980258e+01
3.4366485592967e+00 4.8978692793256e+03 9.0320532871016e+01
9.3222056906820e+01 8.3674333186529e+03 9.1058971959569e+01
-1.2255148085249e+02 8.3315492612190e+03 9.2061393477149e+01
-7.7053946773675e+01 4.8904713960517e+03 9.0423317930197e+01
-1.5592127201805e+02 5.3940933505629e+03 9.0789876578436e+01
-5.6310495001906e+01 6.9865532680607e+03 -9.0100700652389e+01
1.7147293687498e+02 6.9560102379276e+03 8.9940144347733e+01
-4.2880312222699e+00 7.5663136324041e+03 8.4873644556134e+01
-1.1615438704620e+01 7.3321241447256e+03 8.4518706913613e+01
-1.7760721050734e+01 7.1792389549065e+03 8.9333908577481e+01
2.2776522887700e+01 1.0807878743407e+04 9.1202201511665e+01
1.2870487813061e+02 7.6481089672550e+03 9.0140896549276e+01
1.9680271344327e+02 7.1919403623478e+03 8.6212295442830e+01
-3.7407640166626e+01 6.3747418392903e+03 9.0839568631317e+01
-5.6224270848701e+01 8.2955169964466e+03 8.9266489606165e+01
1.0614688364685e+02 6.3028709490296e+03 9.1066798640453e+01
1.4366789268907e+02 4.9834824989098e+03 -9.7725419760488e+01
3.1384866251592e+02 6.9359633660969e+03 8.7867607255925e+01
-7.2524956896201e+01 8.8502080614552e+03 9.1376030632297e+01
-5.4501667533820e+01 7.0531062290598e+03 -8.6767130896404e+01
1.6630312201746e+02 9.2407826232548e+03 9.1079798925058e+01
2.1340099122386e+02 8.3672239158157e+03 9.0550549344579e+01
-2.5097987416998e+01 4.6819346583157e+03 8.9221104717632e+01
-4.9734845773443e+01 3.9161999185007e+03 9.0256959325979e+01
3.8993869278753e+02 9.8728410317759e+03 9.0290430592970e+01
-1.6221621381002e+02 7.6808545885091e+03 9.3458052061953e+01
9.7746172730698e+01 4.9907803341422e+03 8.6524340405642e+01
-4.0151411034671e+01 6.8987943437428e+03 8.8238003673166e+01
-3.6184949771169e+01 6.6347119233397e+03 3.1305856062588e+01
2.7755952471232e+00 9.5290841200096e+03 9.2777611374953e+01
4.5547053173478e+02 9.0640036409507e+03 8.9742077552988e+01
-4.8250336635849e+01 6.7975233776211e+03 8.8969494616170e+01
3.5738212177701e+02 4.5849353513101e+03 9.2080509823000e+01
1.9822549058097e+02 7.5149619352553e+03 8.8265883256048e+01
1.3594044034133e+02 7.4055498513067e+03 9.6019221646139e+01
-2.6177731634973e+02 8.1060703019417e+03 8.9205308392653e+01
3.6736619154957e+02 4.3545855961382e+03 9.1808054922639e+01
-6.1304128048125e+01 6.2378116204150e+03 9.3460991814510e+01
2.6123636922308e+02 5.3472918854153e+03 9.3046170794940e+01
7.0638022109010e+01 5.7125354560920e+03 8.4108523576209e+01
2.9620435150855e+02 5.5660117631750e+03 9.1478673086106e+01
2.7806060184046e+01 9.7770144774088e+03 8.9778741652545e+01
5.0357811358682e+01 1.0700753045842e+04 9.0772874125510e+01
3.0836959244224e+02 6.9724507838918e+03 9.1404545557100e+01
2.7363429318341e+02 6.2358019919425e+03 9.0633899793072e+01
1.5351793722376e+02 3.5487505318244e+03 9.9795439709536e+01
-3.6415583021477e+01 7.7238564957219e+03 9.1467843181038e+01
-1.6404369517986e+02 4.3254174563974e+03 8.5980162570475e+01
-1.3429409116437e+02 5.8070162482767e+03 8.8594016113246e+01
1.7646331580238e+02 7.8346010550728e+03 9.1225136453868e+01
-8.7892495841622e+01 6.3627044272277e+03 9.0531183269875e+01
4.0228410901098e+02 8.5056341290545e+03 9.4543496045732e+01
1.3149907442738e+01 6.1048604223746e+03 6.7446906875037e+01
-2.2928009360351e+02 7.2186189045391e+03 8.9217178043058e+01
1.9794824248013e+01 7.0145743420501e+03 9.5573918301954e+01
-1.0186617528861e+02 9.3009375456155e+03 8.9505582182140e+01
1.5771206229947e+02 7.5914034913602e+03 8.9467321855622e+01
2.6227013595108e+02 5.3812655006420e+03 9.5130284994993e+01
8.9234012283118e+01 9.7779639245968e+03 9.0219389465267e+01
-2.8313362478339e+01 9.3903184993731e+03 9.0121491396909e+01
-9.6119149541317e+01 8.3732929162417e+03 9.0657217137519e+01
-9.6115940800151e+01 6.8576259899952e+03 9.1795909655176e+01
-1.1999319109748e+02 5.2171761979631e+03 8.9411386295981e+01
-1.2582803572330e+01 5.2196921289148e+03 9.3250315485740e+01
-8.8377085207913e+01 1.1732137594144e+04 9.2055112011138e+01
1.8065414224704e+02 8.7010814006207e+03 8.7295142436049e+01
5.7564086902249e+01 7.0730324801941e+03 8.9745402835500e+01
-1.8306181952058e+02 7.4489740835869e+03 8.8531881819429e+01
-6.0877041589070e+01 6.6043972825878e+03 8.9189915536205e+01
-1.1438459064769e+02 3.6069944713981e+03 -9.2894455427662e+01
3.7273123267670e+02 7.3629394962051e+03 8.0301641377715e+01
2.7680863169257e+02 6.4780645940580e+03 8.8940577395883e+01
2.6502153619870e+02 7.0597248474182e+03 -8.2021304780200e+01
2.1074512670399e+02 8.8480519735905e+03 8.7483337275050e+01
2.8264691323842e+01 5.1206911847606e+03 8.9385314146929e+01
-1.3551376516037e+01 7.3516623922971e+03 -1.8599306036619e+01
1.1544846473660e+02 7.7557758051056e+03 1.0673491672432e+02
1.3817762934659e+02 5.6189069530767e+03 9.0759737298679e+01
1.1847408478261e+02 3.2120248583389e+03 9.3752134828533e+01
-5.9192404110315e+01 6.1949165144411e+03 9.1858564123177e+01
-1.0321844502984e+01 6.4067710103615e+03 9.3890178664088e+01
6.3216423149610e+01 7.2593488801002e+03 8.9313606080581e+01
-9.5305824650538e+01 8.3945485375298e+03 9.1853991922470e+01
-2.2348713178502e+02 5.5826649102201e+03 -6.2206694832863e+01
1.8393483356842e+02 5.4201083251634e+03 -8.8407580387398e+01
-1.8338939198362e+02 6.5168722229860e+03 9.0473052221172e+01
-1.5100098427040e+02 9.6319984785122e+03 9.1581836005630e+01
-2.9449776484252e+02 7.4101178788351e+03 9.0885371256250e+01
-3.9494856819140e+01 8.5515795489808e+03 8.8270485719364e+01
2.0481685162833e+02 5.6399662685415e+03 9.0747843569382e+01
3.4242045425037e+02 5.1826893750785e+03 8.8966579172261e+01
-6.9459244963345e+01 3.2191835269133e+03 -8.9808143869413e+01
1.6644247477314e+00 8.0434620877318e+03 9.1470662673194e+01
-7.1809476460976e+00 3.2248063276498e+03 8.6476515499106e+01
-1.1464705184752e+02 7.9083686766862e+03 9.0449561544410e+01
2.5826258957574e+02 6.3354649249659e+03 9.3180052156521e+01
1.5147649772284e+00 5.4118095441142e+03 8.8945817697311e+01
-9.9323217665217e+01 3.7161202426378e+03 9.1285883949165e+01
-6.1349348548936e+01 6.0865848782256e+03 9.0887317692462e+01
1.1149627234968e+02 4.5009376095363e+03 9.1428628692566e+01
1.0661322823660e+02 7.5916798163354e+03 9.0546682877331e+01
2.4638917759401e+02 8.7702959633668e+03 9.1396677453956e+01
1.0822222961202e+02 7.4519131988303e+03 8.9389747157359e+01
3.5214329643946e+02 5.7660488983643e+03 9.0344914732610e+01
-1.3509353291273e+02 5.0102404062030e+03 9.0171269668894e+01
-1.7254208515903e+01 6.6433226707262e+03 9.1552625648221e+01
-6.0013911315967e+01 7.6203927639607e+03 1.2054328538341e+02
2.8880688188778e+02 8.1168865206360e+03 9.7830354933135e+01
2.4135631185477e+02 8.3171552412803e+03 9.1308321338931e+01
2.3481259538310e+01 6.1380126444102e+03 -8.5669629287857e+01
-3.2128183000706e+02 6.6497778357262e+03 9.2979785883306e+01
2.2524204626103e+01 1.0427484204549e+04 8.8673412434264e+01
-2.3952461519215e+01 6.0871211947644e+03 8.9400333282512e+01
1.3483474682219e+02 6.7101846734219e+03 9.4528919800958e+01
2.6264728552344e+02 5.1908216990309e+03 9.3492078161149e+01
1.6855245341417e+02 7.0102398371998e+03 9.1082870898677e+01
2.4802366719656e+02 5.0422129579643e+03 -9.6975187565308e+01
-1.8050531880950e+02 7.2566045862197e+03 8.9556869612824e+01
1.2543864213510e+02 7.6070795882612e+03 -8.1714221871678e+01
-3.1269092821304e+00 7.8611793036395e+03 9.1510441834641e+01
5.9931087175200e+01 7.7879283043470e+03 9.1152513321213e+01
3.9183789521837e+01 7.4751635404781e+03 8.7675659022741e+01
1.0423996256501e+01 5.8310572921569e+03 9.1867763096282e+01
-1.8591087081878e+02 6.0209380329467e+03 9.8170476747711e+01
1.7835467760330e+02 7.0140344078085e+03 -9.4595178494169e+01
9.6820780024775e+01 8.0032829097348e+03 -9.9711901419203e+01
-1.2271939395158e+02 6.9717599530041e+03 8.9956453441359e+01
4.2744371043678e+01 8.5415423057173e+03 1.1320256498459e+02
-1.5599104989904e+02 8.2445272447941e+03 9.0923782812212e+01
1.1785847216266e+00 6.9044582596611e+03 9.2275321948176e+01
2.1179685088392e+02 7.5259360052405e+03 9.0866703640765e+01
1.4535047149729e+02 5.6637702155908e+03 -1.0347657312343e+02
4.3474963725498e+01 6.3950372456336e+03 9.9547857824133e+01
-9.1242994559506e+01 6.9339276351930e+03 9.5987643568003e+01
1.2669139481251e+02 8.2807076027805e+03 8.8840890418205e+01
1.0352955319528e+02 6.4405680021078e+03 8.9355478895314e+01
-3.4881948345122e+02 9.2793979660975e+03 9.1249211938936e+01
2.2550337580509e+02 3.0170999597844e+03 9.1187563818254e+01
7.0733953918654e+01 5.6872437674391e+03 9.1691445422831e+01
-1.7628946385194e+02 1.0130019234397e+04 8.8009037131012e+01
1.7286338548707e+02 5.1888195720707e+03 -9.0669206292120e+01
7.8221763787820e+01 8.8160304796210e+03 9.2971375649651e+01
8.7618917647840e+01 1.0619476711253e+04 9.0835859367768e+01
-5.4727808526198e+01 8.9500914379983e+03 9.0104850939325e+01
3.7535555885782e+01 6.9932058451790e+03 8.6685771777279e+01
-5.8237256959947e+01 8.4135308185843e+03 8.9433782302449e+01
2.8397702031564e+02 5.9915119242861e+03 1.0126817986655e+02
-2.6757594538790e+02 6.7931308497844e+03 9.0183971194115e+01
1.1946412448054e+01 7.1784191768609e+03 1.3373396173780e+02
-1.1127978129722e+02 6.8783995938465e+03 9.2635516018986e+01
3.1536665716859e+01 7.0960333985649e+03 9.0992257783219e+01
-4.7418929709203e+01 7.5699592915915e+03 9.0974094397109e+01
-7.0124445551385e+01 1.0947891473130e+04 9.0189859817973e+01
3.6094292797714e+01 5.6764337814757e+03 9.3214376484293e+01
3.2640627988119e+02 7.3964577018591e+03 9.1104905023140e+01
1.8572032253593e+02 8.1700538244557e+03 8.9550668124847e+01
4.6202069368727e+01 8.5432830199292e+03 9.0471224307474e+01
2.7371190873695e+01 6.0357527010034e+03 1.0030877583864e+02
-6.6940964102928e+01 5.2406435953471e+03 8.8159410811659e+01
-7.4627779894796e+01 8.2153855113497e+03 9.2134993242384e+01
5.6635884753270e+01 7.8922720116130e+03 8.6809948917537e+01
-1.6041710551246e+02 7.3730715420456e+03 8.9681488033671e+01
3.2538987371551e+02 5.7722351531589e+03 9.0056430475840e+01
2.6248093966635e+02 3.9500417752892e+03 9.0181457311924e+01
5.4977395617264e+02 7.9041510182122e+03 8.9495984259424e+01
3.2328029546439e+01 8.8689659159209e+03 9.3446763355287e+01
1.6430213673752e+02 7.8459989056709e+03 8.9907906532054e+01
4.0996209657174e+02 5.8869513594037e+03 -9.1487376041977e+01
-1.6764836753294e+02 8.7852850412438e+03 9.8005486406527e+01
-7.5464507962171e+01 1.0575211910764e+04 8.9828926034091e+01
1.9738925691261e+02 7.6323594506598e+03 8.9182816298115e+01
-2.5320218964998e+02 4.6251151399474e+03 9.6088658068503e+01
-6.1228923269696e+01 3.8111623036047e+03 8.6304002048756e+01
-3.0761924106187e+01 4.9226037377151e+03 8.9195775169553e+01
6.4957120525916e+01 3.0846036723776e+03 -8.5490858287563e+01
4.4108476299960e+02 6.6921038192344e+03 1.0354924456641e+02
-9.1365718028048e+01 7.2776007441700e+03 8.9975679346498e+01
-9.1845823143228e+01 3.9293966390346e+03 -9.0390227560373e+01
2.2555022978819e+01 4.3302555062273e+03 9.3066270091676e+01
1.8601370331242e+00 8.0174101720311e+03 9.1652209477851e+01
-1.4175460305096e+02 8.1821876676297e+03 9.0134321511762e+01
4.4917350005087e+01 7.8388716243164e+03 -1.2584401927944e+02
5.3868965445796e+01 4.5019624341714e+03 8.9071647964525e+01
2.9660655262704e+02 2.6837163975684e+03 9.0128079089956e+01
1.6080735246828e+02 5.8089078824708e+03 9.5683477427872e+01
2.2399401743547e+02 8.1861818587810e+03 9.1352754463206e+01
2.4012874474978e+02 3.0761836765490e+03 -9.8563125647248e+01
-1.4507038160766e+01 4.9381768696478e+03 -8.6867709939273e+01
2.8232747531915e+02 6.4194830664217e+03 -8.6123518238875e+01
-1.4450014637392e+02 4.1836636572191e+03 8.8694488709276e+01
7.0893135393258e+02 4.1639388587426e+03 8.8749425505820e+01
6.7832542354009e+01 7.9572742612473e+03 9.0748070097402e+01
-8.0120303206370e+00 9.1799043087635e+03 8.8953188197789e+01
-2.0866680353301e+02 9.2989047979397e+03 -9.0029965102669e+01
-1.8858434979613e+02 5.9850646677675e+03 9.0618803199435e+01
8.7461983174602e+01 5.5111022288975e+03 9.7950555669602e+01
1.8407831163875e+02 4.8683871463814e+03 9.3424621729186e+01
1.9709681386758e+02 8.9318989744553e+03 8.9490840970632e+01
6.3264677662112e+01 6.1842754669725e+03 8.9403605232374e+01
-1.7129458942819e+02 5.1904417386102e+03 8.9749483836385e+01
1.2557314066253e+02 7.7418897481065e+03 -8.6262324952215e+01
-8.0684713998966e+01 8.6625099584916e+03 9.0621076781680e+01
1.1545528106752e+02 5.8006361531958e+03 9.1092330783496e+01
1.2661932201028e+02 6.1143037953474e+03 -8.9725871466286e+01
2.6495973240994e+02 2.6870969794010e+03 9.0018011597844e+01
3.8803106580018e+02 2.8000639459584e+03 -9.2661484704278e+01
8.1889262982743e+01 8.0053397866291e+03 -8.5546913720568e+01
-1.9503734259859e+01 7.5569975087538e+03 -9.3713154131396e+01
-3.2527825798008e+00 7.0949860315103e+03 9.2463238491113e+01
2.6833339199298e+02 6.4009288205099e+03 8.5519516983899e+01
-8.5655755897983e+01 1.0009593486395e+04 9.1167892089397e+01
-1.3298812271878e+02 9.3632490801824e+03 9.1517075417289e+01
-6.8295957522817e+01 7.2650344658472e+03 9.2855663436894e+01
8.9899332096454e+00 5.0172456748630e+03 7.8212082980352e+01
1.8608561793433e+02 4.4501053614305e+03 8.9739681251430e+01
1.4371985157267e+02 6.7408844456610e+03 -8.9251756285558e+01
-2.8991357359508e+02 6.6890019450784e+03 -8.0763053100961e+01
2.9840363042213e+01 6.6986881197987e+03 8.9992242977652e+01
1.2354866060352e+02 3.7700487165160e+03 8.8613160012681e+01
-1.8227508346458e+02 8.8543584748256e+03 9.1914841366927e+01
1.0953650992346e+01 6.3840246893676e+03 8.6346085527548e+01
-6.1281966694214e+01 3.4889894286848e+03 8.9229720510381e+01
-2.6469479754382e+02 7.2405015045256e+03 9.6995329938837e+01
1.3466219022878e+02 3.9198249056669e+03 9.1288908617009e+01
7.8698888930028e+01 3.9976224891575e+03 9.0341138560851e+01
1.2340635244977e+01 3.8174105315440e+03 9.6560233171193e+01
-1.0406705169753e+02 8.4718242230152e+03 9.1235047674414e+01
1.5369241154785e+02 4.0055944533403e+03 9.1535910875355e+01
4.2973405059692e+02 7.8553895689093e+03 8.8066656112095e+01
2.8675519446660e+01 7.0495275805169e+03 -8.5660925590024e+01
-1.2536871658944e+02 9.2898459200770e+03 9.0513687538274e+01
-1.8993106348816e+02 1.2669842773775e+04 8.9752389853601e+01
-2.6605366415943e+01 6.7400968774597e+03 9.1424740853178e+01
2.4815918571048e+01 5.3904046431171e+03 9.0621081398860e+01
1.9440199977020e+02 4.6447549851186e+03 -8.5148053039811e+01
-2.1268141883426e+02 8.5638029903094e+03 -8.7333684593886e+01
1.3093867553288e+02 7.3613170845165e+03 -1.0046511347606e+02
1.4916612412434e+02 9.9618889968745e+03 9.0239956368156e+01
2.3961523218400e+02 6.5000343737240e+03 9.3439758476881e+01
-1.5438303876120e+02 8.4161458843113e+03 8.8796756208016e+01
6.6940519381964e+01 6.6935754126626e+03 9.0831316773677e+01
-1.8597525212287e+02 6.9912985130184e+03 9.0168973540803e+01
1.7814020137613e+02 6.6478919778324e+03 9.1665770226972e+01
-3.6742781465616e+02 7.9125131137490e+03 9.0386245519403e+01
-4.1022648386664e+01 7.8568644373510e+03 9.2128701001564e+01
3.3788041842355e+01 4.0392748294763e+03 9.0672565587830e+01
2.9458687677834e+02 4.7700310221880e+03 8.9610334980693e+01
2.0237408445256e+02 8.5886548269192e+03 9.1212424019131e+01
-3.8691471953000e+01 5.5996879477096e+03 9.1873399618941e+01
4.6188412341107e+02 6.3254994222301e+03 9.0441072737258e+01
3.4492192433367e+02 6.0463410432927e+03 9.0218444515523e+01
1.8590467590000e+02 9.0404171906415e+03 9.1879710706592e+01
8.4519159229857e+01 4.8365817315186e+03 8.9334224188457e+01
1.7782266414498e+02 7.6553741474040e+03 9.1671568284008e+01
-2.3851558283840e+02 6.1743102689905e+03 8.3404889079226e+01
4.3609479783793e+01 7.8886422243192e+03 9.4326091234542e+01
-1.9045931976714e+02 9.2633958554753e+03 9.0748298547446e+01
1.2188117907189e+02 6.0975984865194e+03 9.1160429074944e+01
-3.9454699163694e+01 6.4180871625437e+03 -7.7122588581942e+01
-9.0112920414710e-01 5.4466460109296e+03 9.1264083050992e+01
2.4298025418939e+02 4.5639727200562e+03 8.8600727039726e+01
2.8416864035516e+02 6.0546730775021e+03 5.3793153966657e+01
-1.8700250275569e+02 6.1996671372031e+03 9.2536781130521e+01
-9.4342021648776e+01 1.0481316678836e+03 9.1156970443589e+01
-7.4182969894292e+01 3.3873027689999e+03 9.0807482330717e+01
-2.4556214341424e+02 6.0929480091199e+03 -9.1600340968785e+01
-7.2061623756475e+00 5.5299458971693e+03 9.0744524555774e+01
2.0359493935064e+02 6.9771637555653e+03 9.3004491811308e+01
-1.4150592849455e+02 6.4713604674746e+03 -8.9208990056258e+01
-4.2906776353757e+01 4.6013839856659e+03 9.0294721456991e+01
-1.1252852710938e+02 6.0781516941820e+03 8.9818579014129e+01
-1.3131086923745e+02 7.4301212320148e+03 8.9700074614184e+01
1.9449075403284e+01 7.1580357438447e+03 9.1080656085652e+01
-3.2787872817639e+02 8.8124642653680e+03 9.2337579443431e+01
-1.0350815431543e+02 6.4147667761388e+03 8.8422496041489e+01
9.2477203996059e+01 6.5052981628162e+03 9.2486936599103e+01
5.4098477457826e+01 6.3355775648951e+03 -1.1355668263780e+02
2.4717260328538e+02 6.2143546043493e+03 9.0043053455311e+01
1.4722300947921e+02 8.3375466264149e+03 9.6752232612984e+01
9.4581274460228e+01 6.8079539956434e+03 9.1809298992312e+01
1.3752883278779e+02 7.8560743034049e+03 8.9612861960092e+01
-1.8227818537207e+02 7.8485690567600e+03 9.2817730914120e+01
4.3530086816986e+01 5.1043230535099e+03 -9.1492199675707e+01
2.1121045607779e+02 5.3876102781412e+03 8.7193879386366e+01
-8.8969430361206e-01 7.6580077365118e+03 8.8950494000840e+01
5.0391367155648e+01 6.4527888796205e+03 9.0201668212188e+01
1.9583181154604e+02 5.4917139402710e+03 -9.4315846409016e+01
-4.6693921002751e+02 7.9763786781834e+03 9.3023697879572e+01
2.8839739757799e+02 4.7835687488102e+03 -8.7763366678794e+01
2.2759268903545e+01 9.1372789593300e+03 8.8754484232826e+01
1.4874069457635e+01 3.7003740526096e+03 8.9877452801631e+01
1.6183292988872e+02 6.2712622849094e+03 9.0538755627735e+01
1.1512906126865e+02 3.8448418138170e+03 -8.8964389133198e+01
-3.7269555617201e+02 6.9581146850922e+03 9.3749265402414e+01
1.1859803881173e+01 7.5030502952183e+03 8.9694956124663e+01
9.7248253491963e+01 4.1777543325308e+03 9.3553304489114e+01
-1.1239835373777e+02 6.7782982350217e+03 9.1156578533762e+01
9.2360912359926e+01 4.9138513704512e+03 9.1554708813731e+01
-9.3924369887790e+01 2.8845016330322e+03 9.1475759752780e+01
1.9405228324773e+02 6.8962398430074e+03 8.9186199510712e+01
-1.6825854499323e+02 7.8788305064038e+03 9.0152759719997e+01
1.4113576241283e+02 9.1006528935078e+03 8.8739602217980e+01
1.1519508748472e+02 7.6903802635761e+03 8.9821188392919e+01
9.7235116131737e+01 6.3513134551072e+03 8.8515758017774e+01
-3.0792028084720e+02 7.0921023736732e+03 9.0043887442135e+01
-5.9804751545324e+01 6.6175366544480e+03 9.0606202054219e+01
2.6293144465960e+02 7.6141833742534e+03 9.1223158400232e+01
8.2699394508229e+01 7.4107968941132e+03 9.1448874757301e+01
-2.0926660651749e+02 7.1984613739043e+03 9.1771398899844e+01
-1.2449857565342e+02 7.2691634733981e+03 9.0273276087211e+01
1.6786634519674e+02 4.8826332971816e+03 9.1266867369516e+01
2.0932977372821e+02 6.9247294666470e+03 9.0270724889508e+01
5.1766564002015e+01 4.9192446263879e+03 -9.1400612331914e+01
-4.4430642611762e+01 6.6185235186963e+03 8.6933255117094e+01
-8.1944760833540e+01 6.5787347006861e+03 9.2364082314721e+01
-2.3180890975024e+02 9.0921988289044e+03 5.8873534754722e+01
2.3028456013664e+02 5.3243046422428e+03 -9.0498441272375e+01
2.4700608152160e+02 8.6806204754915e+03 8.9964306289054e+01
3.5000165373086e+02 5.3608240228933e+03 8.8315288371627e+01
-2.6804515380154e+01 7.1633864308965e+03 9.0152130126454e+01
2.9159629633871e+01 7.7861473835917e+03 8.7117465372804e+01
1.2534456348816e+02 8.9128409299084e+03 8.9480015313344e+01
3.9626653914941e+02 1.0620731164956e+04 8.9888136643093e+01
-9.3781481841054e+01 6.4341804071195e+03 9.4751757471415e+01
-1.5567694530559e+01 4.5526254885346e+03 9.2233146868165e+01
1.1654550517496e+02 6.8628697924952e+03 8.8760964960120e+01
1.4168265313356e+02 5.8666238800244e+03 8.8446217235618e+01
9.5899248720326e+01 6.9872022437233e+03 9.1054795160458e+01
-1.4145111804383e+02 5.5348919455541e+03 9.0938890698422e+01
-5.1304671966474e+01 6.0818196157461e+03 -1.6040685143642e+02
-3.7857577889009e+01 2.6798843116838e+03 9.4270538336240e+01
2.3313329377807e+01 7.1187036033762e+03 9.4133594769555e+01
-1.4907319558166e+01 6.4578282936375e+03 -6.7021183325361e+01
2.5340917036107e+02 7.2378999820491e+03 9.1045039882397e+01
-1.7087025423549e+02 7.0920779197941e+03 8.9187097641404e+01
-2.0125246583191e+02 6.4114154249492e+03 -9.2933477667217e+01
3.0986836085147e+02 6.3324440696400e+03 8.9004086200496e+01
1.4229660063279e+02 8.2334276996574e+03 8.9956223269373e+01
-6.7729134325835e+01 9.4836752177971e+03 9.0208053509374e+01
1.2395515766402e+02 7.7887076836285e+03 9.7927603306750e+01
-2.7171229399247e+01 4.4843661976299e+03 8.9478764357430e+01
4.5998919789724e+02 5.4055053250063e+03 9.1912618791201e+01
3.4800491663065e+02 3.6944577009949e+03 -8.9199632987716e+01
2.3957953987993e+01 5.9672420963618e+03 -8.9644573831592e+01
1.0402532928941e+02 5.2570103239328e+03 9.2725351340405e+01
-1.3948609573988e+02 6.3175603910758e+03 9.8966426706748e+01
6.9842607404025e+01 4.9981440827750e+03 9.1189177624179e+01
-5.6952005775062e+01 6.8496483480761e+03 9.0586919334652e+01
1.6963180353393e+02 5.5302441263532e+03 -9.4128749850260e+01
3.8070145630710e+02 5.7638087009864e+03 9.3587764143443e+01
2.4751482168149e+02 8.6486353657359e+03 8.9309151735763e+01
-1.5323955415431e+01 8.3087148117756e+03 8.9363473024904e+01
-7.0933602102738e+01 6.2459603656831e+03 -8.8917047263718e+01
8.1785435988860e+01 5.1593445632192e+03 8.8848121465742e+01
-1.3680238068226e+02 1.1029369654949e+04 8.8962981770346e+01
9.1083368715603e+01 9.2180436163741e+03 9.1222932516812e+01
2.7190194343110e+01 6.9514396082163e+03 9.0246517300890e+01
1.2868239691616e+02 4.9363806943867e+03 -9.0077527447193e+01
-2.4770967619489e+02 6.9964975276156e+03 9.1369788245344e+01
-2.1328776372212e+02 5.1381946813888e+03 8.9411331085990e+01
-3.6708987809837e+02 4.9697241612746e+03 -9.0032085297976e+01
1.0013851958579e+02 7.8933447922658e+03 8.9758811693248e+01
2.1714151057517e+02 7.4896626244945e+03 1.3328411016924e+01
9.6449252607762e-02 4.4925001993213e+03 8.8953308224754e+01
5.5108993460382e+01 8.6042085457294e+03 8.8153294668893e+01
-2.5596301051445e+02 8.4196664269946e+03 9.2354247373186e+01
-8.2132428809044e+01 8.3646411834052e+03 9.1069095102415e+01
1.3151562048028e+02 8.4779421082055e+03 8.9671160596554e+01
1.3691670709986e+01 8.0853130085135e+03 9.0911872287749e+01
-1.5299041816634e+02 6.5164664815854e+03 8.8005990681022e+01
1.9514999514889e+02 5.5157993837515e+03 8.8273299495240e+01
-2.0527344764990e+02 7.6105293599277e+03 9.1184644825042e+01
2.0231003082470e+02 6.6864436590255e+03 -1.0683735914153e+02
-1.7871571687180e+00 6.6947723007948e+03 9.4196332804292e+01
1.3404238640275e+01 8.2858541634860e+03 9.1771295881343e+01
1.7728432510402e+02 5.4583699071412e+03 9.1372541690680e+01
6.8000765250295e+01 1.0160599499002e+04 8.2967430921640e+01
-2.2105773937167e+02 5.8703794740161e+03 9.1432662012427e+01
-1.1853505221303e+02 5.7006509177907e+03 9.1603390954191e+01
2.2704751547320e+02 8.0657241388686e+03 9.0760537822439e+01
-1.7184045726835e+02 7.6531155100101e+03 9.1268329779464e+01
-2.3792270309592e+00 7.4044869830222e+03 8.8207548568587e+01
-5.1252768137537e+01 4.7008055235792e+03 9.2898394482429e+01
1.0667659175713e+01 1.0016636761147e+04 9.3258946337672e+01
-2.1835267057872e+02 6.5720266800900e+03 9.4297528179618e+01
4.7094347959395e+01 6.7531933709614e+03 9.0866006284843e+01
-5.7400637792080e+01 7.6188966897172e+03 8.9124176259343e+01
-1.7190886944964e+01 6.0208407318762e+03 9.0506316255166e+01
9.4146111513289e+01 6.3542522945719e+03 9.2129727249271e+01
-1.2002524366912e+02 6.2591495440887e+03 -9.0425093001843e+01
1.8826233766938e+02 4.6106988558061e+03 8.1636636194267e+01
-3.8471029594219e+01 6.1451852423368e+03 9.0375675728737e+01
-1.5995838238269e+01 1.1897434294064e+03 1.1444858547562e+02
-4.4043826799047e+02 8.9830529940095e+03 8.9980497906618e+01
-2.0227381354449e+02 1.0348696619269e+04 9.1742440687832e+01
-1.0895061473296e+02 8.3481407432366e+03 9.6674055549842e+01
-7.1165714440894e+01 5.7549834737211e+03 9.0683684289818e+01
1.8854613573159e+02 5.1728218121597e+03 -9.0138147783694e+01
3.5464253774658e+01 7.5328417983005e+03 9.0711864978922e+01
-8.3346720621827e+01 5.1838836230158e+03 9.1680885772873e+01
1.2976142408736e+02 5.1164461639116e+03 9.2176668347696e+01
-4.2018100263553e+01 5.6290966507304e+03 -1.0721517797484e+02
-8.8254294018706e+01 4.4603315933077e+03 -9.0761950901964e+01
1.7016803657389e+02 1.1879262135101e+04 9.3994946222900e+01
3.6981468852819e+02 7.0907820908403e+03 9.0076673159911e+01
-9.0714395421403e+01 6.2061791004778e+03 -1.2654330428343e+02
-1.6207388753255e+02 5.6974007999191e+03 8.8575168176653e+01
-2.5446949136520e+02 6.9452062525182e+03 9.0274430815381e+01
5.4987448381486e+02 4.6596976446366e+03 8.9633065536281e+01
1.5686119901785e+02 5.8070538599621e+03 9.1105597236606e+01
-1.3001135994939e+02 4.0051456784213e+03 -8.9055182723075e+01
2.6092215717197e+02 5.5966025565455e+03 9.0677319965584e+01
3.2542393650734e+02 7.2755259950861e+03 -1.0700461092010e+02
1.2037408365008e+01 3.6346785082069e+03 9.3768457828895e+01
3.4907730816676e+02 3.9475915954673e+03 -9.1721875541084e+01
1.7534882389237e+02 6.7430301019992e+03 -9.2249241298006e+01
-8.3746727290295e+01 7.0925440499784e+03 8.9881990158429e+01
-2.0741000268147e+02 1.1350717402494e+04 9.0162276916205e+01
2.4009178718023e+02 5.5963875499414e+03 8.7006354190189e+01
8.5484799875905e+01 7.2209967279236e+03 9.6990887284275e+01
-2.5840115135521e+00 8.6730394106889e+03 9.1370626408345e+01
-8.9271751435999e+00 1.0158897486454e+04 9.1242123310041e+01
2.2405340732385e+01 8.7347972170365e+03 9.1077126816692e+01
-1.2331323360560e+02 8.5985811417954e+03 8.7794461148243e+01
8.7112035064597e+01 9.3670219638819e+03 -8.7141004754074e+01
-4.7070298190647e+02 9.4487251057909e+03 9.0108467180760e+01
2.3223591756081e+01 7.1326237249978e+03 8.9819848158642e+01
2.0182675653224e+02 2.0956681736328e+03 -8.8649146707754e+01
2.3440135171652e+01 5.2649939762921e+03 8.8429838994951e+01
-2.9022110121731e+01 7.7633359774848e+03 8.6917257598241e+01
-1.2740433727667e+02 8.4551112950372e+03 9.1187919769041e+01
2.3840304364204e+01 6.7590348549541e+03 1.4121813516938e+02
4.2144651705645e+01 8.9513549890970e+03 9.1640379960033e+01
-1.0921811094016e+02 8.3287192366523e+03 9.0097360348633e+01
9.5237935368267e+00 6.2143350264648e+03 9.1491863093918e+01
-6.1586512963351e+01 5.9615253806520e+03 9.5353093894602e+01
-9.3078184350327e+01 8.0934432608624e+03 9.3034185190903e+01
-1.9547250833456e+02 4.8575961535309e+03 8.5305899611104e+01
-6.4992112583428e+00 5.8814595979706e+03 -4.2333951690607e+01
1.0854255784484e+02 5.9026592042826e+03 8.9809888755007e+01
2.2476631804719e+02 1.0182082540215e+04 8.9273551961053e+01
1.4535647030766e+02 7.2076191997457e+03 9.0344394880334e+01
-1.9787276977131e+02 6.1991154966938e+03 8.9672863132090e+01
2.9209531164890e+02 5.2651898730836e+03 8.7102150392022e+01
1.6990968904595e+02 5.6386445767565e+03 9.5621815406842e+01
2.9298280851266e+02 5.3409191943468e+03 9.8605558821277e+01
2.8310129427202e+01 6.3560288309796e+03 -9.0151261503643e+01
2.6201470264546e+01 7.1954366186734e+03 1.0257137156323e+02
4.5231040316446e+01 7.0948668475842e+03 9.4596520168195e+01
3.5377606098378e+01 9.4920659819499e+03 9.0749113006482e+01
-9.6946124445606e+01 5.8867544482491e+03 9.0587801734978e+01
1.9498503187000e+02 7.4453895342921e+03 -9.4107795321331e+01
1.6302819056678e+02 3.2094345698786e+03 7.0815738709646e+01
6.1163339023936e+01 8.8331239407273e+03 9.7630939628819e+01
-1.2011447811197e+01 9.3156033068595e+03 8.8767109196550e+01
-7.6984685377402e+01 4.4374945393777e+03 9.0215484556833e+01
2.3319022303945e+02 5.6428393731193e+03 9.2772647123082e+01
2.3993987946216e+01 6.9521985043352e+03 8.9538687284805e+01
-1.1470374645665e+02 8.2714817859912e+03 9.2494218986764e+01
-1.8247027720253e+02 6.3896548834262e+03 8.9667639214660e+01
7.0817051118479e+01 2.4467120615678e+03 7.8576952786988e+01
-5.0791006504053e+00 6.7398378020906e+03 9.1383763279511e+01
-2.2126766459562e+02 3.4063930145895e+03 1.0833681120622e+02
-6.3594519728324e+01 1.0063044734217e+04 9.5898850499785e+01
-1.5637309699925e+02 5.0463205103081e+03 9.1878453292095e+01
1.6697720128396e+02 8.2186400009312e+03 9.1704691455654e+01
3.6147029297108e+02 9.1198781347201e+03 8.9389150747311e+01
5.6120078381492e+01 3.9737532478496e+03 8.9945722798789e+01
