3.9566928280744e+04 -1.1909410842819e+02 1.7774389025662e+02
3.2641351528642e+04 1.2184746376814e+03 -1.6774174247243e+02
3.3560456987064e+04 1.9674761414726e+03 1.4296791686125e+02
3.5686993891691e+04 -2.2600857804523e+02 -6.4156090993861e+01
3.3626289892357e+04 9.8273168433168e+00 -9.5372217389069e+01
3.4101775973005e+04 1.8284900809525e+03 -5.3662654889548e+01
3.4288679082607e+04 2.5502897599071e+03 2.2624864611347e+01
3.5816039499050e+04 2.0330965354866e+03 1.6019312784418e+02
3.4585267959598e+04 2.4910980962771e+03 1.1481562990667e+02
3.4688534981222e+04 1.4204968958309e+03 -1.6357825445770e+02
3.2850236929027e+04 1.3435062728547e+03 1.7657975777696e+02
3.6508496022283e+04 1.4270195973077e+03 1.0069515926371e+02
3.5864269028178e+04 3.9344460009716e+03 1.5491326024283e+02
4.2545593564102e+04 3.1032751446473e+03 6.6035696842621e+01
4.2726643814400e+04 1.3129877749481e+03 -1.4081248790481e+02
3.7904233508226e+04 2.1119413870426e+03 -3.2897341755728e+01
3.7652806861914e+04 1.4388212717186e+03 -1.0436822745333e+02
3.8747528511861e+04 1.7006456113459e+03 1.5982670733979e+02
3.8651808008042e+04 1.6474139882062e+03 1.6549125443877e+02
3.8774456257176e+04 1.8446429428365e+03 1.3255516488362e+02
3.8980883514441e+04 9.4340245683500e+01 -1.4872542476063e+02
3.7151665453866e+04 4.6889267556421e+02 -8.0969756919653e+01
3.6780822620051e+04 1.1690639578857e+03 -5.4785265293573e+00
3.6487526334427e+04 1.3172706663735e+03 1.9161431750392e+01
2.7557460548703e+04 2.7912130148398e+03 -9.9177641199463e+01
3.2609530440045e+04 4.2952423577519e+02 -6.9133518587469e+01
3.2146662892343e+04 1.1122824186345e+03 1.4195851394577e+02
3.2012558004559e+04 3.1803810168640e+02 -1.2619297546031e+02
3.1721794382938e+04 7.9757384325956e+02 -1.0658080787282e+01
3.0040566867110e+04 1.5779431442655e+03 1.4980051986585e+02
2.9953943006742e+04 1.2391910686623e+03 1.6826131565166e+02
2.7419500854034e+04 8.7835032116216e+02 1.5581674974739e+02
2.5075297602270e+04 1.7491144322923e+03 1.5648462155040e+02
2.5240167989324e+04 1.2831327252471e+03 -1.7085012030036e+02
2.1830347647413e+04 3.9943291270331e+03 1.3939933540725e+02
2.5069649017082e+04 1.7994933543956e+03 1.7008402536529e+02
2.5901761066998e+04 1.6823959157346e+03 1.5461635007098e+02
2.7932591053717e+04 1.3761380465030e+03 3.3878574092343e+01
2.5734083879800e+04 6.3559422013009e+02 -9.6382704708641e+01
2.6507989520375e+04 5.2702152445119e+02 -9.4703419224920e+01
2.7013330374009e+04 4.0535173257822e+02 -6.0947545779294e+01
2.5029478300631e+04 1.1600784009465e+02 -6.0380046399446e+01
2.4565060821174e+04 1.1900630396974e+03 -4.0444972616962e+00
2.2622497608711e+04 2.5064627902377e+03 1.3919780244500e+02
2.3693336118070e+04 2.6321922131344e+03 9.3052461742054e+01
2.8637280841928e+04 7.9235900609739e+02 1.6398985180737e+02
2.8847312745769e+04 1.2512632075157e+03 6.4319992688820e+01
2.8669800043382e+04 9.0795225552969e+02 -1.1840643230490e+02
2.7260433915427e+04 1.6765117749956e+03 -1.5500282963070e+02
2.9307401428230e+04 1.0220669727408e+03 -9.4566173211740e+00
2.9842500655403e+04 7.1935196906293e+02 1.5058761574439e+02
3.3313125974623e+04 -1.3301543898983e+02 -1.7765321214489e+02
3.4380123716229e+04 -3.3862088761999e+02 -1.4879019576323e+02
3.2305124969419e+04 9.6983955296743e+02 -9.0398496375026e+01
3.1230376353733e+04 2.3809966966193e+03 1.1990090310519e+02
3.1752302914938e+04 2.7453438150905e+03 8.3764157870569e+01
3.2211740721918e+04 2.3561724605222e+03 1.5867389535313e+02
3.3923471426429e+04 1.5331950656032e+03 1.7815708048218e+02
2.8256282432573e+04 3.0654824906457e+03 1.4673485638302e+02
2.9671276575277e+04 1.9233600475888e+03 1.5492494647247e+02
3.0313619881729e+04 1.9252008174514e+03 1.3288419873164e+02
2.8709249229731e+04 1.3313043637336e+03 1.7750212117056e+02
3.1464543558014e+04 1.9513458396739e+03 -8.3489221679471e+00
2.9240210696036e+04 2.3992167871122e+03 1.6666837610854e+02
3.0153577135692e+04 7.1910737861276e+02 -3.7683492952015e+01
3.4555501434408e+04 1.6168705122358e+03 -2.4395752821697e+01
3.1118450573153e+04 1.0500176608632e+03 -1.5980736062506e+02
3.3457907781048e+04 1.1253240086466e+03 -1.3748755756736e+02
3.2118409541997e+04 1.6868989072435e+03 1.6416852881997e+02
3.1570328879838e+04 1.8660551195133e+03 7.3397877217927e+01
3.1512346608644e+04 2.8604952955528e+03 6.3103308810738e+01
3.2263653248810e+04 2.9108008027220e+03 2.1783930686963e+01
2.8819791953229e+04 1.2736703495931e+03 1.1767531994126e+02
2.7208658641467e+04 1.6761409530646e+03 1.5415673640694e+02
2.4056983342882e+04 3.1523777379712e+03 1.7895725817277e+02
2.7747131712837e+04 9.1661406810442e+02 -6.1632584647089e+01
2.7236207012524e+04 1.2021423627145e+03 1.6092843612921e+02
2.7882130251407e+04 -1.6731586889755e+02 -7.6887732989518e+01
2.8170225913962e+04 1.6386296617815e+03 -1.5200582633729e+02
2.9865751452861e+04 1.8857359711738e+03 -5.8278755164212e+01
2.8640196595106e+04 2.9232844451614e+03 1.4204569520837e+02
2.8175135491314e+04 4.2295177686070e+02 -1.5043792503450e+02
2.9887577292541e+04 1.6737403769916e+03 7.1299255623524e+01
2.6122053682533e+04 8.8505218347351e+02 1.7893690003204e+02
2.4883931376805e+04 -1.0706451416675e+02 -7.2065003901775e+01
2.2488577365551e+04 1.5895490865976e+03 1.2838257817309e+02
2.2660149410008e+04 4.6048511712616e+02 -9.3737730115565e+01
2.3051549530335e+04 2.5926571352228e+03 1.7469226002966e+02
2.5472899749373e+04 2.6630568593813e+03 1.4410658366770e+02
2.5648820153894e+04 2.3611396930238e+03 -1.3064542813359e+01
2.4226772594137e+04 1.3785462367073e+03 -1.3430725634265e+02
2.4469594719263e+04 1.8495402186047e+02 -1.3883099200715e+02
2.8917620034449e+04 5.1746793124881e+02 -3.7856687250827e+01
2.8309865281425e+04 7.9785159533861e+02 1.7136801579858e+02
2.6173585982693e+04 1.1867531866465e+03 -4.5837037117167e+01
2.8381480758427e+04 9.4226069723273e+02 1.6192600093100e+02
2.3461763881130e+04 2.0468535657867e+03 1.5525010379445e+02
2.7881935286788e+04 8.4822385956820e+02 -3.1926226206950e+01
2.5155045296721e+04 2.0986997119052e+03 1.7124963918594e+02
2.6010383779253e+04 1.9713077356391e+03 -9.9276447788629e+01
2.3325602330219e+04 1.9198615550090e+03 1.4229947816240e+02
2.4151997318715e+04 1.0637640659117e+03 -1.3826012231017e+02
2.7829734613371e+04 1.0466088720835e+03 1.1540868467554e+01
2.6836136881607e+04 6.6328610188522e+02 -1.4473118001391e+02
2.8753660174181e+04 1.9019919175573e+02 -4.9551274349393e+01
2.9356995465389e+04 3.1299630086037e+02 -6.3069299812716e+01
2.8136490584874e+04 1.3078335660219e+03 -1.6511550565375e+02
2.7294770565078e+04 1.4925469116956e+03 1.4934486684193e+02
1.8743382387363e+04 1.4129159309089e+03 -3.4392593715639e+01
1.9640929658382e+04 8.4671550625283e+02 -1.0017484386596e+02
1.7722320283973e+04 7.7274210843393e+02 -7.3963176235908e+01
1.6318828826153e+04 1.6296485218831e+03 1.3643732297540e+02
1.6467332575801e+04 1.7112248603683e+03 1.0898622937488e+02
1.8313081740589e+04 2.0831104371158e+03 1.3361739939816e+02
3.0395978670344e+04 1.6601392337701e+03 1.2118397334943e+02
3.1075540728418e+04 1.4075291203262e+03 5.5012733078561e+01
2.5392491126631e+04 2.1227468724168e+03 1.4803410725089e+02
2.9561416209047e+04 1.7121531116441e+03 6.2871808248568e+01
2.8624868791388e+04 2.1807483247135e+03 1.3148115312876e+02
2.8609302167566e+04 2.2006102480381e+03 1.3649439157220e+02
2.6797594319720e+04 9.4637577373945e+02 1.4392965995457e+02
2.6744567728395e+04 9.3454232892300e+02 1.4953120388568e+02
2.6433058129684e+04 7.5181126284598e+02 -2.3531334807701e+01
2.7336442759861e+04 6.4630237307239e+02 1.4209502549403e+02
2.9116288906289e+04 2.9192781953736e+03 1.5352154657169e+01
2.7979812942466e+04 5.2217883711775e+02 1.6720464133127e+02
2.7503809051784e+04 2.3988118554131e+03 1.4360502611538e+02
2.8169087301108e+04 1.7094667338137e+03 -9.1492865213200e+01
2.7873777265441e+04 7.2381766472251e+02 -3.1403089787842e+01
2.6223168882306e+04 1.5184196168349e+03 1.5910767140747e+02
2.6057221809066e+04 3.6824308944273e+02 -1.5384045146595e+02
2.7376930396158e+04 1.8911535749967e+03 -3.4016760568522e+01
2.6305070693172e+04 1.3518821898323e+03 -4.0773564842442e+01
2.3362849063571e+04 1.0561575394297e+03 -1.7648666372426e+02
2.4303738312647e+04 1.0288512750500e+03 -5.6295710059367e+00
2.4088376495486e+04 2.6468617517031e+03 5.1988146032058e+01
2.4799028718107e+04 1.1107219577150e+03 -1.2259946747307e+02
2.4427498437938e+04 7.4808504143687e+01 1.6051224007054e+02
2.1420531385535e+04 1.9591182673933e+03 1.1524681815396e+02
2.2164999486997e+04 1.2768243830113e+03 9.6095079852064e+00
2.9305548433973e+04 2.2728234601966e+03 1.4708734332869e+02
3.0383931927453e+04 1.4562190749574e+03 -5.6494503432814e+01
2.8430751870689e+04 3.2609597871378e+03 1.2996823992210e+02
2.9732443975673e+04 2.5300700524225e+03 1.0795728804878e+02
3.1827260489410e+04 1.4236145215359e+03 -6.4414547269713e+01
3.0652704523047e+04 2.8015037279093e+03 1.4547643904947e+02
3.2187180842911e+04 2.0088351724878e+03 1.1363322567176e+02
3.2455928517788e+04 4.3334424324544e+03 9.8044253487420e+01
3.6077587187042e+04 8.0725138998071e+02 1.2168026058637e+02
3.3743855875351e+04 2.1724856197883e+03 2.5495337796343e+01
3.2602341780333e+04 1.5685893407717e+03 -1.1503690093903e+02
3.4006923602712e+04 6.6318386204619e+02 1.2949130634696e+02
3.4205144218150e+04 9.4274429315974e+01 -9.3639931919157e+01
3.3749346322043e+04 -1.1755456611821e+02 -1.3260521252134e+02
2.9513535249834e+04 2.8380658254796e+03 1.6308928645676e+02
3.5462491754675e+04 1.1723297412722e+03 1.1297981106121e+02
3.1600977166801e+04 2.2868738879433e+03 -1.2746721576519e+02
3.4377734012623e+04 1.6133353311332e+03 -1.7623878603614e+01
3.4526697343712e+04 1.4582446599632e+03 -2.3225509850396e+01
3.5532799336575e+04 3.2112888341054e+02 7.1769813578091e+00
3.5496097955058e+04 4.6350860103933e+02 1.7046554588280e+02
3.2749508880816e+04 1.7296561960922e+03 1.1290010967280e+01
3.3154463226553e+04 1.8461936905332e+03 -2.5820959752327e+01
3.0736953264136e+04 3.4417835383854e+03 1.4400567317315e+02
3.2512094619607e+04 2.9110780055820e+03 1.1475928062793e+02
3.4344944037673e+04 1.1993503826134e+03 -1.7499503230952e+01
2.8031500954480e+04 1.3895356645815e+03 -1.2910190863951e+02
3.3278889233862e+04 4.5329027666342e+02 1.6952904615781e+02
3.1652270366056e+04 1.5747594186469e+03 -2.6700842899658e+01
3.1244767871791e+04 2.9180486944023e+03 1.6522395138570e+02
3.3811250219292e+04 8.7172170192902e+02 -1.9221595847204e+01
3.2454610850496e+04 1.0763428769260e+03 -1.6082751133195e+02
3.2916881039983e+04 1.4956982577887e+03 1.1947423039699e+02
3.1336764914596e+04 2.6313513786558e+03 2.3013138746380e+01
2.9314535327656e+04 6.6412198545444e+01 -7.4954038778786e+01
2.8215322124373e+04 1.2754403763629e+03 1.7360077584300e+02
2.8138416999941e+04 1.2626449101266e+03 1.7505979045818e+02
2.8333596011570e+04 1.2942574037182e+03 -7.2380721102720e+01
2.9331918860430e+04 1.1910161356297e+03 -4.4718040570252e+01
2.9068590010212e+04 2.1095040878504e+03 1.6813552764769e+02
2.4589179881539e+04 1.4591402584760e+03 1.5406269783757e+02
2.4091394186639e+04 1.1597724306049e+03 1.7738888835496e+02
2.7081815556140e+04 9.3836281719898e+02 -3.0839310809443e+01
3.2479249875985e+04 6.8420516525460e+02 1.5934064578635e+01
2.7940048250904e+04 2.0346353286391e+03 1.4465878403246e+02
2.6957502313461e+04 6.8425333920446e+01 1.5127160985687e+02
2.4151274075565e+04 1.7431890150513e+03 1.3891690062714e+02
2.2549135055628e+04 3.2553439127503e+02 1.7828843224570e+02
2.3956437639092e+04 1.3650195862432e+03 5.6805498231370e+01
2.4342545599635e+04 2.7030155405962e+03 2.1405524211437e+01
2.4092757273851e+04 1.6509428188504e+03 1.6016117383138e+02
2.4420027887223e+04 1.3241683674943e+03 -1.7835144046624e+02
2.5721452297275e+04 1.4956377847848e+03 3.3481235430890e+01
2.3365644933954e+04 1.7470593950084e+03 1.4978366312082e+02
2.4108377431433e+04 1.2574361476135e+03 -5.3697613504349e+01
2.4065428043185e+04 1.0008609056221e+03 1.6311814492563e+02
1.8394524260106e+04 1.1374427914896e+03 -1.4437612301194e+02
2.2464900894996e+04 1.8721907523373e+03 -9.8299491845749e+01
3.6441347513945e+04 3.3249212161771e+03 9.6901186148757e+01
3.5919791628862e+04 3.1436723394206e+03 1.7574286241460e+02
3.5629790347353e+04 2.7532887002264e+03 -1.6018346271912e+02
3.4831486587672e+04 2.5053043343037e+03 -5.5783758529919e+01
3.5410454143715e+04 2.8000918197977e+03 1.6849139962192e+02
3.6087154961408e+04 1.6027097022830e+03 -6.1652619578608e+01
3.7991338682841e+04 6.7235458159875e+02 -1.3523837404004e+01
3.6515374371109e+04 8.1954134637755e+01 -1.3917037184999e+02
3.4123163384651e+04 3.9647401096047e+03 1.3914573238793e+02
3.7422279587442e+04 7.3751373955578e+02 -4.5789835790365e+01
3.5664184594490e+04 1.9300420751691e+03 1.6982897227122e+02
3.2828096550076e+04 1.5196831411365e+03 -1.5234721785395e+02
2.8326468339882e+04 1.9090793696436e+03 -8.9350513831766e+00
3.0080682301009e+04 1.7304427941470e+03 1.6381567409356e+02
3.0611765476571e+04 1.9125897567385e+03 7.8142171886765e+01
2.6268771674600e+04 6.7977287653396e+02 1.5274062898700e+02
2.5388801470657e+04 2.2621192548602e+03 -1.7975537842449e+02
2.3551897883617e+04 2.8297581991702e+03 1.7141483354097e+02
3.6178351260655e+04 2.1092258841727e+03 1.4480106236668e+02
3.6847917892755e+04 6.7108957177162e+02 1.7905711312141e+02
3.5046897268056e+04 2.2473247863746e+03 8.6290129237410e+01
3.4205648253966e+04 3.4122138388150e+03 1.2088099141075e+02
3.1793507257870e+04 2.4005366953518e+03 1.7423442967847e+02
3.3156104786830e+04 6.3476312868845e+02 -4.4945145130772e+01
3.7747086817771e+04 1.9442085486366e+03 1.6343789496234e+01
3.5595733264719e+04 2.2150299200322e+03 1.4205139018127e+02
3.6136129218519e+04 1.8475356823532e+03 1.5473380050348e+02
3.6500212745936e+04 2.3343948553717e+03 1.1232203340845e+02
3.6589886080166e+04 2.1714391921575e+03 -1.4606000168359e+02
3.5373143338676e+04 2.5175582307173e+03 1.6528366418283e+02
3.9183860619157e+04 5.4304298545239e+02 -8.8508535893041e+01
3.0743541491154e+04 2.2139996827335e+03 1.5683262228627e+02
3.5509972439294e+04 1.0764254743312e+03 -3.7271321238389e+01
3.4840360068595e+04 1.6476466492946e+03 3.2573270786127e+00
3.5523598705908e+04 -2.1050071876263e+02 -1.2127216115940e+02
3.4909548712028e+04 1.4406520371116e+03 1.4967659375195e+02
3.8063238896223e+04 -1.0404109075912e+01 -1.2636714190134e+01
3.5544796567544e+04 5.8890591467601e+02 1.6637815840467e+02
3.5070867005635e+04 2.5015705522985e+03 3.7788726110702e+01
3.4531663771195e+04 1.0428813811910e+03 -1.2657003659125e+02
3.5064704156351e+04 2.1244828967972e+03 7.7445657235787e+01
3.4235033096556e+04 2.8251685972239e+03 1.3583047077646e+02
3.5212562291508e+04 2.3649362907585e+03 7.3210561213217e+01
3.2758223429263e+04 5.7563583069624e+02 -3.2672914699631e+01
3.0542733586798e+04 1.5906283786514e+03 1.5854567514470e+02
3.2000408976282e+04 7.6333368754143e+02 1.1432466624584e+01
3.4164413875945e+04 3.2492554870132e+03 -6.3900472379103e+01
3.1919711834251e+04 2.4196071986261e+03 -3.3711965670527e+01
3.2410570557304e+04 1.6549848377205e+03 -1.7113437860609e+02
3.2657877206114e+04 1.9924535726350e+03 1.5769609726914e+02
3.3373505528145e+04 2.7603514441724e+03 7.8839841127231e+01
3.3495735336235e+04 1.4164418551572e+03 -6.8936103118561e+00
3.3537026022540e+04 1.1352902494031e+03 -5.5309505726398e+01
3.4279775471690e+04 1.7308602110036e+03 -3.2957370990883e+01
3.5181972176426e+04 1.5629741904493e+03 -1.3642986320134e+02
3.5507562424442e+04 5.2828980638822e+02 -1.3567931169995e+01
3.2754055614284e+04 2.1501381991641e+03 -1.3322998400745e+02
3.3792936820593e+04 1.8219454390123e+03 -3.1183359874445e+01
3.2665798303369e+04 3.2252508971251e+03 1.0502630168778e+02
3.3584214340559e+04 2.5279455348847e+03 -1.1534960640537e+01
3.2973001599881e+04 1.8564128099296e+03 9.1502134366464e+01
3.3476801498865e+04 1.0003752314799e+03 1.0072424851384e+02
3.5191134021130e+04 2.2807871369297e+03 3.7336287982421e+01
3.3540564273527e+04 2.7506554753680e+03 1.4340198910302e+02
3.1411737897841e+04 2.5577797777582e+03 1.6746726051337e+02
2.9804650849015e+04 2.7286770961406e+03 4.0834442903428e+01
2.9466852963754e+04 2.8093928628516e+03 1.7022186856568e+02
2.4488366452250e+04 9.1242288576578e+02 -1.4702714234490e+02
2.6764689008724e+04 8.5561062797663e+02 1.2322064809639e+02
2.3212040384457e+04 2.1842180643281e+03 -1.3871118660363e+02
2.3189357461268e+04 7.3857837738584e+02 1.6586787257063e+02
2.3986401077884e+04 5.5918146882610e+02 9.8899269008242e+01
2.6939467625559e+04 -1.3832199802694e+02 -4.0075390776497e+01
2.5827645108841e+04 2.0250603034540e+02 -1.2471009617881e+02
2.7744690982064e+04 1.0015383721483e+03 4.7912548599218e+00
2.3316775629257e+04 1.0960824645752e+03 1.6818590576904e+02
2.2679290246752e+04 1.6743001224766e+03 6.9274822141558e+01
2.3800981202010e+04 1.3947345489893e+03 1.6889469696477e+02
2.5677154768779e+04 1.2369649303343e+03 -3.9478571563473e+01
2.4701683715951e+04 1.4926309723739e+03 -1.6312291690985e+02
2.4385901704861e+04 2.1492297085632e+03 1.3111367924181e+02
2.3826788959600e+04 1.3863790636740e+03 1.7609971816544e+02
2.5049987766627e+04 6.5066858317962e+02 -6.2687819029102e+01
2.8288126260964e+04 2.2243600543062e+03 1.0628862058146e+02
2.7603223175576e+04 2.0285912827976e+03 1.3118837915936e+02
2.7484261302545e+04 1.9176456539131e+03 1.4436814062235e+02
2.6241950525623e+04 1.5596418834218e+03 1.7819491997980e+02
2.8752029273284e+04 9.4244587949106e+02 -3.9124942559619e+01
2.5427521910394e+04 2.6445616629504e+03 1.7930377822035e+02
2.7645063868976e+04 2.0643836238142e+03 3.1011954302462e+01
2.6806873909919e+04 1.6162721713517e+03 -1.6745571362164e+02
2.7857165241917e+04 7.3629622438753e+02 6.6864389292986e-01
2.5568346904176e+04 3.5371838607245e+03 1.2431786459904e+02
2.8408828267910e+04 2.4907141184724e+03 -1.7173696172369e+01
2.8249175084401e+04 1.7522410718494e+03 1.6638931235744e+02
2.9115545827582e+04 1.3491770844398e+03 1.5792104200283e+02
3.0072146641051e+04 1.6740541252327e+03 4.0742016785423e+01
2.7345534523575e+04 1.8094429325161e+03 3.0064724946425e+01
3.0931144315638e+04 1.3382285001547e+03 2.6721256121572e+01
2.4699348614316e+04 2.9438704163809e+03 1.7684094625018e+02
2.6922358361649e+04 2.6349610611427e+03 1.5706677977771e+02
2.7051746815456e+04 1.7679834446670e+03 -1.7801113686860e+02
2.8530488702526e+04 2.8041222668340e+03 2.3530988607357e+01
2.7286902606391e+04 1.2836522299951e+03 9.9050676974585e+00
3.1795725165427e+04 1.3780260477084e+03 -7.7172235138133e+01
3.2883411875836e+04 1.2517238558636e+03 -6.7209104370685e+00
3.0295259942719e+04 1.8752920163882e+03 1.6228307684880e+02
3.2049018834639e+04 3.2979190841889e+03 1.4061556088220e+02
3.2582828586085e+04 5.1334022859424e+02 -7.9704482282882e+01
3.1925602414704e+04 1.1351185431789e+03 -1.7445999340697e+02
3.3996240992461e+04 3.1369638403533e+02 -3.4778784377732e+01
3.0149125556066e+04 3.6688733616686e+03 1.5622750649754e+02
3.3549905051368e+04 2.3255077624278e+03 -1.6424573484339e+02
3.4836263265748e+04 1.5979049860383e+03 3.9439618915772e+01
3.0803385879860e+04 2.3733973388006e+03 1.4973076707206e+02
3.2891170712947e+04 2.6838608932187e+03 1.1925588967092e+02
3.2221139625395e+04 2.3250265588386e+03 1.3571348537284e+02
3.4796676085566e+04 7.5113379112910e+02 -1.7859054713978e+02
3.5118264101484e+04 1.2333553691483e+03 1.5281009096865e+02
3.3826391761423e+04 2.4792661454271e+03 1.4188611643409e+02
3.1818063294871e+04 3.6203669287713e+03 7.6016762260560e+01
3.3685088285093e+04 1.3071474848731e+03 -1.6292782343665e+02
3.3554311156811e+04 1.6204274962443e+03 1.7354455161520e+02
3.1914898884483e+04 1.4783340640601e+03 9.7849820642512e+00
2.9834320140681e+04 2.9465974937415e+03 1.2662805124709e+02
2.9774895595620e+04 3.0889438438200e+03 1.5263089833844e+02
3.4460012410957e+04 2.4099672471930e+03 1.0896320799184e+02
3.3816052099071e+04 1.1567934470625e+03 6.5148354993875e+01
3.4171321383063e+04 9.9330182673310e+02 1.4203849576443e+01
2.8824591977582e+04 3.6397105092498e+03 1.0217325697920e+02
2.7435195168066e+04 3.2858935117136e+03 1.5927060719170e+02
3.2035244720289e+04 1.0589135704944e+03 1.4956373677257e+02
2.9572357716475e+04 3.3430579745090e+03 -6.6190875850435e+01
3.4765928461305e+04 1.9377363717392e+03 -2.2146812090901e+01
3.3484127417388e+04 7.0182028176988e+02 -7.3462290911166e-01
3.3340074631877e+04 9.1617299301748e+02 3.8028265967905e+01
2.8835883411924e+04 2.3779530392446e+03 1.5016912545360e+02
3.3634728315560e+04 1.0044349660810e+03 1.6819322678911e+02
3.3623981339603e+04 1.0922857225034e+03 1.6144328147716e+02
3.3816047370922e+04 7.2553740685657e+02 -3.9783012314770e+01
3.3699905288033e+04 1.2793285767699e+03 1.3838710597541e+02
3.4032917842071e+04 8.7350723970032e+02 1.6740090205377e+02
3.0839487031208e+04 7.7495376703804e+02 -8.3497633916053e+01
2.9940035394209e+04 2.2121802194224e+03 1.5115154881216e+02
2.9942342794550e+04 2.1223253004675e+03 1.5459128889821e+02
3.0089226475635e+04 2.0273261783375e+03 1.6498216233194e+02
3.0292386348263e+04 2.4859333919606e+03 1.5446321915922e+02
3.2133800147431e+04 2.3542897446067e+03 1.1637599899333e+02
3.2185245005750e+04 1.9711287254482e+03 1.3612651604342e+02
3.1176515070501e+04 2.0875610948800e+03 1.4770797093560e+02
3.1392699945694e+04 2.1789459536636e+03 1.3449827980471e+02
3.1326814006917e+04 1.6593202813656e+03 3.5347439917704e+01
3.4084518059036e+04 8.9733383663100e+02 -2.5042247955147e+01
3.2918182504351e+04 1.4454589046932e+03 1.5220919715534e+02
3.0818280513752e+04 2.2292546349824e+03 1.5933951238920e+02
2.6589003864382e+04 2.2024254810653e+03 -1.5599158630996e+02
2.5713251006504e+04 2.2899249576292e+03 -1.6154988922082e+02
3.2879404303387e+04 2.4079148870350e+03 7.7031554215758e+01
3.4264599441387e+04 1.3465678773200e+03 -4.3282764149698e+01
3.3856730363962e+04 1.8793682365811e+03 -7.0082330566897e+00
3.3697938047950e+04 2.3560664593751e+03 -6.9018200331681e+01
2.9964900623837e+04 2.0236519700158e+03 1.6199113298288e+02
2.9562774832685e+04 2.3474806412243e+03 1.6690656699342e+02
2.9757005136694e+04 2.4453339542545e+03 1.3910619338928e+02
2.9410958044089e+04 2.0790019721220e+03 1.6936781766517e+02
2.9049886434432e+04 1.9989229833742e+03 1.6271632958436e+02
3.0275494715429e+04 1.5722708252468e+03 -3.8004691392417e+01
3.6125807896635e+04 1.1698228611526e+03 1.6861220103341e+02
3.4791189887471e+04 3.5268813659744e+03 8.3791195390398e+01
3.3533259095620e+04 3.4108726182531e+03 1.5436645786803e+02
3.3500196614038e+04 9.2748287875523e+02 -9.0875980038725e+01
3.2741509637078e+04 9.2226322952668e+02 -1.4160161526257e+02
3.3953666750952e+04 1.7534662929228e+03 1.7138223584301e+02
3.3862218294013e+04 1.5736659964282e+03 -1.7339885373503e+02
3.7703875724231e+04 1.3767644869806e+03 1.5478899288477e+01
3.2351184835178e+04 2.7125285560798e+03 1.1340820751221e+02
3.4145182900730e+04 1.2835905381922e+03 -1.6674558489798e+02
3.6577095798703e+04 2.2876440993396e+03 1.4723581153179e+02
3.7651186647574e+04 2.5514424833872e+03 1.3589334022446e+02
3.6962954759149e+04 2.4202754251156e+03 1.7126006050700e+02
3.4623612000992e+04 1.9476414445150e+03 1.7005714794993e+02
3.7487002671699e+04 8.9570250823677e+02 -7.0581326176696e+01
3.5821727072326e+04 2.2007356099584e+03 -1.7591833836624e+02
3.4896562124369e+04 3.2543129305619e+03 1.7694430267442e+02
3.0261816051805e+04 1.9153110893807e+03 -9.6982180079359e+01
2.9296517962650e+04 2.5182082941390e+03 1.4527327153129e+02
2.8686778363125e+04 1.7730537620172e+03 -1.5980556876863e+02
3.2824452992306e+04 2.3760535720492e+03 5.5066071362803e+01
3.2302189343691e+04 1.9316579007319e+03 -5.2413800740503e+01
3.0111836834325e+04 2.2111569876652e+03 1.3383793563305e+02
3.0353284771244e+04 2.8195346250250e+03 1.1802602801094e+02
3.5652437550625e+04 1.1261337283212e+03 1.7195448799123e+02
3.6821341608100e+04 -2.7407785266305e+02 -4.1460752167354e+01
3.2022882288880e+04 2.9803852087207e+03 1.1999145397318e+02
3.2389731940882e+04 2.0481470870978e+03 1.3757516741981e+02
4.2287998819509e+04 1.6752479794533e+03 1.3253331988695e+01
4.1268216304788e+04 1.8179378910352e+03 1.5064916090343e+02
3.9352479654787e+04 3.2917429104201e+03 1.7459468385203e+02
3.7257443219175e+04 1.3943224586869e+03 -8.0667161100080e+01
4.3590610853327e+04 1.5414857130641e+03 8.8149080421804e+00
4.3672228884331e+04 9.9716119355048e+02 -1.7272022283273e+02
4.2868449576518e+04 1.9010221868124e+03 1.5087314767624e+02
4.2376218379699e+04 1.0420567800231e+03 3.5869810182568e+01
4.3707419722595e+04 1.1064762278391e+03 -1.0591199413884e+01
4.0468255244274e+04 5.8015227049288e+02 -1.5225478751896e+02
3.6508727388920e+04 1.6832552116041e+03 -1.4867598617437e+02
3.3980980966881e+04 1.3766055149594e+03 -4.6462447878963e+01
3.2928876932995e+04 1.9442308389080e+03 1.6375860057601e+02
3.6949117905206e+04 1.0395601230070e+02 -5.4286673589163e+01
3.4876083899243e+04 1.4545269638507e+03 1.5055995373960e+02
3.6289922075333e+04 2.1245792431617e+03 1.5152436144332e+02
3.7743755753562e+04 1.6684325969184e+03 -1.2768716310773e+01
2.9860499652801e+04 2.9205127023273e+03 1.1319087259817e+02
3.4895902403952e+04 -6.2848899764110e+02 -3.5220504703281e+01
3.3498449849373e+04 2.1561473768141e+03 1.1626686826021e+02
3.4165694281969e+04 2.0393148736208e+02 1.6010283359745e+02
2.9629394319373e+04 1.8523916401867e+03 1.5337401243717e+02
3.2540041198855e+04 7.7236786290913e+02 1.6719211430748e+02
3.2663924821715e+04 1.4816172034996e+03 4.8153540938311e+01
2.8097787502060e+04 1.0484292475994e+03 -4.4929994503135e+01
2.4460295698340e+04 1.9257881018957e+03 1.6614994434248e+02
2.3650619678152e+04 2.0445788064307e+03 1.6819274385415e+02
2.6808581222223e+04 1.2328443522642e+03 -6.1868058424812e+01
2.5983157196387e+04 1.3524416312423e+03 8.9235912144826e+01
2.5562784124689e+04 2.3990108625882e+03 1.2733519910492e+02
2.7207508673125e+04 4.9154526722985e+02 1.2380647044267e+02
2.6776947507442e+04 4.5895610195797e+02 1.6167616201120e+02
2.2494917008317e+04 2.2324343144636e+03 1.0800834997477e+02
2.5530550149744e+04 4.8223813165813e+02 6.4014309396311e+01
2.5494727663929e+04 8.3910576275932e+01 -8.3478321272612e+01
2.9905520278762e+04 1.9095555595714e+03 1.5547925455213e+02
3.1478804657115e+04 -4.1195655090639e+02 -2.3801014303473e+01
2.7533932624785e+04 2.8807254149708e+03 1.4745603114414e+02
3.1259047533276e+04 2.8044958435860e+03 8.3694047828312e+01
3.0689088948672e+04 2.1964453599445e+03 1.7504711376233e+02
2.7971384892955e+04 1.9353429294005e+03 1.7741789285580e+02
3.0989022873885e+04 2.7259665020934e+03 1.1053102630686e+02
3.1721959789498e+04 1.9774683537318e+03 6.3255461129903e+01
3.1191240476251e+04 1.2186038117153e+03 -1.6278140299738e+02
3.1144903445863e+04 1.2369366130250e+03 -8.9148143932283e+01
3.0510005627771e+04 1.3610718987966e+03 -7.5183274411051e+01
3.1083650150390e+04 1.4984441470108e+03 -1.7023010588118e+01
3.1334260265046e+04 2.4707436423746e+03 1.4910881209186e+02
3.1556915685054e+04 2.6793708812944e+03 1.2703609603667e+02
3.4397761667994e+04 2.1266634654408e+03 -1.1695959932973e+02
3.7712111451425e+04 1.7130985024229e+03 -2.2540389069292e+01
3.1397055895764e+04 3.8934308869336e+03 1.4846837506519e+02
3.3138904785179e+04 1.4792290777733e+03 1.6713248171817e+02
3.3162394261027e+04 3.2486558074114e+03 1.6631220998844e+02
3.0908867634295e+04 3.8455624979447e+03 1.4435577583647e+02
3.3578799268884e+04 1.9278325442666e+03 1.6603906027840e+02
3.1553070561841e+04 4.2031420182050e+03 1.1316315868737e+02
2.8424757602903e+04 1.1382840420086e+03 -9.5746474690196e+01
2.8980681528668e+04 1.0004589879869e+03 -3.2178448426957e+01
2.8839319157045e+04 7.0057097502289e+02 1.3769072152046e+02
3.2855051716622e+04 1.6253119782581e+03 -2.5532751098508e+01
2.9086999494600e+04 2.7832092544829e+03 1.3292655612383e+02
2.8724096680577e+04 1.9979096216803e+03 1.5210293180005e+02
2.8843522032121e+04 2.3302750344620e+03 1.3813692099641e+02
2.8394910269697e+04 2.6631453883311e+02 -1.1594325044346e+02
3.3658874192956e+04 2.7105695504960e+03 3.3834936832325e+01
3.5362300387684e+04 7.0471781742407e+02 -9.3592850318790e+01
3.0168131697312e+04 3.5269447730935e+02 -5.3280476338773e+01
2.9747279093011e+04 6.1105020916782e+02 -1.7942336352198e+02
3.1575453698090e+04 7.0386540086035e+02 -3.4029008256386e+01
3.0857015538027e+04 1.2045008484796e+03 1.1780556780449e+02
3.1787131823862e+04 1.4199266970823e+02 -7.1624492709923e+01
2.8452462544056e+04 9.8649366519211e+02 -9.0446101078524e+01
2.6787847654280e+04 2.0158633839257e+03 1.5895623924733e+02
2.9426057899559e+04 9.5381298650117e+02 -5.7716122406982e+01
2.8588269903672e+04 9.1259987196786e+02 -1.4332494586761e+02
2.3658589371428e+04 2.1755093004606e+03 -6.9392310113881e+01
2.5721508966128e+04 1.9180069685149e+03 1.3735095911179e+02
2.7008073728683e+04 1.9831338651875e+02 -1.4281065535495e+01
2.4833555194293e+04 7.4232096761518e+02 1.6666300485428e+02
2.6527003608429e+04 7.3047701419111e+02 -4.2740796742666e+01
2.6286144341926e+04 1.2637987541637e+03 5.9230438583872e+01
2.6901153018464e+04 7.8570037213361e+02 1.3970878855857e+02
2.5263205023658e+04 1.8874210531387e+03 -5.0955463845000e+01
2.8467460297389e+04 -4.2539988763174e+02 -2.7470564774299e+01
2.7859825743261e+04 -4.5892631170608e+02 -4.9193260329219e+01
2.8743519812363e+04 1.9367152190057e+03 3.0842450306795e+01
2.5854811815161e+04 2.4252460609774e+03 1.2514200922794e+02
2.6950985869012e+04 1.2267324485322e+03 -4.1653626851843e+01
2.6667713650289e+04 2.9596009900221e+03 1.4012542883670e+02
2.5514547345662e+04 2.0105142922729e+03 -1.3536617244231e+02
2.6368303918065e+04 1.3448241064904e+03 -6.6885491425714e+01
2.6255237799505e+04 1.3062738490419e+03 -9.2957876763242e+01
2.4972261154736e+04 1.7249054299139e+03 1.5309064113484e+02
2.3521820556294e+04 1.3439113383151e+03 -2.4452848431245e+01
2.1829305459447e+04 1.4457783531567e+03 -1.5851253791612e+02
2.3054422881920e+04 1.9393121485279e+03 1.3692466677149e+02
2.2870475442531e+04 7.4574884007562e+02 1.6320276755991e+02
2.3348222983838e+04 1.4064514512479e+02 -8.7733796704007e+01
2.5596607740705e+04 -1.0398050482465e+02 -6.6404325003045e+01
2.4189080643181e+04 3.2954056606614e+03 1.2278494032151e+02
2.4205761132571e+04 2.3170181363122e+03 1.7412535424681e+02
2.3879385688138e+04 1.4884534690907e+03 1.2632077948938e+02
2.6374881060763e+04 9.8059444247944e+02 -1.9575839921396e+01
2.2305308552806e+04 1.3728792437218e+03 1.5372173150573e+02
2.3598415993323e+04 1.2824360121330e+03 1.2058203978904e+01
2.3788564853795e+04 2.4066581520234e+03 6.9425811143372e+01
