6.1367293156413e+04 3.2620868795836e+04 1.0560941895327e+02
6.2789159873072e+04 3.3208741124662e+04 -5.4942222283757e+01
6.1299931719420e+04 3.3018523793816e+04 9.8419025041294e+01
6.1726153467107e+04 3.2837722701358e+04 -1.1203610127904e+02
6.2037623541509e+04 3.3078641697620e+04 4.4024590173959e+01
6.1479442643626e+04 3.2956171661460e+04 1.5633646706955e+02
6.1429996247848e+04 3.2471796122206e+04 -6.8599716397018e+00
6.1200142558333e+04 3.2564461718050e+04 -1.6683689500658e+02
6.1825622717395e+04 3.3185036702005e+04 1.6121565020070e+02
6.1872072634386e+04 3.3145793530406e+04 1.6569486317460e+02
6.1581333345981e+04 3.2380714274196e+04 6.5359872352288e+01
6.1590514800566e+04 3.2250503794487e+04 1.4966318125063e+01
6.1373834121926e+04 3.2103363867304e+04 -3.0061764490138e+00
6.0240008303305e+04 3.2867412014899e+04 1.1520806232388e+02
5.9793842094286e+04 3.2514489301949e+04 -1.6510401536275e+01
6.0532296926161e+04 3.3495073591540e+04 -3.2398763164296e+01
6.0401724762352e+04 3.3964955338994e+04 1.4205296703433e+02
6.0963647733261e+04 3.3483742526409e+04 -4.1218510973241e+01
5.9033462861084e+04 3.3834418690940e+04 -1.2770320703361e+01
6.0326650082466e+04 3.3901399755978e+04 -2.8274368031406e+01
6.0438210834087e+04 3.4070789049658e+04 -3.8169685941664e+01
6.0395729569435e+04 3.4257209046991e+04 8.6074910544229e+00
6.1506431072403e+04 3.3828608376136e+04 -7.6621564439951e+01
6.0834326735210e+04 3.3803994995124e+04 4.5539779915077e+01
5.9851575262579e+04 3.3995504384813e+04 1.6997047327863e+02
6.0018677322334e+04 3.4100360177130e+04 6.8344790038758e+01
5.9978468524866e+04 3.4764875959466e+04 1.6555639316203e+02
5.9917623525011e+04 3.4812761938462e+04 1.4907680958202e+02
6.0250805085202e+04 3.4553240204997e+04 -4.0363592013354e+01
6.0273003417038e+04 3.4219081732318e+04 -4.7292110590654e+00
5.9819013937946e+04 3.4137204779436e+04 7.1374909711456e+00
5.8637599708727e+04 3.4104717300353e+04 9.0519171461018e+01
5.8407680762393e+04 3.3787628440509e+04 1.6701261299279e+02
5.9780826551217e+04 3.3595242888641e+04 -1.7900713936670e+02
6.0081377219774e+04 3.3610895233469e+04 3.8403754769174e+00
6.1421282235351e+04 3.4399391992884e+04 1.5652445338733e+02
5.9765315750903e+04 3.4710928366242e+04 1.1315636932262e+02
5.9716690474023e+04 3.4819646483725e+04 1.1368515993934e+02
6.0081422811509e+04 3.4598310346196e+04 -5.5803602907306e+00
6.2699946715047e+04 3.2984825431586e+04 -3.2101199452107e+01
6.1191120135603e+04 3.3830894578951e+04 1.1863135106408e+02
6.1799523317621e+04 3.4569886890015e+04 -3.4228702876123e+01
5.9568156778320e+04 3.4702187870824e+04 -3.2303280097520e+01
5.9183552498713e+04 3.5069668285184e+04 1.0925184665703e+02
5.8818229073611e+04 3.4920238105479e+04 1.1985204370621e+02
5.7838379928880e+04 3.4673290560988e+04 -5.2371373182307e+01
5.8196982581713e+04 3.4609272153939e+04 -2.4125549701319e+01
5.8005837337772e+04 3.4799406938701e+04 1.5743637784677e+02
5.8102780764949e+04 3.4866768859897e+04 -1.7716386697081e+02
5.7771904589119e+04 3.4770591032065e+04 -3.6996984334191e+01
5.7439830945538e+04 3.5056782370647e+04 -1.4442064349330e+01
5.8572963566490e+04 3.4923914059712e+04 -2.7766768946387e+01
5.9861923520872e+04 3.4697728355084e+04 1.0488666779441e+02
6.0190962729651e+04 3.4465489760675e+04 -2.1512784813186e+01
5.9910985666675e+04 3.4587852494234e+04 1.1264989561417e+01
6.0032533210972e+04 3.4668561162724e+04 2.7072466295889e+01
5.9150087966846e+04 3.4594259348750e+04 -2.8133315499740e+01
5.8770030381731e+04 3.4974811639176e+04 1.0638885654243e+02
5.8400962913449e+04 3.4950715997257e+04 6.9068075894016e+01
5.8383982096149e+04 3.4738845728129e+04 -3.5366247080662e+00
6.1583979769600e+04 3.3435417087484e+04 -2.0280072731701e+01
6.0702844139363e+04 3.5420588635455e+04 5.0995347115831e+01
5.8866126933658e+04 3.4607081554618e+04 -3.6454185692009e+01
5.9043823991372e+04 3.5007713011679e+04 1.5388146778875e+02
5.9472580143134e+04 3.4874548598664e+04 -6.1715823922381e+00
6.2505824474210e+04 3.4081435459061e+04 -1.4529555875100e+01
6.1263320277218e+04 3.4437437231642e+04 1.5175926943599e+02
6.2234010723692e+04 3.3587354583740e+04 -1.0024690610898e+01
6.0389060073538e+04 3.3615827101377e+04 1.3173699632312e+02
5.4288591384654e+04 3.3877512524147e+04 -1.5545577690534e+02
5.5607580288965e+04 3.4648789918567e+04 -2.4732087482238e+01
5.5795141722691e+04 3.4547123211701e+04 -2.6428593379654e+01
5.5317207202703e+04 3.4927853509322e+04 1.1342856689710e+02
5.4214834489275e+04 3.4031412698908e+04 -3.3237148759354e+01
5.2913883704231e+04 3.3064723624700e+04 1.7926606188629e+02
5.5520930116185e+04 3.3934112212138e+04 2.4245631218052e+01
5.5188482068264e+04 3.3768464779777e+04 -1.6242723543842e+02
5.5138692930274e+04 3.3928792779751e+04 -1.7363145730361e+01
5.4976020866444e+04 3.4152251292651e+04 3.7510168365362e+01
5.3045747618192e+04 3.4004531801684e+04 -4.8261188626785e+01
5.2221377217235e+04 3.4277144031249e+04 -1.7679604258006e+01
5.1688322290001e+04 3.4661408002600e+04 1.2978992807867e+02
5.3147444168382e+04 3.4175445722379e+04 -1.1923576124893e+02
5.3348623367473e+04 3.4172881879262e+04 3.1420990029785e+00
5.4059698596615e+04 3.3918865428150e+04 1.7145824630744e+01
5.4049367761954e+04 3.4106877771966e+04 5.5063567542202e+01
5.3851247050468e+04 3.3901387886617e+04 -1.3270295390414e+02
5.4137910532938e+04 3.3902371739359e+04 -3.5311209773744e+01
5.4010170472654e+04 3.4070729265517e+04 2.5070867966303e+01
5.4574606314308e+04 3.4289567119133e+04 1.1747118873266e+02
5.3809562777064e+04 3.3575952649567e+04 -2.2595161379387e+01
5.7334932489852e+04 3.4217237936774e+04 -2.1091663918349e+01
5.6862769410347e+04 3.4100674931355e+04 -3.5083585586854e+01
5.6867473893323e+04 3.4104683285508e+04 -3.3837791142212e+01
5.7391626865911e+04 3.4315175351712e+04 9.6143688549635e-01
5.6904888941110e+04 3.4221420559980e+04 6.9106440831550e+00
5.7062188754278e+04 3.4065585650600e+04 -2.2474993167501e+01
5.6355831643855e+04 3.4606045266388e+04 3.4131432414870e+01
5.6851027888314e+04 3.4191349716627e+04 -3.8390491139285e+01
5.6415782485442e+04 3.4465906009919e+04 1.3555099304325e+02
5.7050701305596e+04 3.4014489002072e+04 -2.7129319141781e+01
5.5027160479291e+04 3.4199413655411e+04 -8.3772491423048e+01
5.5501356186508e+04 3.4323313512823e+04 1.3540337976478e+02
5.5729217797262e+04 3.4292208622795e+04 1.1842678242528e+01
5.6128872199473e+04 3.4165736103913e+04 -3.5326865101711e+01
5.5959371802548e+04 3.4444742843868e+04 6.9079208062290e+01
5.3483031527678e+04 3.4936360391112e+04 4.7760224155869e+01
5.4832070356929e+04 3.4604327062308e+04 4.3915202296647e+00
5.5685429834462e+04 3.4078116330732e+04 -7.9990078042005e+00
5.5282048571130e+04 3.4390775008340e+04 1.0320711662712e+02
5.5134550474387e+04 3.4130330888497e+04 -7.6119206083120e+01
5.4775398121968e+04 3.2491826206794e+04 -4.3339818534014e+01
5.9152927290043e+04 3.3769134660267e+04 -4.2453843680873e+01
5.9052455859609e+04 3.4596817172636e+04 -2.2405803941410e+01
5.8544927928890e+04 3.4770640693178e+04 1.2317226089147e+02
5.8362641888112e+04 3.4274829405603e+04 3.2648871446123e+01
5.6773670429609e+04 3.4714468548089e+04 8.1292712302809e+01
5.6628570353485e+04 3.4781825373439e+04 1.1264621018488e+02
5.7434967927312e+04 3.4467682552749e+04 -1.9223703727395e+01
5.6653738564424e+04 3.3685424197003e+04 -4.9891518770229e+01
5.6375642498647e+04 3.3332503209951e+04 -4.9593883570400e+01
6.2967604816784e+04 3.2361756375718e+04 -7.8780269607378e+01
6.3169050740544e+04 3.2274295824388e+04 -4.4146744554900e+01
5.5874170792193e+04 3.3597869692520e+04 2.4400271407774e+01
5.7092949609049e+04 3.4342551903306e+04 1.7751355534316e+01
6.0690078011404e+04 3.3300677541809e+04 2.8428622145226e+01
5.7583011436698e+04 3.3706797218829e+04 1.4082121153477e+02
5.7446150222506e+04 3.3848677407648e+04 -3.1011500701848e+01
5.7749443418073e+04 3.3645835293388e+04 -1.6888801142670e+01
5.5269884439265e+04 3.4406821843317e+04 1.3131656047416e-01
5.5288824040494e+04 3.3986727895331e+04 -5.0275873493305e+01
5.4994256452885e+04 3.4167632571094e+04 -5.3227463218382e+01
5.4797417824388e+04 3.4041211619488e+04 -4.2454776015659e+01
5.4689662703852e+04 3.4308521785951e+04 -1.0779122874821e+01
5.5128443283692e+04 3.3589673292341e+04 -3.9493908981981e+01
6.2190295231814e+04 3.3585965767575e+04 1.4020943040439e+02
6.0373344829505e+04 3.3857180290286e+04 -8.7813509031422e+01
6.0420966254172e+04 3.3893820745520e+04 -1.9695423805974e+01
5.9994089224695e+04 3.4303354321629e+04 1.3110017382547e+02
5.7350527632838e+04 3.4533066084921e+04 -5.7189896956104e+01
5.7921156645468e+04 3.4713915598058e+04 -8.6943242495313e+00
5.7711183831358e+04 3.4976884346613e+04 9.7641055554661e+01
5.7632556918724e+04 3.4787851356979e+04 1.5705952228032e+02
5.6781261233760e+04 3.4753096649243e+04 -1.4796158043465e+01
5.6443634057683e+04 3.4863775648506e+04 1.5000710628648e+02
5.6230103107801e+04 3.5099034701670e+04 1.3667542624503e+02
5.5988416369732e+04 3.4304616305254e+04 -3.1821280995661e+01
5.6094603781645e+04 3.4671230907974e+04 1.5450498215874e+02
5.6541421447153e+04 3.4426807675202e+04 -3.4075095969098e+01
5.5580521591299e+04 3.5383717598984e+04 -1.2080349314216e+02
5.6016148320870e+04 3.5161151471191e+04 1.4971351086578e+02
5.9214790749027e+04 3.3553393100850e+04 4.6951392660481e+01
5.5905606158249e+04 3.4327848060831e+04 -9.5153252632169e+01
6.0705603399791e+04 3.4604072199216e+04 -1.2449750999288e+01
6.0617786070953e+04 3.4640148394163e+04 -1.0552306169928e+01
6.2883882695476e+04 3.4211158823697e+04 5.9203070494763e+01
6.2803363491021e+04 3.3694851251900e+04 -7.8186897958542e+01
5.9780444158270e+04 3.4935905325962e+04 1.3950969222920e+01
5.9592372573121e+04 3.4996099493681e+04 4.2523746880733e+01
5.8683361539026e+04 3.4581900528675e+04 -3.7687291197859e+01
5.6964257552809e+04 3.4629442723856e+04 1.4285437515822e+02
5.6903097373686e+04 3.4670510132346e+04 2.8393960180054e+01
6.1660142958791e+04 3.4036356793555e+04 3.6149451130918e+01
6.1268435047605e+04 3.4041900658564e+04 1.3895580553699e+02
6.1826280870274e+04 3.3833902975539e+04 -3.2828819575875e+01
6.0740954852394e+04 3.3907928192493e+04 7.2502057937762e+01
6.2012651933714e+04 3.3888521763179e+04 1.1392997555322e+00
5.9617122295379e+04 3.3398483728512e+04 -2.8910997997352e+01
6.1007618811238e+04 3.3196888923556e+04 -6.7123652425147e+01
6.0958410853989e+04 3.3373427739270e+04 -5.8617451197651e+01
6.0348975656860e+04 3.4313566918343e+04 -7.9764327977997e+01
6.1786734610639e+04 3.3740754892044e+04 1.6052209315163e+02
6.2130343105702e+04 3.4035284617349e+04 -1.3482395577345e+01
5.9519832320661e+04 3.3819185960520e+04 -2.3578192069122e+01
6.0347836497254e+04 3.3984094289261e+04 -3.3569636313115e+00
6.2936045930054e+04 3.4423113072163e+04 3.4128454574008e+01
6.1965174764266e+04 3.5052787160914e+04 -6.6878066584465e+00
6.1845426915721e+04 3.4449855256683e+04 -6.1875875607712e+01
6.1008209601525e+04 3.4668954977631e+04 -3.3524395558329e+01
6.1368032960422e+04 3.4455582375241e+04 -3.1889465596542e+01
6.0388883495683e+04 3.4428486459559e+04 -2.9405660309651e+01
6.2296271174205e+04 3.4578092616601e+04 1.2385447683796e+01
6.1485127075559e+04 3.4674661378151e+04 -1.1759725799191e+02
5.9692300267389e+04 3.4321792206462e+04 -6.1909573302571e+01
5.8133291734462e+04 3.3901798682735e+04 -2.0581243446713e+01
5.5818786866164e+04 3.5126984400160e+04 1.2436796081773e+02
5.6376807392045e+04 3.4929618210319e+04 2.1281580975277e+01
5.6107748739247e+04 3.4935478802563e+04 7.2766781861707e+01
5.6819977518890e+04 3.4603005431065e+04 3.8887249427658e+00
5.6646905096511e+04 3.4450508907208e+04 -5.7196537891041e+01
5.5611405355061e+04 3.4562591175081e+04 1.2091942804490e+02
5.5940345894896e+04 3.4053892842304e+04 -5.6027374200152e+01
5.7156408417408e+04 3.4128985415819e+04 -1.7738386643901e+01
5.6988056446023e+04 3.4258712194042e+04 1.3341836406825e+02
5.6872238618643e+04 3.4081982182487e+04 -1.4127238113296e+01
5.9664805802475e+04 3.3117396150141e+04 -5.9640530137347e+01
5.9457214338396e+04 3.3342573019098e+04 1.2387533280288e+02
5.9318656653845e+04 3.3638085966292e+04 -6.5306582344781e+01
6.1811086657319e+04 3.3452609874934e+04 1.5692465283374e+02
6.1144015424098e+04 3.3110393882104e+04 -4.5964563327706e+01
6.1782052866185e+04 3.3815317429486e+04 7.8266859122313e+01
5.9513798392342e+04 3.4182126978370e+04 -2.5264947790226e+01
5.8701920088656e+04 3.4416717591745e+04 1.2176339212125e+00
6.0083743488548e+04 3.4345705512513e+04 -2.2481951885927e+01
5.9875134660935e+04 3.4431563922537e+04 -2.2541538113829e+01
6.0390677867753e+04 3.4210475020205e+04 3.2179012123241e+01
6.0455406926304e+04 3.4019329130465e+04 -5.4295525842194e+01
5.7943594636518e+04 3.4590911326563e+04 -1.9012374126022e+01
5.7929721206436e+04 3.4838731457974e+04 2.4690305010440e+01
5.8204950796357e+04 3.4657518677138e+04 9.8083862611058e+01
5.9015929997382e+04 3.4412301419078e+04 -7.9242479890611e+01
5.9529718515812e+04 3.4372720992547e+04 -2.2706983974017e+01
5.9265534956650e+04 3.4508526844088e+04 -3.2222702932572e+01
5.9240457884782e+04 3.4698708001988e+04 2.8748263000199e+01
6.0597592799207e+04 3.4424294637331e+04 1.5630559873915e+02
6.0867753731956e+04 3.4564164992472e+04 7.8343022548693e+01
6.1018446065453e+04 3.4245526068198e+04 1.6559350673620e+02
6.1855937877926e+04 3.4552079536338e+04 1.4612621974018e+02
6.1220831064961e+04 3.4582512480114e+04 1.5473627893180e+02
6.1294506478319e+04 3.4772783476895e+04 1.0256983282467e+02
6.1540084921976e+04 3.4432487676110e+04 -2.5105611831921e+01
6.0625632850659e+04 3.4148851582582e+04 -3.9356070191056e+01
6.1398279929745e+04 3.4197545930572e+04 2.6397259346628e+01
6.0997689957938e+04 3.4638636958949e+04 -2.7991250451603e+01
6.1418209834183e+04 3.4381845735086e+04 -2.9986167680057e+01
6.1840536237595e+04 3.4467682362245e+04 -6.1790751505832e+01
6.1867885449976e+04 3.4604881633799e+04 6.8778689268028e+00
6.1782808897125e+04 3.4414824950164e+04 -9.6235660970610e+01
6.1173448086062e+04 3.4995784442198e+04 1.5609906628091e+01
6.1520163553383e+04 3.4871019110707e+04 -1.9059477497462e+01
6.2128430636623e+04 3.4579214649411e+04 -1.6991198747656e+01
6.2361493586217e+04 3.4430839161490e+04 7.0320634469541e+01
6.1972262380552e+04 3.4429103177321e+04 -4.0344016138195e+01
6.1567642463252e+04 3.4838623330006e+04 -2.3172853247780e+01
6.3939797350980e+04 3.4853355903325e+04 -1.9865602020009e+01
6.2833421528220e+04 3.3782602667449e+04 -1.2589082498415e+01
6.1691641709324e+04 3.4157241084168e+04 -9.1995318917105e+01
5.8446733713663e+04 3.4624564990820e+04 -2.8203354717973e+01
6.1710905641232e+04 3.3963490675044e+04 -9.2018071560342e+00
6.1461681737014e+04 3.3624331114078e+04 1.1046550971419e+02
5.5329401117866e+04 3.3792859038484e+04 1.4237729410492e+02
6.1956554984299e+04 3.3886050299251e+04 -1.7814981169175e+02
5.8762136911643e+04 3.5095083870962e+04 -3.3390870094328e+00
5.7949864270249e+04 3.4567706958232e+04 -1.5603101472377e+02
5.7516645430958e+04 3.4804183216688e+04 7.3303730080417e+01
5.8513893943965e+04 3.4423743065527e+04 -6.3777925774111e+01
5.9767096010257e+04 3.5092159902574e+04 4.8943959382499e+01
6.0193211598593e+04 3.4996851277908e+04 -5.3709424890937e+00
5.9773020795290e+04 3.4545073739317e+04 -4.9207739005485e+00
6.0539279534011e+04 3.4465943681336e+04 8.0651404121477e+00
6.0725966211139e+04 3.3767948375257e+04 -1.9397151511436e+01
6.0212281899085e+04 3.4174236709222e+04 -1.1827520309048e+01
6.3202334638028e+04 3.3390842181849e+04 -3.1965550942943e+01
6.2356090721877e+04 3.4005829483823e+04 -6.6173618126251e+00
6.0194816912421e+04 3.4283273936407e+04 1.3664093851952e+02
6.0718117923844e+04 3.3743575436026e+04 -4.8147014651671e+01
6.0443867201589e+04 3.3898026293285e+04 -3.1065193866433e+01
6.0670442521461e+04 3.3862984613385e+04 -1.1185326326377e+01
6.1654948482348e+04 3.3826596900954e+04 -1.1350384925302e+01
6.3551449923901e+04 3.3319163310882e+04 -9.0096192731653e+01
6.2708505479490e+04 3.3205567632881e+04 -2.3072664093935e+01
6.2130288108357e+04 3.3491615038946e+04 -2.5508330289812e+01
6.1050995241422e+04 3.3465053708799e+04 -5.3611522600851e+01
6.1092465845464e+04 3.3486649685697e+04 -4.1164260312133e+01
6.0735476854888e+04 3.3822137700134e+04 1.3517985279182e+02
6.1075097251621e+04 3.3478339542503e+04 -4.6054940110149e+01
6.0932860720883e+04 3.4475081084320e+04 1.2742433002538e+02
6.0899691419046e+04 3.4410466661757e+04 1.4465542251951e+02
6.2052905293665e+04 3.4065234588929e+04 1.9896157688451e+00
5.9794459281803e+04 3.4345329514281e+04 -2.9984173694451e+01
5.8527754538259e+04 3.4033615942338e+04 3.3988943843666e+00
5.8865321372372e+04 3.3800697445256e+04 -2.2790640137360e+01
5.9474069425620e+04 3.3312253159651e+04 -1.4292928018599e+02
6.1444819710623e+04 3.4467633022418e+04 1.5714489581222e+02
6.2235392564914e+04 3.4789861863795e+04 1.2841791135807e+02
6.1753546135184e+04 3.4326149905336e+04 -5.2610622503008e+00
5.9916082681802e+04 3.5181664995517e+04 6.5720700651136e+01
6.1401377418813e+04 3.3354888148582e+04 -5.9620994756771e+01
6.1390956991935e+04 3.3602919040896e+04 1.4032252982381e+02
6.1879179573399e+04 3.3187268891677e+04 -2.5257640332205e+01
6.1304286599367e+04 3.3405989945551e+04 -4.9012154741452e+01
6.3183119414322e+04 3.3557967131211e+04 9.8299198764419e+00
5.8748354421823e+04 3.5028700238963e+04 1.7247602726314e+02
5.9680186063109e+04 3.4610060475220e+04 -2.5999351877083e+01
5.9252842371459e+04 3.4611444838677e+04 -1.1282756565844e+02
6.0666648297004e+04 3.4683800650527e+04 -2.3591214955680e+01
6.0493161308956e+04 3.4155908256122e+04 -1.6625699039297e+01
6.0457208960148e+04 3.4130079092326e+04 -2.4628993330621e+01
6.0756140988913e+04 3.4626210994945e+04 -2.2107463387800e+01
6.0169832189571e+04 3.4733529375518e+04 1.7829010336560e+02
6.0703383696293e+04 3.4858875193379e+04 1.4326662403367e+02
6.0687178405960e+04 3.4850564745542e+04 1.4836448204874e+02
5.7375669216539e+04 3.5522428618210e+04 7.8382690401276e+01
5.7921304129532e+04 3.5014274926329e+04 -3.1898747966300e+01
5.7635587929688e+04 3.5348746205789e+04 1.6787425727208e+02
5.6485037864609e+04 3.5432854497846e+04 -1.7739179094775e+02
6.1972243178747e+04 3.2669852460283e+04 -1.0880769353801e+01
6.2192756899643e+04 3.2535233381933e+04 -4.7100149199080e+01
5.9908740139246e+04 3.4707041725060e+04 1.0541681208518e+02
6.1623657053808e+04 3.3796114225334e+04 1.3043472047006e+02
6.0820517319492e+04 3.3882704403265e+04 -1.1854326384223e+02
6.1384276019137e+04 3.4423639835230e+04 -1.3737977729372e+02
6.0497938042462e+04 3.4509638567156e+04 1.5163815586608e+02
6.2052096026736e+04 3.4578698971738e+04 1.7798435915738e+02
6.2630483832751e+04 3.3793110716454e+04 4.3166490604178e+01
6.1470358182015e+04 3.4728689109618e+04 -2.6812013113176e+01
6.1031161298084e+04 3.4895969982425e+04 -4.3882081971490e+01
6.1866862863772e+04 3.5053189652211e+04 1.6782106126659e+02
6.4353357007516e+04 3.4559957896067e+04 -2.6020133413367e+01
5.4569831983019e+04 3.3992378580344e+04 2.2907907963989e+01
6.1594705006618e+04 3.4770371631296e+04 1.1699942805750e+02
6.1457526805145e+04 3.4222871486206e+04 -1.5984995802750e+01
6.1254005753758e+04 3.4289420835747e+04 -1.4403821629722e+01
6.0553715994367e+04 3.4470049899694e+04 1.3929719975017e+02
6.1023601686710e+04 3.4653460459049e+04 -3.6486867485474e+01
6.1518829345704e+04 3.5274514339547e+04 1.0801277254533e+02
5.9134972329656e+04 3.4783058423775e+04 -3.1802552942873e+01
5.8757643377116e+04 3.4971030830198e+04 -1.0808997957823e+02
6.0802683462802e+04 3.5170748230729e+04 9.7008302397864e+01
6.1303129048015e+04 3.4667401112110e+04 -2.3825387937419e+01
6.0219523936810e+04 3.4955353694839e+04 1.3621996675380e+02
5.9709781082347e+04 3.4427160072713e+04 -2.9839837574181e+01
5.9674600332725e+04 3.4494524052228e+04 -1.8467310292989e+01
5.8621198742984e+04 3.4245543021366e+04 -4.3186121204459e+01
5.8617515206357e+04 3.4203934514373e+04 -4.9720528469456e+01
6.1949548547489e+04 3.4061162442013e+04 1.2975081119127e+02
6.2370443157324e+04 3.3937870056667e+04 -2.7900088404293e+01
6.1002531286979e+04 3.4499101836945e+04 -2.7485852603101e+01
6.0633200829761e+04 3.4881524014244e+04 1.2881359431718e+02
6.1584377514784e+04 3.3968961880478e+04 -3.1393028824601e+01
6.0943062670113e+04 3.4748317365467e+04 3.2702873521714e+01
6.0161342625357e+04 3.4502017590320e+04 1.2834287022548e+02
6.0469315522690e+04 3.4343593616205e+04 -4.7438800105030e+01
6.0599827985632e+04 3.4317377296504e+04 -3.7175984506036e+01
5.9025017921774e+04 3.4599700601079e+04 -2.0132543150531e+01
6.2764458719317e+04 3.3206552763948e+04 5.8986451334306e+01
6.2659458791572e+04 3.3052116945788e+04 -1.2939032097067e+02
6.1400420623991e+04 3.3422784902781e+04 5.7960347351908e+01
6.1917045532498e+04 3.4440908133887e+04 2.3739113173952e+00
6.1659374715778e+04 3.4599629257588e+04 5.6677408296469e+01
6.1842912554397e+04 3.4489216943918e+04 1.2586790507645e+02
6.1594773338903e+04 3.3789808956040e+04 1.0409973821877e+02
6.1247550605846e+04 3.3721255018722e+04 -1.6952941136148e+02
6.1729729041436e+04 3.3506538139587e+04 -4.0169913866863e+01
6.1158758541025e+04 3.3628080345429e+04 -6.8643727293693e+01
6.1231361049543e+04 3.3647701551179e+04 -1.0892693493914e+01
6.1840711935102e+04 3.3258284769504e+04 -5.9591124732818e+01
6.0683660254789e+04 3.4840257337591e+04 -1.6349335861277e+02
6.1241438105651e+04 3.4415753298748e+04 3.9442834940239e+01
6.4163273620316e+04 3.4127646747510e+04 -2.2340286636541e+01
6.2680397989234e+04 3.3479817618929e+04 8.3282015902062e+01
5.9555572787656e+04 3.5378304910465e+04 8.7089045700446e+01
5.9499455148467e+04 3.5238472409224e+04 1.2596229260344e+02
5.8046647818156e+04 3.5307889557835e+04 -1.3178825295906e+00
5.8641842346418e+04 3.5565854698454e+04 1.3576568803118e+02
5.8942135629729e+04 3.5063285752505e+04 -7.7745009675013e+01
6.0791162067669e+04 3.4097085014569e+04 -2.3327378149952e+01
6.0871172719964e+04 3.4043331021640e+04 -2.6853792869120e+01
6.1732534236378e+04 3.4773094661889e+04 -3.7530362982971e+01
6.1886660661033e+04 3.3972938701957e+04 2.1432813083319e+01
6.2895421668733e+04 3.4036181640615e+04 9.9755587472815e+01
6.2083677369588e+04 3.4107847764007e+04 8.1608957155291e+01
5.9736150984958e+04 3.4417514239576e+04 -5.0974862854001e+01
6.2248996732636e+04 3.4230065736230e+04 7.2935584601041e+01
6.1682469598100e+04 3.4237669062146e+04 1.3767479654312e+02
6.1191354355511e+04 3.4327012440556e+04 -4.8880401776125e+01
6.2273922089852e+04 3.4406593322952e+04 -2.8838372460624e+01
6.2750567426619e+04 3.4035485322007e+04 1.1879173184894e+02
5.6889055357716e+04 3.3895337910135e+04 -1.3614594284762e+01
5.6676569415683e+04 3.5004975816200e+04 4.3141864401106e+01
5.6335952435008e+04 3.4914912328709e+04 -7.3787836419878e+00
5.6854192307066e+04 3.4653473429642e+04 2.7428250939460e+01
5.6897967838143e+04 3.4767625573082e+04 5.1296153862152e+01
5.8189625672753e+04 3.4278708295646e+04 -5.0728071912687e+01
5.6466957414721e+04 3.4980747358809e+04 1.3084876483074e+02
5.7418812700112e+04 3.4166396665720e+04 1.5195513406684e+02
5.8085134091497e+04 3.3869359718769e+04 -2.0457368991304e+01
5.7831229270596e+04 3.3980461372621e+04 5.1625516445935e+01
5.6944818215685e+04 3.3915446001683e+04 2.6171595938554e+00
5.8553872357899e+04 3.4221086384689e+04 -8.5739851005533e+01
5.7725795423873e+04 3.4544614415178e+04 1.4585676884797e+02
5.7599052638713e+04 3.4554793398416e+04 1.6363693443583e+02
5.8748293654551e+04 3.4578445847774e+04 -6.5389524033978e+01
5.8611354002974e+04 3.3495640737265e+04 -5.4241822573677e+01
6.0089817871121e+04 3.3643459173801e+04 -2.3376707099865e+01
5.9573493600481e+04 3.4150169194792e+04 9.6845884880817e+01
5.5254890969457e+04 3.4869853641324e+04 1.0713063480434e+01
5.5052825183191e+04 3.3378596658277e+04 -3.7174943556528e+00
5.4240853421321e+04 3.4103913133850e+04 -5.2816993950694e+01
5.2042606581742e+04 3.3582501248070e+04 -6.0108482349128e+01
5.3908898933432e+04 3.3759867735677e+04 2.7816392380167e+01
5.3992483700499e+04 3.4088342874692e+04 -1.3132152776016e+01
5.3108062523227e+04 3.4032174080998e+04 -2.3329586454331e+01
5.4465777333513e+04 3.3695415268221e+04 -5.4421578554137e+00
5.4392991116494e+04 3.3561229802231e+04 -3.7675340278397e+01
5.5403173898284e+04 3.3567228361367e+04 -2.1400352139737e+01
5.1770202417427e+04 3.4365581856814e+04 -2.0130295975301e+01
6.3053982735975e+04 3.2311591909005e+04 1.5330464574255e+02
6.0177513126991e+04 3.4885077844633e+04 2.2795320325467e+01
6.0151203482931e+04 3.4777259960007e+04 4.2618185271767e+00
5.9983518642464e+04 3.4718613649875e+04 -2.0126425168159e+01
5.9978341122393e+04 3.4790057054291e+04 1.3099476746318e+00
6.1923371683134e+04 3.3297413155090e+04 7.5119691410322e+01
6.2700424888308e+04 3.4619881007880e+04 -2.9644462583076e+01
6.2726486706449e+04 3.4667045899963e+04 -1.7688560717375e+01
6.0813745703650e+04 3.4555491194961e+04 1.6042835950042e+02
6.1922598809681e+04 3.4509993986596e+04 -3.0369954554683e+01
6.1984600723896e+04 3.4188495947387e+04 -2.0923282690563e+01
6.0309312095000e+04 3.4621466567440e+04 -2.3698729467440e+01
6.0260538107014e+04 3.4745192393050e+04 -6.0956563078469e+00
6.0193925614404e+04 3.4614787887999e+04 -1.3302764374136e+02
6.0718314465909e+04 3.4709110312861e+04 -6.3595647660445e+00
6.1612255726975e+04 3.4752537661079e+04 1.2286642367316e+02
6.1960309910248e+04 3.3695326456369e+04 1.3841560430997e+01
6.0627749712938e+04 3.3452663070035e+04 1.4752058214433e+01
6.0664849493406e+04 3.3127815913050e+04 -4.2208265783048e+01
6.0852117037528e+04 3.3299929993954e+04 1.4665080051856e+02
6.0273093053450e+04 3.3444836867906e+04 1.2841481377211e+02
6.0829218946293e+04 3.3000991790426e+04 -3.4649189656985e+01
6.1335460504855e+04 3.3868876089851e+04 1.2677302739836e+02
6.1739969308935e+04 3.3346428790740e+04 -5.1284299253328e+01
6.1637686070160e+04 3.3647680620219e+04 2.1814801559467e+01
6.0617330542736e+04 3.3922672110177e+04 -2.6901634174894e+01
6.1565102849888e+04 3.3881400466048e+04 -2.2896482771292e+01
6.2097853711927e+04 3.4129308701315e+04 -2.0098955426480e+01
6.3209343510685e+04 3.4655922756621e+04 2.5964633715591e+01
5.9026894943126e+04 3.3287922204922e+04 -1.7845243859330e+02
6.1209493953132e+04 3.3428156420556e+04 -3.9869952765962e+01
6.1436161382636e+04 3.4620726318145e+04 8.1006314693647e+01
6.2677193658650e+04 3.4067711442474e+04 -1.3365110941166e+00
6.0833756751233e+04 3.4361747471056e+04 -1.5097288878700e+02
6.2359117649933e+04 3.4491416586769e+04 3.4674651722561e+00
6.2185264066705e+04 3.4368991534006e+04 -5.6514930263164e+01
5.9606124053121e+04 3.4872005721384e+04 3.5757264343641e+00
6.1420401175702e+04 3.4723617426113e+04 -1.0680090284753e+02
5.9427470762189e+04 3.5094716695900e+04 1.0514889018353e+02
5.9448885023893e+04 3.4264181001127e+04 1.6445198640016e+02
6.0804992389428e+04 3.3750299848934e+04 -2.7712025061353e+01
6.0399518157847e+04 3.4163954658397e+04 -1.7650431500725e+01
5.9854218464473e+04 3.4496299155236e+04 1.3613616332180e+02
5.7797976897798e+04 3.4752352875953e+04 3.4057509903070e+01
5.8692948218305e+04 3.5454443593157e+04 9.6674888967418e+01
5.8404099581049e+04 3.5564331953830e+04 1.2604485288450e+02
5.7727935770168e+04 3.5518205993858e+04 1.4090215184306e+02
5.7243824093560e+04 3.4077065275889e+04 6.2573351021644e+01
5.8059024491613e+04 3.4107388276128e+04 -2.0583909428915e+01
5.7768722267349e+04 3.4103293869466e+04 -7.7605179622290e+01
6.0334823008688e+04 3.3383851292943e+04 -1.3826943608101e+01
6.0079446056090e+04 3.4123876725949e+04 -4.1996104136411e+01
6.0219027796420e+04 3.4287233618023e+04 1.6858549765085e+01
6.0556239544949e+04 3.4164651902439e+04 -1.4916610520895e+01
6.0679329463352e+04 3.3181259461191e+04 -3.0714799456309e+01
6.3095414183620e+04 3.3743549900594e+04 -3.5432660561816e+01
6.2382764573876e+04 3.3403170604297e+04 -4.9790666686185e+01
6.1417108666185e+04 3.3782464305596e+04 6.3701429901437e+01
6.2277484078541e+04 3.4596981887642e+04 5.4963644331854e+01
6.1948278886581e+04 3.3374439996477e+04 1.6625447754887e+02
6.2264744037438e+04 3.3793998909508e+04 1.4886819631705e+02
6.0833134460724e+04 3.2916161996927e+04 1.1900337489477e+02
6.2380600204132e+04 3.4141944177932e+04 2.5431237261913e+01
6.2223839603114e+04 3.2905623284881e+04 -3.2130529424763e+01
6.3416945322766e+04 3.3290030751488e+04 -2.0681288371103e+01
6.1357005746517e+04 3.4078086863575e+04 -2.8298924871482e+01
6.1548492581649e+04 3.4037568916852e+04 -1.6295138911070e+01
5.9805718036115e+04 3.4198805495681e+04 -1.5064011077980e+01
5.9289963807170e+04 3.4422531639238e+04 1.3026292062205e+02
6.0024401693297e+04 3.4193174857420e+04 -1.9204965054545e+01
6.0654672409822e+04 3.3320010946196e+04 -2.1130575225218e+01
6.2067508900825e+04 3.2862045576030e+04 1.4254000875933e+02
5.9318830686652e+04 3.4538533077219e+04 1.4859081933951e+02
6.0275745773224e+04 3.4125223073928e+04 -5.4620403937595e+01
6.0223232749212e+04 3.4426691135261e+04 3.1340430566100e+01
6.2016388397692e+04 3.3898063882684e+04 -3.5897004348871e+01
6.1375734595463e+04 3.4055265809627e+04 -1.1894282291350e+01
6.1032173557555e+04 3.4181720392954e+04 1.6576818066752e+02
6.0967335428409e+04 3.4210586744862e+04 1.6108580889251e+02
6.1528010877806e+04 3.4136302164295e+04 -1.6539071356413e+01
6.2396868470347e+04 3.4015430300448e+04 -7.9722135578842e+01
6.0873608775147e+04 3.4793009721213e+04 1.1661474856560e+02
6.1117674058613e+04 3.4829335404008e+04 1.2163807606017e+02
6.1289994073919e+04 3.4732051725216e+04 -1.0219069302956e+01
6.1685486886685e+04 3.4236003762235e+04 -3.5783491366584e+01
6.0635839071307e+04 3.4725939801545e+04 1.2028283995354e+02
6.1333814274881e+04 3.4447321054978e+04 -1.4243030670165e+02
6.2026295832949e+04 3.2446957715791e+04 -3.2133906557874e+01
6.2206561743055e+04 3.2517352577542e+04 -1.1113006162290e+01
6.2307213701260e+04 3.2597099493836e+04 -2.0883403111282e+01
6.1711762571959e+04 3.4015245949367e+04 -4.9856878040457e+01
6.3573242314013e+04 3.3992524030708e+04 2.7196345674081e+00
6.2556545541940e+04 3.3888721338751e+04 -2.4789792489108e+01
6.1504802881073e+04 3.3892584876100e+04 -8.3983510497355e+01
6.1591330098357e+04 3.2701564607657e+04 -8.1818357139483e+01
6.1493221262825e+04 3.2836873550325e+04 -1.6772218577161e+01
6.2319315205073e+04 3.2985536405576e+04 -1.4872510227964e+01
6.0472192045972e+04 3.3760152813766e+04 -9.6849741663425e+01
6.2098882919460e+04 3.4053751982786e+04 1.4999879292132e+02
6.1924076124861e+04 3.3858610060565e+04 -5.8840106156550e+01
6.0893576369781e+04 3.4668515527371e+04 1.3431775352062e+02
6.1767764579568e+04 3.4455733611477e+04 3.0524227328368e+01
6.3925945548490e+04 3.4134432913182e+04 7.9586879949164e+01
